23 0 33 150 243
24 0 33 151 243
25 0 32 150 243
26 0 32 150 243
27 0 33 150 243
28 0 33 150 242
29 0 33 151 243
30 0 32 150 243
31 0 32 150 243
32 0 33 150 242
33 0 32 150 243
34 0 33 150 243
35 0 33 151 243
36 0 33 150 243
37 0 33 150 243
38 0 33 151 243
39 0 32 150 243
27 1 33 151 243
28 1 33 151 243
29 1 32 150 243
30 1 33 150 243
31 1 33 151 242
32 1 33 150 243
33 1 33 150 243
34 1 32 151 243
35 1 33 150 243
30 2 32 150 243
31 2 33 151 243
32 2 33 150 243
33 2 32 150 243
34 2 33 151 243
31 3 33 151 243
32 3 33 151 243
33 3 32 151 243
31 4 32 151 243
32 4 33 150 242
31 5 32 150 243
32 5 33 151 243
32 6 33 150 243
31 7 32 151 243
32 7 33 150 243
31 8 33 150 243
32 8 33 150 243
33 8 33 150 243
31 9 33 150 243
32 9 33 150 243
33 9 33 150 243
30 10 33 150 243
31 10 33 150 243
32 10 33 150 243
33 10 33 150 243
34 10 33 150 243
30 11 33 150 243
31 11 33 150 243
32 11 33 150 243
33 11 33 150 243
34 11 33 150 243
30 12 33 150 243
31 12 33 150 243
32 12 33 150 243
33 12 33 150 243
34 12 33 150 243
30 13 33 150 243
31 13 33 150 243
32 13 33 150 243
33 13 33 150 243
34 13 33 150 243
31 14 33 150 243
32 14 33 150 243
33 14 33 150 243
34 14 33 150 243
