22 0 33 150 243
23 0 33 150 242
24 0 33 150 243
25 0 33 150 243
26 0 32 150 242
27 0 33 150 243
28 0 32 150 242
29 0 33 150 242
30 0 33 151 242
31 0 33 150 243
32 0 33 150 243
33 0 32 151 243
34 0 33 150 242
35 0 33 150 243
36 0 33 150 242
37 0 33 151 243
38 0 32 151 243
39 0 32 150 242
40 0 32 151 243
41 0 33 150 243
30 1 33 150 243
31 1 33 150 242
32 1 33 151 243
33 1 33 150 243
34 1 32 150 243
30 2 33 150 242
31 2 33 151 242
32 2 33 150 243
31 3 32 151 242
32 3 33 150 243
31 4 33 150 242
32 4 32 151 243
31 5 32 151 243
32 5 33 150 242
31 6 32 150 243
32 6 32 151 243
33 6 32 151 243
31 7 33 151 243
32 7 32 150 243
33 7 32 150 243
30 8 33 150 243
31 8 33 150 243
32 8 33 150 243
33 8 33 150 243
31 9 33 150 243
32 9 33 150 243
