15 0 32 151 243
16 0 33 150 243
17 0 33 150 243
18 0 32 151 243
19 0 33 150 242
20 0 32 151 243
21 0 33 150 242
22 0 33 151 243
23 0 33 150 243
24 0 33 150 243
25 0 33 151 243
26 0 33 150 243
27 0 33 151 243
28 0 32 150 243
29 0 33 151 242
30 0 32 150 243
31 0 33 150 242
32 0 33 151 243
33 0 32 151 243
34 0 32 150 243
35 0 33 150 243
36 0 33 151 243
37 0 32 150 243
38 0 33 150 243
39 0 32 150 242
40 0 33 150 242
41 0 32 151 243
42 0 33 151 242
43 0 32 150 242
44 0 33 150 242
45 0 33 151 243
46 0 32 151 243
47 0 33 151 243
48 0 33 150 243
49 0 32 150 243
21 1 32 150 243
22 1 32 151 243
23 1 32 150 242
24 1 33 150 242
25 1 32 150 243
26 1 33 150 242
27 1 33 151 242
28 1 33 151 243
29 1 33 150 243
30 1 32 150 242
31 1 33 150 243
32 1 33 151 242
33 1 33 151 243
34 1 33 150 242
35 1 32 151 242
36 1 33 150 243
37 1 32 150 242
38 1 33 150 243
39 1 33 151 243
40 1 33 150 243
41 1 33 151 243
42 1 33 151 243
28 2 33 150 243
29 2 33 151 242
30 2 32 150 243
31 2 33 150 243
32 2 32 150 243
