24 0 33 150 242
25 0 32 150 243
26 0 32 151 242
27 0 33 151 243
28 0 32 150 243
29 0 32 150 243
30 0 32 151 242
31 0 33 151 243
32 0 32 150 243
33 0 32 150 243
34 0 32 151 242
35 0 32 150 243
36 0 32 151 243
37 0 33 150 243
38 0 32 151 243
29 1 33 151 242
30 1 33 151 243
31 1 33 151 243
32 1 33 151 242
33 1 32 150 243
34 1 32 151 243
35 1 32 150 243
36 1 32 151 242
30 2 33 151 243
31 2 33 150 242
32 2 33 151 243
33 2 33 151 243
34 2 33 150 243
31 3 32 150 242
32 3 33 150 242
33 3 33 151 243
31 4 32 150 243
32 4 33 151 243
31 5 32 150 243
32 5 32 150 243
32 6 32 151 242
32 7 32 151 243
31 8 33 150 243
32 8 33 150 243
33 8 33 150 243
31 9 33 150 243
32 9 33 150 243
33 9 33 150 243
34 9 33 150 243
30 10 33 150 243
31 10 33 150 243
32 10 33 150 243
33 10 33 150 243
34 10 33 150 243
30 11 33 150 243
31 11 33 150 243
32 11 33 150 243
33 11 33 150 243
34 11 33 150 243
30 12 33 150 243
31 12 33 150 243
32 12 33 150 243
33 12 33 150 243
34 12 33 150 243
30 13 33 150 243
31 13 33 150 243
32 13 33 150 243
33 13 33 150 243
34 13 33 150 243
31 14 33 150 243
32 14 33 150 243
33 14 33 150 243
