29 5 32 150 242
30 5 32 151 243
31 5 33 150 243
32 5 33 151 243
33 5 33 151 243
34 5 33 150 243
31 6 32 150 243
32 6 33 150 243
33 6 33 151 242
51 6 33 150 242
10 7 32 151 243
11 7 33 151 243
12 7 32 151 243
13 7 33 150 242
14 7 33 151 242
15 7 32 150 242
16 7 33 150 243
17 7 33 150 242
30 7 33 150 243
31 7 33 150 242
32 7 32 150 243
33 7 32 151 243
34 7 33 150 243
50 7 32 150 242
51 7 33 151 242
7 8 33 151 242
8 8 33 150 243
9 8 32 151 243
10 8 32 151 242
11 8 33 150 242
12 8 33 151 243
13 8 33 150 242
14 8 33 151 243
15 8 33 150 243
16 8 32 150 243
17 8 32 151 243
18 8 33 151 242
28 8 33 150 243
29 8 33 150 243
32 8 33 150 243
35 8 33 150 243
36 8 33 150 243
49 8 33 150 243
50 8 33 150 243
51 8 33 150 243
52 8 33 150 243
7 9 32 150 243
8 9 33 150 243
9 9 33 150 242
27 9 33 150 243
32 9 33 150 243
37 9 33 150 243
49 9 33 150 243
50 9 33 150 243
52 9 33 150 243
8 10 33 151 243
9 10 33 150 242
26 10 33 150 243
32 10 33 150 243
38 10 33 150 243
48 10 33 150 243
49 10 33 150 243
52 10 33 150 243
53 10 33 150 243
9 11 33 150 243
10 11 33 150 243
11 11 33 150 243
25 11 33 150 243
32 11 33 150 243
39 11 33 150 243
48 11 33 150 243
53 11 33 150 243
11 12 33 150 243
12 12 33 150 243
25 12 33 150 243
32 12 33 150 243
39 12 33 150 243
47 12 33 150 243
53 12 33 150 243
12 13 33 150 243
13 13 33 150 243
24 13 33 150 243
32 13 33 150 243
40 13 33 150 243
46 13 33 150 243
47 13 33 150 243
54 13 33 150 243
63 13 33 150 243
13 14 33 150 243
14 14 33 150 243
24 14 33 150 243
32 14 33 150 243
40 14 33 150 243
46 14 33 150 243
54 14 33 150 243
14 15 33 150 243
24 15 33 150 243
32 15 33 150 243
40 15 33 150 243
46 15 33 150 243
55 15 33 150 243
14 16 33 150 243
15 16 33 150 243
24 16 33 150 243
32 16 33 150 243
40 16 33 150 243
45 16 33 150 243
55 16 33 150 243
56 16 33 150 243
12 17 33 150 243
13 17 33 150 243
14 17 33 150 243
24 17 33 150 243
32 17 33 150 243
40 17 33 150 243
44 17 33 150 243
45 17 33 150 243
56 17 33 150 243
10 18 33 150 243
11 18 33 150 243
12 18 33 150 243
25 18 33 150 243
32 18 33 150 243
39 18 33 150 243
44 18 33 150 243
56 18 33 150 243
57 18 33 150 243
10 19 33 150 243
25 19 33 150 243
32 19 33 150 243
39 19 33 150 243
44 19 33 150 243
57 19 33 150 243
58 19 33 150 243
9 20 33 150 243
26 20 33 150 243
32 20 33 150 243
38 20 33 150 243
43 20 33 150 243
44 20 33 150 243
58 20 33 150 243
8 21 33 150 243
9 21 33 150 243
27 21 33 150 243
32 21 33 150 243
37 21 33 150 243
43 21 33 150 243
58 21 33 150 243
63 21 33 150 243
7 22 33 150 243
8 22 33 150 243
28 22 33 150 243
29 22 33 150 243
32 22 33 150 243
35 22 33 150 243
36 22 33 150 243
43 22 33 150 243
48 22 33 150 243
49 22 33 150 243
50 22 33 150 243
51 22 33 150 243
52 22 33 150 243
53 22 33 150 243
54 22 33 150 243
55 22 33 150 243
56 22 33 150 243
57 22 33 150 243
58 22 33 150 243
59 22 33 150 243
8 23 33 150 243
9 23 33 150 243
10 23 33 150 243
11 23 33 150 243
12 23 33 150 243
13 23 33 150 243
14 23 33 150 243
15 23 33 150 243
16 23 33 150 243
17 23 33 150 243
18 23 33 150 243
30 23 33 150 243
31 23 33 150 243
32 23 33 150 243
33 23 33 150 243
34 23 33 150 243
43 23 33 150 243
44 23 33 150 243
45 23 33 150 243
46 23 33 150 243
47 23 33 150 243
31 24 33 150 243
32 24 33 150 243
33 24 33 150 243
61 24 33 150 243
30 25 33 150 243
31 25 33 150 243
32 25 33 150 243
33 25 33 150 243
34 25 33 150 243
63 25 33 150 243
6 26 33 150 243
0 27 33 150 243
1 27 33 150 243
5 27 33 150 243
6 27 33 150 243
11 27 33 150 243
0 28 33 150 243
4 28 33 150 243
9 29 33 150 243
10 29 33 150 243
3 30 33 150 243
9 30 33 150 243
63 30 33 150 243
0 31 33 150 243
63 31 33 150 243
