23 0 32 151 242
24 0 33 151 243
25 0 32 151 242
26 0 32 151 243
27 0 33 150 243
28 0 32 151 242
29 0 32 150 242
30 0 33 150 243
31 0 33 150 243
32 0 32 150 243
33 0 33 151 242
34 0 33 151 243
35 0 33 151 242
36 0 33 151 243
37 0 33 151 243
38 0 33 150 243
39 0 32 150 243
40 0 32 151 243
27 1 32 150 242
28 1 33 150 243
29 1 32 150 242
30 1 33 150 242
31 1 33 151 242
32 1 32 151 242
33 1 32 151 242
34 1 33 150 242
35 1 32 150 242
36 1 32 150 243
37 1 32 151 243
28 2 32 150 243
29 2 33 150 243
30 2 33 150 242
33 2 32 151 243
34 2 33 150 242
35 2 33 151 242
34 3 32 151 243
32 12 33 150 243
32 13 33 150 243
32 15 32 150 243
32 16 33 150 243
31 17 33 150 243
32 17 33 150 243
31 18 33 150 243
32 18 33 150 243
33 18 33 150 243
31 19 33 150 243
32 19 33 150 243
33 19 33 150 243
31 20 33 150 243
32 20 33 150 243
33 20 33 150 243
30 21 33 150 243
31 21 33 150 243
32 21 33 150 243
33 21 33 150 243
34 21 33 150 243
30 22 33 150 243
31 22 33 150 243
32 22 33 150 243
33 22 33 150 243
34 22 33 150 243
30 23 33 150 243
31 23 33 150 243
32 23 33 150 243
33 23 33 150 243
34 23 33 150 243
31 24 33 150 243
32 24 33 150 243
33 24 33 150 243
