14 0 33 150 242
15 0 33 151 242
16 0 33 150 242
17 0 32 150 243
18 0 33 150 243
19 0 33 151 243
20 0 32 150 242
21 0 33 151 243
22 0 32 151 242
23 0 32 150 243
24 0 32 151 242
25 0 33 150 242
26 0 32 151 242
27 0 32 151 242
28 0 33 150 242
29 0 32 151 243
30 0 32 150 242
31 0 32 150 243
32 0 32 151 243
33 0 33 151 243
34 0 32 151 242
35 0 33 150 242
36 0 32 150 243
37 0 33 151 243
38 0 33 150 243
39 0 32 150 242
40 0 33 151 243
41 0 32 150 243
42 0 33 151 243
43 0 33 150 243
44 0 32 151 243
45 0 32 150 243
46 0 33 150 243
47 0 32 150 242
48 0 33 150 242
49 0 33 151 243
50 0 33 151 243
51 0 32 151 242
52 0 33 151 243
19 1 32 150 242
20 1 33 151 243
21 1 33 151 242
22 1 33 151 243
23 1 33 150 242
24 1 32 151 242
25 1 33 151 243
26 1 33 151 243
27 1 33 150 242
28 1 32 150 243
29 1 33 150 243
30 1 32 150 242
32 1 33 150 243
33 1 33 151 242
34 1 32 150 243
35 1 33 150 243
36 1 32 150 242
37 1 33 151 242
38 1 32 151 242
39 1 33 151 243
40 1 32 150 242
41 1 33 150 243
22 2 33 151 243
23 2 33 151 243
24 2 33 151 243
25 2 32 151 243
26 2 33 150 242
27 2 33 150 243
28 2 33 151 243
29 2 32 151 243
34 2 32 150 243
35 2 33 151 242
36 2 33 150 243
37 2 32 150 243
38 2 32 151 242
24 3 33 150 243
25 3 33 150 243
26 3 33 150 243
27 3 33 151 242
28 3 32 151 242
35 3 33 150 242
36 3 32 150 243
37 3 32 151 242
24 4 32 150 242
25 4 33 150 243
26 4 32 150 243
37 4 33 150 242
38 4 33 150 242
24 5 32 151 243
38 5 33 150 243
39 7 32 150 242
40 7 33 151 242
39 8 33 150 243
40 8 33 150 243
41 8 33 150 243
40 9 33 150 243
41 9 33 150 243
31 10 33 150 243
32 10 33 150 243
42 10 33 150 243
32 11 33 150 243
41 11 33 150 243
32 12 33 150 243
32 14 33 150 243
30 17 33 150 243
31 21 32 150 243
31 22 33 150 243
31 23 33 150 243
32 23 33 150 243
31 24 33 150 243
32 24 33 150 243
31 25 33 150 243
32 25 33 150 243
31 26 33 150 243
32 26 33 150 243
30 27 33 150 243
31 27 33 150 243
32 27 33 150 243
33 27 33 150 243
30 28 33 150 243
31 28 33 150 243
32 28 33 150 243
33 28 33 150 243
30 29 33 150 243
31 29 33 150 243
32 29 33 150 243
33 29 33 150 243
29 30 33 150 243
30 30 33 150 243
31 30 33 150 243
32 30 33 150 243
33 30 33 150 243
27 31 33 150 243
28 31 33 150 243
29 31 33 150 243
30 31 33 150 243
31 31 33 150 243
32 31 33 150 243
33 31 33 150 243
34 31 33 150 243
