16 0 33 151 243
17 0 33 150 243
18 0 33 150 243
19 0 33 151 243
20 0 33 150 243
21 0 33 150 243
22 0 33 151 243
23 0 33 150 243
24 0 33 150 243
25 0 33 150 243
26 0 33 150 243
27 0 33 150 243
28 0 33 150 243
29 0 33 150 243
30 0 33 150 243
31 0 33 150 243
32 0 33 150 243
33 0 33 150 243
34 0 33 150 243
35 0 33 151 243
36 0 33 150 243
37 0 33 150 243
38 0 33 150 243
39 0 33 150 243
40 0 32 150 243
41 0 32 150 243
42 0 33 151 243
43 0 32 150 242
44 0 33 150 243
45 0 32 150 243
46 0 33 150 243
47 0 32 151 243
48 0 33 151 243
21 1 33 150 243
22 1 33 150 243
23 1 33 150 242
24 1 33 151 243
25 1 33 150 243
26 1 33 150 243
27 1 33 150 243
28 1 33 150 242
29 1 32 151 243
30 1 33 151 243
31 1 33 151 243
32 1 33 150 243
33 1 33 150 243
34 1 32 151 243
35 1 33 150 242
36 1 33 150 242
37 1 32 150 243
38 1 33 151 242
39 1 33 150 243
30 2 32 150 243
31 2 32 151 243
32 2 33 151 243
33 2 32 150 243
34 2 33 150 243
