28 5 33 151 242
29 5 32 150 243
30 5 33 151 242
31 5 33 150 242
32 5 33 151 243
33 5 33 151 242
34 5 33 151 242
30 6 33 151 243
31 6 32 151 242
32 6 33 151 243
7 7 32 150 243
8 7 32 151 243
9 7 32 150 242
10 7 33 150 243
11 7 32 150 243
12 7 33 151 243
13 7 32 151 242
14 7 32 150 243
15 7 33 150 242
16 7 33 151 243
17 7 32 151 242
18 7 33 151 243
29 7 33 151 243
30 7 33 151 242
31 7 33 151 242
32 7 32 151 242
33 7 33 150 243
50 7 33 151 243
7 8 33 151 242
8 8 32 150 242
9 8 33 151 243
10 8 33 151 243
11 8 33 151 243
16 8 32 151 243
17 8 32 150 243
18 8 33 151 243
27 8 32 150 243
28 8 33 151 243
29 8 32 150 243
30 8 33 150 243
31 8 33 150 243
32 8 33 150 243
33 8 32 150 243
34 8 33 150 243
35 8 32 150 242
49 8 33 150 243
50 8 33 150 243
51 8 33 151 243
8 9 32 150 243
9 9 32 151 243
10 9 32 150 243
26 9 33 150 243
27 9 32 150 242
28 9 32 150 243
29 9 33 150 243
30 9 33 151 243
31 9 32 150 243
32 9 33 150 242
33 9 33 150 243
34 9 33 150 243
35 9 33 150 243
36 9 33 150 243
49 9 33 151 243
50 9 32 151 243
51 9 32 150 242
9 10 32 150 243
10 10 32 150 242
11 10 33 150 243
25 10 33 150 243
26 10 33 150 243
30 10 33 150 243
31 10 33 150 243
32 10 33 150 243
36 10 33 150 243
37 10 33 150 243
48 10 32 150 243
49 10 33 151 243
50 10 33 150 243
51 10 33 150 243
52 10 33 150 242
10 11 33 150 243
11 11 33 150 243
12 11 33 150 243
24 11 33 150 243
25 11 33 150 243
30 11 33 150 243
31 11 33 150 243
32 11 33 150 243
37 11 33 150 243
38 11 33 150 243
48 11 33 150 243
49 11 33 150 243
51 11 33 150 243
52 11 33 150 243
11 12 33 150 243
12 12 33 150 243
13 12 33 150 243
24 12 33 150 243
25 12 33 150 243
30 12 33 150 243
31 12 33 150 243
32 12 33 150 243
37 12 33 150 243
38 12 33 150 243
47 12 33 150 243
48 12 33 150 243
49 12 33 150 243
52 12 33 150 243
53 12 33 150 243
12 13 33 150 243
13 13 33 150 243
14 13 33 150 243
23 13 33 150 243
24 13 33 150 243
30 13 33 150 243
31 13 33 150 243
38 13 33 150 243
39 13 33 150 243
47 13 33 150 243
48 13 33 150 243
52 13 33 150 243
53 13 33 150 243
13 14 33 150 243
14 14 33 150 243
15 14 33 150 243
23 14 33 150 243
30 14 33 150 243
31 14 33 150 243
38 14 33 150 243
39 14 33 150 243
46 14 33 150 243
47 14 33 150 243
48 14 33 150 243
53 14 33 150 243
54 14 33 150 243
13 15 33 150 243
14 15 33 150 243
15 15 33 150 243
23 15 33 150 243
24 15 33 150 243
30 15 33 150 243
31 15 33 150 243
38 15 33 150 243
39 15 33 150 243
46 15 33 150 243
47 15 33 150 243
53 15 33 150 243
54 15 33 150 243
13 16 33 150 243
14 16 33 150 243
15 16 33 150 243
23 16 33 150 243
24 16 33 150 243
30 16 33 150 243
31 16 33 150 243
38 16 33 150 243
39 16 33 150 243
45 16 33 150 243
46 16 33 150 243
47 16 33 150 243
54 16 33 150 243
55 16 33 150 243
12 17 33 150 243
13 17 33 150 243
14 17 33 150 243
23 17 33 150 243
24 17 33 150 243
30 17 33 150 243
31 17 33 150 243
32 17 33 150 243
38 17 33 150 243
39 17 33 150 243
44 17 33 150 243
45 17 33 150 243
46 17 33 150 243
55 17 33 150 243
11 18 33 150 243
12 18 33 150 243
13 18 33 150 243
24 18 33 150 243
25 18 33 150 243
30 18 33 150 243
31 18 33 150 243
32 18 33 150 243
37 18 33 150 243
38 18 33 150 243
44 18 33 150 243
45 18 33 150 243
46 18 33 150 243
55 18 33 150 243
56 18 33 150 243
10 19 33 150 243
11 19 33 150 243
12 19 33 150 243
24 19 33 150 243
25 19 33 150 243
30 19 33 150 243
31 19 33 150 243
32 19 33 150 243
37 19 33 150 243
38 19 33 150 243
43 19 33 150 243
44 19 33 150 243
45 19 33 150 243
56 19 33 150 243
9 20 33 150 243
10 20 33 150 243
11 20 33 150 243
25 20 33 150 243
26 20 33 150 243
30 20 33 150 243
31 20 33 150 243
32 20 33 150 243
36 20 33 150 243
37 20 33 150 243
43 20 33 150 243
44 20 33 150 243
45 20 33 150 243
56 20 33 150 243
57 20 33 150 243
8 21 33 150 243
9 21 33 150 243
10 21 33 150 243
26 21 33 150 243
27 21 33 150 243
28 21 33 150 243
29 21 33 150 243
30 21 33 150 243
31 21 33 150 243
32 21 33 150 243
33 21 33 150 243
34 21 33 150 243
35 21 33 150 243
36 21 33 150 243
42 21 33 150 243
43 21 33 150 243
44 21 33 150 243
57 21 33 150 243
7 22 33 150 243
8 22 33 150 243
9 22 33 150 243
10 22 33 150 243
11 22 33 150 243
12 22 33 150 243
14 22 33 150 243
15 22 33 150 243
16 22 33 150 243
17 22 33 150 243
18 22 33 150 243
27 22 33 150 243
28 22 33 150 243
29 22 33 150 243
30 22 33 150 243
31 22 33 150 243
32 22 33 150 243
33 22 33 150 243
34 22 33 150 243
35 22 33 150 243
42 22 33 150 243
43 22 33 150 243
57 22 33 150 243
58 22 33 150 243
7 23 33 150 243
8 23 33 150 243
9 23 33 150 243
10 23 33 150 243
11 23 33 150 243
12 23 33 150 243
13 23 33 150 243
14 23 33 150 243
15 23 33 150 243
16 23 33 150 243
17 23 33 150 243
18 23 33 150 243
29 23 33 150 243
30 23 33 150 243
31 23 33 150 243
32 23 33 150 243
33 23 33 150 243
41 23 33 150 243
42 23 33 150 243
43 23 33 150 243
44 23 33 150 243
45 23 33 150 243
46 23 33 150 243
47 23 33 150 243
48 23 33 150 243
49 23 33 150 243
50 23 33 150 243
51 23 33 150 243
52 23 33 150 243
53 23 33 150 243
54 23 33 150 243
55 23 33 150 243
56 23 33 150 243
57 23 33 150 243
58 23 33 150 243
30 24 33 150 243
31 24 33 150 243
32 24 33 150 243
29 25 33 150 243
30 25 33 150 243
31 25 33 150 243
32 25 33 150 243
33 25 33 150 243
1 31 33 150 243
