17 0 33 150 242
18 0 32 151 242
19 0 32 151 243
20 0 33 151 243
21 0 33 151 242
22 0 32 151 242
23 0 32 151 243
24 0 32 150 243
25 0 32 151 243
26 0 32 151 243
27 0 32 150 243
28 0 32 151 243
29 0 33 150 243
30 0 33 151 243
31 0 32 150 242
32 0 32 150 243
33 0 33 151 242
34 0 32 151 243
35 0 33 150 243
36 0 32 150 243
37 0 33 150 243
38 0 32 150 243
39 0 32 151 243
40 0 32 150 243
41 0 33 151 242
42 0 32 150 243
43 0 32 151 243
44 0 33 150 243
45 0 33 150 243
46 0 33 150 242
47 0 33 151 243
48 0 32 151 242
49 0 33 150 243
25 1 33 150 243
26 1 32 151 243
27 1 32 150 243
28 1 32 151 242
29 1 33 151 242
30 1 33 151 242
31 1 33 151 242
32 1 33 151 243
33 1 33 151 242
34 1 33 151 243
35 1 32 151 242
36 1 32 151 243
37 1 33 150 242
38 1 32 150 242
39 1 33 150 243
40 1 33 150 243
30 2 33 150 243
31 2 32 150 242
32 2 33 151 243
33 2 33 150 243
34 2 32 151 243
