28 0 32 150 242
31 0 32 150 242
0 6 33 150 243
15 6 32 151 242
16 6 32 151 242
17 6 33 151 242
18 6 33 151 243
28 6 32 150 242
29 6 33 150 243
30 6 33 150 243
31 6 32 151 243
32 6 32 150 242
33 6 32 150 242
35 6 33 150 243
12 7 33 151 243
13 7 33 151 243
14 7 33 150 242
15 7 33 151 243
31 7 33 150 242
32 7 32 150 243
10 8 32 150 243
11 8 33 150 243
12 8 33 151 243
30 8 33 150 243
31 8 33 150 243
32 8 33 150 243
33 8 33 150 243
34 8 33 150 243
50 8 33 150 243
51 8 33 150 243
52 8 33 150 243
10 9 33 150 243
11 9 33 150 243
28 9 33 150 243
29 9 33 150 243
30 9 33 150 243
32 9 33 150 243
33 9 33 150 243
34 9 33 150 243
35 9 33 150 243
36 9 33 150 243
49 9 33 150 243
50 9 33 150 243
52 9 33 150 243
61 9 33 150 243
1 10 33 150 243
11 10 33 150 243
12 10 33 150 243
27 10 33 150 243
28 10 33 150 243
32 10 33 150 243
33 10 33 150 243
36 10 33 150 243
37 10 33 150 243
48 10 33 150 243
49 10 33 150 243
53 10 33 150 243
0 11 33 150 243
1 11 33 150 243
11 11 33 150 243
12 11 33 150 243
26 11 33 150 243
27 11 33 150 243
33 11 33 150 243
37 11 33 150 243
38 11 33 150 243
48 11 33 150 243
53 11 33 150 243
54 11 33 150 243
0 12 33 150 243
12 12 33 150 243
13 12 33 150 243
25 12 33 150 243
26 12 33 150 243
32 12 33 150 243
33 12 33 150 243
38 12 33 150 243
47 12 33 150 243
48 12 33 150 243
54 12 33 150 243
63 12 33 150 243
13 13 33 150 243
14 13 33 150 243
24 13 33 150 243
25 13 33 150 243
32 13 33 150 243
33 13 33 150 243
38 13 33 150 243
47 13 33 150 243
54 13 33 150 243
55 13 33 150 243
0 14 33 150 243
14 14 33 150 243
15 14 33 150 243
16 14 33 150 243
24 14 33 150 243
32 14 33 150 243
33 14 33 150 243
38 14 33 150 243
47 14 33 150 243
55 14 33 150 243
56 14 33 150 243
15 15 33 150 243
16 15 33 150 243
24 15 33 150 243
32 15 33 150 243
33 15 33 150 243
39 15 33 150 243
47 15 33 150 243
56 15 33 150 243
14 16 33 150 243
15 16 33 150 243
24 16 33 150 243
25 16 33 150 243
32 16 33 150 243
33 16 33 150 243
39 16 33 150 243
46 16 33 150 243
56 16 33 150 243
13 17 33 150 243
14 17 33 150 243
25 17 33 150 243
32 17 33 150 243
33 17 33 150 243
39 17 33 150 243
46 17 33 150 243
12 18 33 150 243
13 18 33 150 243
25 18 33 150 243
32 18 33 150 243
33 18 33 150 243
38 18 33 150 243
60 18 33 150 243
61 18 33 150 243
11 19 33 150 243
12 19 33 150 243
25 19 33 150 243
26 19 33 150 243
32 19 33 150 243
33 19 33 150 243
38 19 33 150 243
57 19 33 150 243
59 19 33 150 243
61 19 33 150 243
62 19 33 150 243
11 20 33 150 243
12 20 33 150 243
26 20 33 150 243
32 20 33 150 243
33 20 33 150 243
37 20 33 150 243
38 20 33 150 243
45 20 33 150 243
62 20 33 150 243
63 20 33 150 243
11 21 33 150 243
12 21 33 150 243
13 21 33 150 243
27 21 33 150 243
28 21 33 150 243
29 21 33 150 243
32 21 33 150 243
33 21 33 150 243
35 21 33 150 243
36 21 33 150 243
37 21 33 150 243
44 21 33 150 243
45 21 33 150 243
54 21 33 150 243
63 21 33 150 243
0 22 33 150 243
5 22 33 150 243
15 22 33 150 243
16 22 33 150 243
30 22 33 150 243
31 22 33 150 243
32 22 33 150 243
33 22 33 150 243
34 22 33 150 243
35 22 33 150 243
43 22 33 150 243
44 22 33 150 243
17 23 33 150 243
18 23 33 150 243
19 23 33 150 243
20 23 33 150 243
32 23 33 150 243
33 23 33 150 243
43 23 33 150 243
44 23 33 150 243
48 23 33 150 243
49 23 33 150 243
50 23 33 150 243
3 24 33 150 243
4 24 33 150 243
30 24 33 150 243
31 24 33 150 243
32 24 33 150 243
33 24 33 150 243
34 24 33 150 243
35 24 33 150 243
44 24 33 150 243
45 24 33 150 243
46 24 33 150 243
47 24 33 150 243
48 24 33 150 243
49 24 33 150 243
50 24 33 150 243
51 24 33 150 243
52 24 33 150 243
60 24 33 150 243
2 25 33 150 243
3 25 33 150 243
12 25 33 150 243
13 25 33 150 243
30 25 33 150 243
31 25 33 150 243
32 25 33 150 243
35 25 33 150 243
50 25 33 150 243
51 25 33 150 243
58 25 33 150 243
60 25 33 150 243
1 26 33 150 243
2 26 33 150 243
12 26 33 150 243
61 26 33 150 243
63 26 33 150 243
0 27 33 150 243
1 27 33 150 243
6 27 33 150 243
0 28 33 150 243
3 28 33 150 243
7 28 33 150 243
8 28 33 150 243
9 28 33 150 243
2 29 33 150 243
7 29 33 150 243
62 29 33 150 243
63 29 33 150 243
6 30 33 150 243
7 30 33 150 243
8 30 33 150 243
9 30 33 150 243
58 30 33 150 243
62 30 33 150 243
63 30 33 150 243
61 31 33 150 243
62 31 33 150 243
63 31 33 150 243
