23 0 33 151 243
24 0 32 151 242
25 0 32 151 243
26 0 32 150 242
27 0 33 150 242
28 0 33 151 243
29 0 33 150 243
30 0 33 151 243
31 0 33 150 242
32 0 32 150 243
33 0 33 150 243
34 0 32 150 242
35 0 33 150 243
36 0 32 150 242
37 0 33 150 243
38 0 33 150 242
39 0 32 151 243
27 1 32 150 243
28 1 33 151 243
29 1 33 150 243
30 1 32 151 243
31 1 33 151 243
32 1 32 150 243
33 1 32 150 243
34 1 33 150 243
29 2 33 150 243
30 2 33 151 243
31 2 33 151 243
32 2 33 151 243
33 2 32 150 243
30 3 32 151 242
31 3 33 151 243
32 3 32 151 243
31 4 33 150 242
32 4 33 150 243
31 5 33 150 243
32 5 33 151 243
31 6 33 151 242
32 6 33 150 243
31 7 32 151 242
32 7 33 150 242
31 8 33 150 243
32 8 33 150 243
33 8 33 150 243
30 9 33 150 243
31 9 33 150 243
32 9 33 150 243
33 9 33 150 243
30 10 33 150 243
31 10 33 150 243
32 10 33 150 243
33 10 33 150 243
34 10 33 150 243
30 11 33 150 243
31 11 33 150 243
32 11 33 150 243
33 11 33 150 243
34 11 33 150 243
30 12 33 150 243
31 12 33 150 243
32 12 33 150 243
33 12 33 150 243
34 12 33 150 243
31 13 33 150 243
32 13 33 150 243
