26 0 33 150 243
27 0 33 151 243
28 0 33 150 243
29 0 33 151 242
31 0 33 150 243
37 0 32 151 242
3 3 32 150 243
30 6 33 151 243
31 6 33 150 242
32 6 32 151 242
33 6 32 150 243
34 6 33 151 242
35 6 32 151 242
1 7 33 150 242
16 7 32 150 243
17 7 33 151 243
18 7 32 150 243
32 7 33 151 243
33 7 32 151 242
3 8 33 150 243
13 8 33 150 243
14 8 33 150 243
15 8 33 150 243
16 8 33 150 243
32 8 33 150 243
62 8 33 150 243
2 9 33 150 243
3 9 33 150 243
12 9 33 150 243
13 9 33 150 243
29 9 33 150 243
30 9 33 150 243
31 9 33 150 243
32 9 33 150 243
33 9 33 150 243
34 9 33 150 243
48 9 33 150 243
52 9 33 150 243
63 9 33 150 243
2 10 33 150 243
11 10 33 150 243
12 10 33 150 243
28 10 33 150 243
29 10 33 150 243
32 10 33 150 243
34 10 33 150 243
35 10 33 150 243
48 10 33 150 243
53 10 33 150 243
54 10 33 150 243
59 10 33 150 243
63 10 33 150 243
0 11 33 150 243
1 11 33 150 243
12 11 33 150 243
13 11 33 150 243
27 11 33 150 243
28 11 33 150 243
32 11 33 150 243
36 11 33 150 243
48 11 33 150 243
54 11 33 150 243
55 11 33 150 243
63 11 33 150 243
0 12 33 150 243
13 12 33 150 243
14 12 33 150 243
15 12 33 150 243
26 12 33 150 243
27 12 33 150 243
32 12 33 150 243
36 12 33 150 243
37 12 33 150 243
48 12 33 150 243
55 12 33 150 243
15 13 33 150 243
16 13 33 150 243
26 13 33 150 243
32 13 33 150 243
37 13 33 150 243
38 13 33 150 243
47 13 33 150 243
62 13 33 150 243
0 14 33 150 243
14 14 33 150 243
15 14 33 150 243
16 14 33 150 243
26 14 33 150 243
32 14 33 150 243
38 14 33 150 243
47 14 33 150 243
57 14 33 150 243
58 14 33 150 243
0 15 33 150 243
14 15 33 150 243
26 15 33 150 243
32 15 33 150 243
39 15 33 150 243
58 15 33 150 243
26 16 33 150 243
32 16 33 150 243
38 16 33 150 243
39 16 33 150 243
45 16 33 150 243
59 16 33 150 243
13 17 33 150 243
26 17 33 150 243
27 17 33 150 243
32 17 33 150 243
38 17 33 150 243
44 17 33 150 243
45 17 33 150 243
59 17 33 150 243
13 18 33 150 243
27 18 33 150 243
32 18 33 150 243
38 18 33 150 243
44 18 33 150 243
56 18 33 150 243
57 18 33 150 243
58 18 33 150 243
59 18 33 150 243
60 18 33 150 243
13 19 33 150 243
14 19 33 150 243
27 19 33 150 243
28 19 33 150 243
32 19 33 150 243
38 19 33 150 243
55 19 33 150 243
56 19 33 150 243
57 19 33 150 243
58 19 33 150 243
59 19 33 150 243
60 19 33 150 243
61 19 33 150 243
14 20 33 150 243
15 20 33 150 243
28 20 33 150 243
32 20 33 150 243
37 20 33 150 243
52 20 33 150 243
53 20 33 150 243
54 20 33 150 243
55 20 33 150 243
60 20 33 150 243
1 21 33 150 243
8 21 33 150 243
9 21 33 150 243
18 21 33 150 243
19 21 33 150 243
20 21 33 150 243
29 21 33 150 243
30 21 33 150 243
32 21 33 150 243
34 21 33 150 243
35 21 33 150 243
36 21 33 150 243
43 21 33 150 243
44 21 33 150 243
46 21 33 150 243
61 21 33 150 243
16 22 33 150 243
17 22 33 150 243
30 22 33 150 243
31 22 33 150 243
32 22 33 150 243
33 22 33 150 243
34 22 33 150 243
46 22 33 150 243
60 22 33 150 243
61 22 33 150 243
62 22 33 150 243
63 22 33 150 243
3 23 33 150 243
4 23 33 150 243
5 23 33 150 243
6 23 33 150 243
7 23 33 150 243
8 23 33 150 243
15 23 33 150 243
32 23 33 150 243
58 23 33 150 243
59 23 33 150 243
61 23 33 150 243
62 23 33 150 243
63 23 33 150 243
1 24 33 150 243
2 24 33 150 243
3 24 33 150 243
4 24 33 150 243
5 24 33 150 243
6 24 33 150 243
7 24 33 150 243
8 24 33 150 243
9 24 33 150 243
31 24 33 150 243
32 24 33 150 243
33 24 33 150 243
57 24 33 150 243
58 24 33 150 243
59 24 33 150 243
60 24 33 150 243
1 25 33 150 243
9 25 33 150 243
10 25 33 150 243
55 25 33 150 243
56 25 33 150 243
57 25 33 150 243
58 25 33 150 243
59 25 33 150 243
60 25 33 150 243
0 26 33 150 243
60 26 33 150 243
62 26 33 150 243
7 27 33 150 243
8 27 33 150 243
51 27 33 150 243
52 27 33 150 243
57 27 33 150 243
62 27 33 150 243
63 27 33 150 243
10 28 33 150 243
11 28 33 150 243
12 28 33 150 243
13 28 33 150 243
14 28 33 150 243
51 28 33 150 243
52 28 33 150 243
53 28 33 150 243
54 28 33 150 243
55 28 33 150 243
58 28 33 150 243
63 28 33 150 243
5 29 33 150 243
8 29 33 150 243
9 29 33 150 243
10 29 33 150 243
11 29 33 150 243
12 29 33 150 243
14 29 33 150 243
55 29 33 150 243
63 29 33 150 243
11 30 33 150 243
56 30 33 150 243
57 30 33 150 243
60 30 33 150 243
63 30 33 150 243
11 31 33 150 243
61 31 33 150 243
