29 5 32 151 243
30 6 32 150 243
12 7 32 151 243
29 7 33 151 242
30 7 33 150 243
31 7 33 151 243
9 8 33 151 243
10 8 33 151 243
11 8 33 151 243
29 8 32 150 243
30 8 33 150 243
31 8 33 150 243
32 8 33 150 243
50 8 33 150 243
9 9 32 151 243
10 9 32 150 243
30 9 33 150 243
31 9 33 150 243
50 9 32 151 243
51 9 32 150 242
9 10 32 150 243
10 10 32 150 242
11 10 33 150 243
31 10 33 150 243
32 10 33 150 243
36 10 33 150 243
50 10 33 150 243
51 10 33 150 243
11 11 33 150 243
37 11 33 150 243
51 11 33 150 243
12 12 33 150 243
37 12 33 150 243
38 12 33 150 243
49 12 33 150 243
52 12 33 150 243
12 13 33 150 243
13 13 33 150 243
14 13 33 150 243
24 13 33 150 243
32 13 33 150 243
38 13 33 150 243
48 13 33 150 243
52 13 33 150 243
53 13 33 150 243
13 14 33 150 243
14 14 33 150 243
23 14 33 150 243
38 14 33 150 243
46 14 33 150 243
47 14 33 150 243
48 14 33 150 243
53 14 33 150 243
14 15 33 150 243
23 15 33 150 243
24 15 33 150 243
38 15 33 150 243
46 15 33 150 243
47 15 33 150 243
53 15 33 150 243
54 15 33 150 243
23 16 33 150 243
24 16 33 150 243
30 16 33 150 243
38 16 33 150 243
45 16 33 150 243
46 16 33 150 243
54 16 33 150 243
24 17 33 150 243
44 17 33 150 243
45 17 33 150 243
46 17 33 150 243
25 18 33 150 243
31 18 33 150 243
37 18 33 150 243
44 18 33 150 243
45 18 33 150 243
25 19 33 150 243
32 19 33 150 243
44 19 33 150 243
45 19 33 150 243
26 20 33 150 243
31 20 33 150 243
32 20 33 150 243
37 20 33 150 243
44 20 33 150 243
45 20 33 150 243
56 20 33 150 243
9 21 33 150 243
10 21 33 150 243
27 21 33 150 243
28 21 33 150 243
29 21 33 150 243
30 21 33 150 243
31 21 33 150 243
32 21 33 150 243
33 21 33 150 243
34 21 33 150 243
36 21 33 150 243
43 21 33 150 243
44 21 33 150 243
57 21 33 150 243
8 22 33 150 243
9 22 33 150 243
10 22 33 150 243
11 22 33 150 243
29 22 33 150 243
30 22 33 150 243
31 22 33 150 243
32 22 33 150 243
33 22 33 150 243
35 22 33 150 243
42 22 33 150 243
43 22 33 150 243
44 22 33 150 243
8 23 33 150 243
9 23 33 150 243
30 23 33 150 243
41 23 33 150 243
42 23 33 150 243
43 23 33 150 243
44 23 33 150 243
45 23 33 150 243
56 23 33 150 243
57 23 33 150 243
29 25 33 150 243
