24 0 32 151 242
25 0 32 150 243
26 0 33 150 242
27 0 32 150 243
28 0 32 151 243
29 0 33 150 243
30 0 33 151 242
31 0 32 150 242
32 0 32 150 243
33 0 33 150 243
34 0 32 150 242
36 0 33 150 243
40 0 32 151 242
41 0 33 151 243
42 0 33 150 242
1 3 33 151 243
57 3 33 150 243
58 3 33 150 243
1 4 32 150 243
8 4 33 151 243
58 4 32 151 243
59 4 32 151 243
0 5 32 150 243
59 5 32 151 243
60 5 32 150 243
0 6 32 150 242
2 6 32 150 243
3 6 32 151 243
6 6 33 151 242
30 6 33 150 242
31 6 33 150 242
32 6 32 151 242
33 6 33 151 243
61 6 32 151 242
0 7 33 151 242
1 7 33 150 243
18 7 33 151 242
19 7 32 150 242
32 7 32 151 243
51 7 33 150 243
61 7 33 150 242
0 8 33 150 243
16 8 33 150 243
17 8 33 150 243
32 8 33 150 243
52 8 33 150 243
3 9 33 150 243
8 9 33 150 243
15 9 33 150 243
16 9 33 150 243
28 9 33 150 243
29 9 33 150 243
30 9 33 150 243
31 9 33 150 243
32 9 33 150 243
33 9 33 150 243
34 9 33 150 243
35 9 33 150 243
53 9 33 150 243
3 10 33 150 243
15 10 33 150 243
27 10 33 150 243
28 10 33 150 243
32 10 33 150 243
35 10 33 150 243
36 10 33 150 243
47 10 33 150 243
54 10 33 150 243
61 10 33 150 243
16 11 33 150 243
26 11 33 150 243
27 11 33 150 243
32 11 33 150 243
37 11 33 150 243
47 11 33 150 243
54 11 33 150 243
55 11 33 150 243
5 12 33 150 243
6 12 33 150 243
17 12 33 150 243
26 12 33 150 243
32 12 33 150 243
37 12 33 150 243
38 12 33 150 243
47 12 33 150 243
17 13 33 150 243
26 13 33 150 243
31 13 33 150 243
32 13 33 150 243
38 13 33 150 243
26 14 33 150 243
31 14 33 150 243
32 14 33 150 243
38 14 33 150 243
39 14 33 150 243
45 14 33 150 243
46 14 33 150 243
57 14 33 150 243
25 15 33 150 243
26 15 33 150 243
32 15 33 150 243
39 15 33 150 243
44 15 33 150 243
45 15 33 150 243
56 15 33 150 243
57 15 33 150 243
14 16 33 150 243
25 16 33 150 243
32 16 33 150 243
39 16 33 150 243
43 16 33 150 243
44 16 33 150 243
56 16 33 150 243
14 17 33 150 243
25 17 33 150 243
33 17 33 150 243
39 17 33 150 243
43 17 33 150 243
14 18 33 150 243
15 18 33 150 243
26 18 33 150 243
32 18 33 150 243
38 18 33 150 243
39 18 33 150 243
43 18 33 150 243
44 18 33 150 243
45 18 33 150 243
15 19 33 150 243
17 19 33 150 243
21 19 33 150 243
26 19 33 150 243
27 19 33 150 243
32 19 33 150 243
37 19 33 150 243
38 19 33 150 243
47 19 33 150 243
27 20 33 150 243
28 20 33 150 243
29 20 33 150 243
32 20 33 150 243
35 20 33 150 243
36 20 33 150 243
37 20 33 150 243
54 20 33 150 243
55 20 33 150 243
10 21 33 150 243
11 21 33 150 243
29 21 33 150 243
30 21 33 150 243
31 21 33 150 243
32 21 33 150 243
33 21 33 150 243
34 21 33 150 243
35 21 33 150 243
51 21 33 150 243
52 21 33 150 243
53 21 33 150 243
9 22 33 150 243
10 22 33 150 243
32 22 33 150 243
46 22 33 150 243
49 22 33 150 243
50 22 33 150 243
51 22 33 150 243
52 22 33 150 243
54 22 33 150 243
6 23 33 150 243
7 23 33 150 243
8 23 33 150 243
9 23 33 150 243
16 23 33 150 243
18 23 33 150 243
32 23 33 150 243
48 23 33 150 243
49 23 33 150 243
50 23 33 150 243
55 23 33 150 243
56 23 33 150 243
6 24 33 150 243
7 24 33 150 243
8 24 33 150 243
9 24 33 150 243
10 24 33 150 243
11 24 33 150 243
19 24 33 150 243
20 24 33 150 243
31 24 33 150 243
40 24 33 150 243
41 24 33 150 243
47 24 33 150 243
48 24 33 150 243
49 24 33 150 243
56 24 33 150 243
57 24 33 150 243
58 24 33 150 243
59 24 33 150 243
60 24 33 150 243
8 25 33 150 243
10 25 33 150 243
11 25 33 150 243
12 25 33 150 243
13 25 33 150 243
38 25 33 150 243
39 25 33 150 243
40 25 33 150 243
46 25 33 150 243
47 25 33 150 243
48 25 33 150 243
54 25 33 150 243
55 25 33 150 243
56 25 33 150 243
57 25 33 150 243
7 26 33 150 243
11 26 33 150 243
12 26 33 150 243
13 26 33 150 243
14 26 33 150 243
15 26 33 150 243
46 26 33 150 243
49 26 33 150 243
53 26 33 150 243
54 26 33 150 243
56 26 33 150 243
57 26 33 150 243
58 26 33 150 243
13 27 33 150 243
14 27 33 150 243
15 27 33 150 243
49 27 33 150 243
50 27 33 150 243
51 27 33 150 243
52 27 33 150 243
53 27 33 150 243
54 27 33 150 243
55 27 33 150 243
56 27 33 150 243
57 27 33 150 243
58 27 33 150 243
59 27 33 150 243
60 27 33 150 243
61 27 33 150 243
7 28 33 150 243
8 28 33 150 243
9 28 33 150 243
10 28 33 150 243
11 28 33 150 243
12 28 33 150 243
13 28 33 150 243
15 28 33 150 243
16 28 33 150 243
52 28 33 150 243
53 28 33 150 243
54 28 33 150 243
57 28 33 150 243
58 28 33 150 243
59 28 33 150 243
8 29 33 150 243
9 29 33 150 243
10 29 33 150 243
11 29 33 150 243
12 29 33 150 243
13 29 33 150 243
14 29 33 150 243
15 29 33 150 243
17 29 33 150 243
43 29 33 150 243
44 29 33 150 243
46 29 33 150 243
47 29 33 150 243
53 29 33 150 243
54 29 33 150 243
59 29 33 150 243
60 29 33 150 243
12 30 33 150 243
13 30 33 150 243
14 30 33 150 243
17 30 33 150 243
18 30 33 150 243
43 30 33 150 243
44 30 33 150 243
45 30 33 150 243
46 30 33 150 243
47 30 33 150 243
48 30 33 150 243
49 30 33 150 243
51 30 33 150 243
56 30 33 150 243
57 30 33 150 243
58 30 33 150 243
60 30 33 150 243
21 31 33 150 243
22 31 33 150 243
23 31 33 150 243
25 31 33 150 243
46 31 33 150 243
47 31 33 150 243
52 31 33 150 243
60 31 33 150 243
61 31 33 150 243
