21 0 33 150 242
22 0 32 150 242
23 0 32 151 243
24 0 32 151 242
25 0 33 150 242
26 0 33 150 242
27 0 32 150 242
28 0 33 150 242
29 0 32 151 243
30 0 33 150 242
31 0 32 151 243
32 0 33 151 242
33 0 33 150 243
34 0 32 151 243
35 0 33 150 243
36 0 33 150 243
37 0 32 150 243
38 0 32 150 242
39 0 33 150 242
40 0 33 151 243
42 0 32 151 242
43 0 32 150 242
44 0 33 151 242
26 1 33 150 242
27 1 33 150 243
49 1 33 151 243
50 1 32 150 242
51 1 33 150 242
52 1 32 151 242
9 2 33 150 242
54 2 33 151 242
5 3 33 150 243
6 3 32 151 243
10 3 32 151 243
11 3 33 150 243
48 3 32 151 242
6 4 32 150 242
7 4 33 151 242
49 4 33 151 243
6 5 33 150 242
7 5 32 151 242
10 5 33 150 242
49 5 33 150 242
52 5 33 150 243
8 6 33 150 242
31 6 33 151 243
32 6 33 150 242
33 6 33 150 243
34 6 33 150 242
53 6 32 150 242
32 7 32 151 242
42 7 32 151 243
53 7 32 151 243
7 8 33 150 243
20 8 33 150 243
32 8 33 150 243
54 8 33 150 243
19 9 33 150 243
28 9 33 150 243
29 9 33 150 243
30 9 33 150 243
32 9 33 150 243
34 9 33 150 243
18 10 33 150 243
27 10 33 150 243
28 10 33 150 243
32 10 33 150 243
33 10 33 150 243
34 10 33 150 243
35 10 33 150 243
36 10 33 150 243
45 10 33 150 243
16 11 33 150 243
27 11 33 150 243
33 11 33 150 243
36 11 33 150 243
37 11 33 150 243
46 11 33 150 243
26 12 33 150 243
33 12 33 150 243
37 12 33 150 243
38 12 33 150 243
45 12 33 150 243
26 13 33 150 243
33 13 33 150 243
38 13 33 150 243
39 13 33 150 243
45 13 33 150 243
26 14 33 150 243
33 14 33 150 243
39 14 33 150 243
14 15 33 150 243
15 15 33 150 243
26 15 33 150 243
33 15 33 150 243
39 15 33 150 243
44 15 33 150 243
13 16 33 150 243
14 16 33 150 243
26 16 33 150 243
32 16 33 150 243
39 16 33 150 243
13 17 33 150 243
26 17 33 150 243
32 17 33 150 243
39 17 33 150 243
12 18 33 150 243
27 18 33 150 243
38 18 33 150 243
39 18 33 150 243
50 18 33 150 243
27 19 33 150 243
28 19 33 150 243
31 19 33 150 243
32 19 33 150 243
38 19 33 150 243
50 19 33 150 243
51 19 33 150 243
28 20 33 150 243
32 20 33 150 243
36 20 33 150 243
37 20 33 150 243
38 20 33 150 243
51 20 33 150 243
52 20 33 150 243
29 21 33 150 243
30 21 33 150 243
31 21 33 150 243
32 21 33 150 243
33 21 33 150 243
34 21 33 150 243
35 21 33 150 243
36 21 33 150 243
52 21 33 150 243
53 21 33 150 243
54 21 33 150 243
56 21 33 150 243
32 22 33 150 243
33 22 33 150 243
45 22 33 150 243
52 22 33 150 243
53 22 33 150 243
10 23 33 150 243
19 23 33 150 243
44 23 33 150 243
53 23 33 150 243
42 24 33 150 243
43 24 33 150 243
47 24 33 150 243
48 24 33 150 243
49 24 33 150 243
54 24 33 150 243
13 25 33 150 243
20 25 33 150 243
42 25 33 150 243
45 25 33 150 243
46 25 33 150 243
47 25 33 150 243
48 25 33 150 243
13 26 33 150 243
14 26 33 150 243
15 26 33 150 243
21 26 33 150 243
38 26 33 150 243
45 26 33 150 243
46 26 33 150 243
47 26 33 150 243
52 26 33 150 243
53 26 33 150 243
54 26 33 150 243
15 27 33 150 243
16 27 33 150 243
17 27 33 150 243
21 27 33 150 243
22 27 33 150 243
35 27 33 150 243
36 27 33 150 243
37 27 33 150 243
44 27 33 150 243
45 27 33 150 243
46 27 33 150 243
50 27 33 150 243
51 27 33 150 243
52 27 33 150 243
53 27 33 150 243
57 27 33 150 243
12 28 33 150 243
13 28 33 150 243
15 28 33 150 243
17 28 33 150 243
18 28 33 150 243
35 28 33 150 243
44 28 33 150 243
45 28 33 150 243
48 28 33 150 243
49 28 33 150 243
50 28 33 150 243
51 28 33 150 243
13 29 33 150 243
14 29 33 150 243
15 29 33 150 243
16 29 33 150 243
17 29 33 150 243
18 29 33 150 243
19 29 33 150 243
43 29 33 150 243
44 29 33 150 243
45 29 33 150 243
46 29 33 150 243
47 29 33 150 243
48 29 33 150 243
49 29 33 150 243
50 29 33 150 243
51 29 33 150 243
52 29 33 150 243
53 29 33 150 243
54 29 33 150 243
15 30 33 150 243
17 30 33 150 243
18 30 33 150 243
19 30 33 150 243
20 30 33 150 243
42 30 33 150 243
43 30 33 150 243
45 30 33 150 243
46 30 33 150 243
10 31 33 150 243
13 31 33 150 243
14 31 33 150 243
15 31 33 150 243
16 31 33 150 243
17 31 33 150 243
18 31 33 150 243
19 31 33 150 243
20 31 33 150 243
21 31 33 150 243
22 31 33 150 243
23 31 33 150 243
24 31 33 150 243
25 31 33 150 243
40 31 33 150 243
41 31 33 150 243
42 31 33 150 243
44 31 33 150 243
45 31 33 150 243
46 31 33 150 243
47 31 33 150 243
48 31 33 150 243
49 31 33 150 243
50 31 33 150 243
51 31 33 150 243
52 31 33 150 243
53 31 33 150 243
