19 0 33 151 243
20 0 33 151 242
21 0 32 150 242
22 0 33 151 243
23 0 32 150 243
24 0 32 151 243
25 0 32 150 243
26 0 32 150 243
27 0 33 151 243
28 0 33 150 243
29 0 33 150 242
30 0 33 150 243
31 0 33 151 243
32 0 32 150 243
33 0 33 150 243
34 0 32 151 243
35 0 33 150 243
36 0 32 151 242
37 0 33 151 243
38 0 33 151 243
39 0 32 150 243
40 0 33 150 243
41 0 33 150 243
42 0 32 150 243
43 0 33 150 243
44 0 33 151 243
29 1 32 151 243
30 1 32 150 243
31 1 33 150 243
32 1 33 150 242
33 1 32 150 243
34 1 33 150 243
35 1 32 150 243
31 2 33 151 243
32 2 33 150 243
33 2 32 150 243
34 2 32 150 243
