23 0 32 150 242
24 0 33 150 242
25 0 32 150 243
26 0 33 151 242
27 0 33 151 243
28 0 33 150 243
29 0 33 151 242
30 0 33 151 243
31 0 33 150 243
32 0 32 150 243
33 0 32 151 243
34 0 32 151 242
35 0 33 151 242
36 0 32 151 242
37 0 32 150 243
38 0 32 150 243
39 0 32 151 242
27 1 32 150 243
28 1 32 151 243
29 1 32 150 242
30 1 33 150 243
31 1 32 151 243
32 1 33 151 243
33 1 32 151 243
34 1 32 150 243
35 1 32 151 243
30 2 32 150 243
31 2 32 151 242
32 2 33 150 243
33 2 33 151 243
34 2 32 151 242
31 3 33 150 242
32 3 33 151 242
33 3 32 151 242
34 3 32 151 242
31 4 33 150 242
32 4 32 150 243
33 4 33 151 242
31 5 32 150 243
32 5 33 150 243
31 6 33 150 243
32 6 32 151 243
32 7 33 151 243
32 8 33 150 243
32 9 33 150 243
32 10 33 150 243
31 11 33 150 243
32 11 33 150 243
33 11 33 150 243
31 12 33 150 243
32 12 33 150 243
33 12 33 150 243
31 13 33 150 243
32 13 33 150 243
33 13 33 150 243
34 13 33 150 243
30 14 33 150 243
31 14 33 150 243
32 14 33 150 243
33 14 33 150 243
34 14 33 150 243
30 15 33 150 243
31 15 33 150 243
32 15 33 150 243
33 15 33 150 243
34 15 33 150 243
35 15 33 150 243
29 16 33 150 243
30 16 33 150 243
31 16 33 150 243
32 16 33 150 243
33 16 33 150 243
34 16 33 150 243
35 16 33 150 243
29 17 33 150 243
30 17 33 150 243
31 17 33 150 243
32 17 33 150 243
33 17 33 150 243
34 17 33 150 243
35 17 33 150 243
30 18 33 150 243
31 18 33 150 243
32 18 33 150 243
33 18 33 150 243
34 18 33 150 243
35 18 33 150 243
31 19 33 150 243
32 19 33 150 243
33 19 33 150 243
34 19 33 150 243
