12 0 33 151 243
13 0 33 150 243
14 0 33 151 243
15 0 33 150 242
16 0 33 150 243
17 0 33 150 243
18 0 33 150 242
19 0 33 150 243
20 0 33 150 243
21 0 33 150 243
22 0 32 150 243
23 0 33 150 243
24 0 33 150 243
25 0 33 150 243
26 0 33 150 243
27 0 33 150 243
28 0 33 150 243
29 0 33 150 243
30 0 33 150 243
31 0 32 150 243
32 0 33 150 243
33 0 33 150 243
34 0 33 151 243
35 0 33 150 243
36 0 33 150 243
37 0 33 150 243
38 0 33 150 243
39 0 33 151 243
40 0 32 150 243
41 0 32 150 243
42 0 33 150 243
43 0 33 150 243
44 0 32 150 243
45 0 33 150 242
46 0 33 150 243
47 0 33 150 242
48 0 33 151 243
49 0 33 150 243
50 0 33 150 243
51 0 32 151 243
52 0 33 151 243
17 1 32 150 243
18 1 33 150 243
19 1 32 150 243
20 1 33 150 243
21 1 33 151 243
22 1 32 150 243
23 1 33 151 243
24 1 33 150 243
25 1 33 150 243
26 1 33 151 243
27 1 33 150 243
28 1 33 150 242
29 1 32 150 243
30 1 33 150 242
31 1 32 150 243
32 1 33 150 243
33 1 33 150 243
34 1 33 150 242
35 1 32 150 243
36 1 33 150 242
37 1 33 151 242
38 1 33 151 243
39 1 32 150 243
40 1 33 150 242
30 2 32 150 243
31 2 33 150 243
32 2 33 150 243
