16 0 33 151 242
17 0 32 150 242
18 0 32 151 242
19 0 32 151 243
20 0 33 150 242
21 0 32 151 242
22 0 33 151 242
23 0 33 150 242
24 0 32 151 243
25 0 32 150 243
26 0 33 150 242
27 0 33 150 243
28 0 33 150 242
29 0 32 150 242
30 0 33 151 242
31 0 32 150 243
32 0 33 150 243
33 0 32 150 243
34 0 32 150 243
35 0 33 150 242
36 0 33 151 242
37 0 32 151 243
38 0 32 150 242
39 0 33 150 242
40 0 33 151 243
41 0 32 150 243
42 0 32 151 242
43 0 33 150 243
44 0 33 151 242
45 0 33 150 243
46 0 32 151 243
47 0 32 150 243
48 0 32 151 243
49 0 33 150 243
50 0 33 151 243
51 0 33 150 243
52 0 32 150 243
13 1 33 150 243
14 1 32 150 243
15 1 33 151 242
16 1 33 150 243
17 1 32 151 243
22 1 33 151 242
23 1 32 151 242
24 1 33 150 242
25 1 32 151 242
26 1 32 150 242
27 1 32 150 243
28 1 32 150 242
29 1 32 150 243
30 1 33 151 243
33 1 32 151 242
34 1 32 151 243
35 1 33 151 242
36 1 33 150 243
37 1 32 150 242
38 1 32 150 243
13 2 32 150 242
23 2 32 151 242
24 2 32 151 242
25 2 32 151 242
24 3 33 151 242
24 4 33 150 243
22 6 32 150 243
23 6 32 150 242
21 7 32 150 243
22 7 32 150 243
23 7 33 151 243
31 7 32 151 243
32 7 33 150 242
21 8 33 150 243
32 8 33 150 243
21 9 33 150 243
29 9 33 150 243
30 9 33 150 243
36 9 33 150 243
41 9 33 150 243
42 9 33 150 243
20 10 33 150 243
27 10 33 150 243
28 10 33 150 243
33 10 33 150 243
37 10 33 150 243
42 10 33 150 243
43 10 33 150 243
44 10 33 150 243
20 11 33 150 243
32 11 33 150 243
43 11 33 150 243
44 11 33 150 243
32 12 33 150 243
44 12 33 150 243
45 12 33 150 243
32 13 33 150 243
45 13 33 150 243
46 13 33 150 243
29 17 33 150 243
38 17 33 150 243
29 18 33 150 243
30 18 33 150 243
31 18 33 150 243
37 18 33 150 243
31 19 33 150 243
31 20 33 150 243
32 21 33 150 243
23 29 33 150 243
31 29 33 150 243
38 29 33 150 243
39 29 33 150 243
25 30 33 150 243
31 30 33 150 243
32 30 33 150 243
38 30 33 150 243
42 30 33 150 243
23 31 33 150 243
24 31 33 150 243
25 31 33 150 243
26 31 33 150 243
27 31 33 150 243
28 31 33 150 243
29 31 33 150 243
30 31 33 150 243
31 31 33 150 243
32 31 33 150 243
33 31 33 150 243
34 31 33 150 243
35 31 33 150 243
36 31 33 150 243
37 31 33 150 243
38 31 33 150 243
39 31 33 150 243
40 31 33 150 243
