13 0 33 150 242
17 0 32 151 242
18 0 33 151 242
19 0 32 150 242
20 0 32 150 243
21 0 33 151 242
22 0 33 151 242
23 0 33 150 243
24 0 32 151 242
25 0 33 151 242
26 0 33 151 242
27 0 32 150 242
28 0 33 151 242
29 0 32 151 242
30 0 33 151 242
31 0 33 151 243
32 0 33 151 242
33 0 33 151 242
34 0 33 151 242
35 0 33 150 243
36 0 32 151 243
37 0 32 151 242
38 0 33 150 242
39 0 32 151 242
40 0 33 150 243
41 0 32 150 242
42 0 33 151 242
43 0 33 151 242
44 0 32 151 242
45 0 33 150 243
9 1 32 150 242
10 1 33 151 243
11 1 32 151 242
12 1 33 151 243
13 1 32 150 243
14 1 33 150 243
15 1 32 151 243
24 1 33 150 242
25 1 33 151 242
26 1 33 151 242
27 1 32 150 243
46 1 33 150 243
8 2 33 150 242
9 2 33 151 242
10 2 32 151 243
11 2 32 151 242
12 2 33 150 243
13 2 32 151 243
24 2 33 150 242
25 2 32 150 242
12 3 33 151 243
13 3 32 151 242
19 3 32 150 243
20 3 32 150 242
21 3 32 150 242
48 3 33 151 242
49 3 33 150 243
50 3 33 151 243
18 4 32 151 242
19 4 33 150 243
50 4 32 151 243
11 5 32 151 243
17 5 33 150 242
18 5 33 151 243
11 6 33 150 243
31 6 33 150 242
32 6 33 150 243
32 7 33 151 242
33 7 32 150 242
29 8 33 150 243
30 8 33 150 243
33 8 33 150 243
20 9 33 150 243
28 9 33 150 243
29 9 33 150 243
30 9 33 150 243
33 9 33 150 243
35 9 33 150 243
36 9 33 150 243
19 10 33 150 243
27 10 33 150 243
33 10 33 150 243
36 10 33 150 243
37 10 33 150 243
18 11 33 150 243
27 11 33 150 243
33 11 33 150 243
38 11 33 150 243
43 11 33 150 243
26 12 33 150 243
27 12 33 150 243
33 12 33 150 243
39 12 33 150 243
44 12 33 150 243
17 13 33 150 243
26 13 33 150 243
32 13 33 150 243
33 13 33 150 243
39 13 33 150 243
45 13 33 150 243
46 13 33 150 243
26 14 33 150 243
32 14 33 150 243
33 14 33 150 243
46 14 33 150 243
32 15 33 150 243
47 15 33 150 243
47 16 33 150 243
48 17 33 150 243
27 19 33 150 243
28 19 33 150 243
36 19 33 150 243
37 19 33 150 243
29 20 33 150 243
30 20 33 150 243
31 20 33 150 243
33 20 33 150 243
35 20 33 150 243
36 20 33 150 243
31 21 33 150 243
32 21 33 150 243
33 21 33 150 243
34 21 33 150 243
35 21 33 150 243
21 27 33 150 243
40 27 33 150 243
41 27 33 150 243
42 27 33 150 243
46 27 33 150 243
20 28 33 150 243
21 28 33 150 243
22 28 33 150 243
40 28 33 150 243
45 28 33 150 243
46 28 33 150 243
48 28 33 150 243
18 29 33 150 243
20 29 33 150 243
21 29 33 150 243
45 29 33 150 243
46 29 33 150 243
47 29 33 150 243
21 30 33 150 243
22 30 33 150 243
33 30 33 150 243
43 30 33 150 243
44 30 33 150 243
46 30 33 150 243
47 30 33 150 243
49 30 33 150 243
18 31 33 150 243
19 31 33 150 243
20 31 33 150 243
21 31 33 150 243
22 31 33 150 243
23 31 33 150 243
24 31 33 150 243
25 31 33 150 243
26 31 33 150 243
27 31 33 150 243
28 31 33 150 243
29 31 33 150 243
32 31 33 150 243
37 31 33 150 243
38 31 33 150 243
39 31 33 150 243
40 31 33 150 243
41 31 33 150 243
42 31 33 150 243
43 31 33 150 243
44 31 33 150 243
45 31 33 150 243
46 31 33 150 243
47 31 33 150 243
48 31 33 150 243
