18 0 33 150 243
19 0 33 150 242
20 0 33 151 242
21 0 33 150 243
22 0 32 150 243
23 0 33 150 243
24 0 33 151 243
25 0 33 150 243
26 0 33 150 243
27 0 33 151 243
28 0 33 150 243
29 0 32 150 243
30 0 33 150 243
31 0 33 151 243
32 0 33 150 243
33 0 33 150 243
34 0 32 150 243
35 0 33 150 243
36 0 33 150 243
37 0 33 150 243
38 0 32 150 243
39 0 33 150 242
40 0 33 150 243
41 0 33 150 243
42 0 32 150 243
43 0 33 151 242
44 0 32 150 243
45 0 33 151 243
46 0 33 150 243
47 0 33 151 243
48 0 33 150 242
49 0 33 150 243
26 1 33 151 243
27 1 33 151 243
28 1 32 150 243
29 1 33 150 243
30 1 32 150 243
31 1 33 151 243
32 1 33 151 243
33 1 32 150 243
34 1 33 151 242
35 1 33 150 243
36 1 33 150 243
37 1 33 150 243
38 1 33 150 243
39 1 33 150 242
40 1 33 150 242
41 1 33 151 243
30 2 33 150 242
31 2 32 150 243
32 2 32 150 243
33 2 33 150 243
34 2 33 150 242
31 3 33 150 243
32 3 33 151 243
33 3 33 150 242
32 4 32 151 243
33 4 32 150 243
