17 0 33 151 243
18 0 32 150 243
19 0 33 151 243
20 0 33 150 243
21 0 33 151 242
22 0 32 150 243
23 0 32 151 243
24 0 33 151 243
25 0 32 151 242
26 0 32 151 243
27 0 33 150 243
28 0 32 150 243
29 0 33 151 243
30 0 32 151 243
31 0 33 151 243
32 0 33 151 243
33 0 32 150 243
34 0 32 151 243
35 0 32 151 242
36 0 32 150 242
37 0 33 151 243
38 0 33 151 243
39 0 33 151 243
40 0 33 150 243
41 0 33 151 243
42 0 32 151 242
43 0 33 151 243
44 0 33 150 242
45 0 33 150 242
46 0 32 150 243
47 0 32 150 242
27 1 33 150 242
28 1 32 151 242
29 1 32 150 243
30 1 33 150 243
31 1 33 151 243
32 1 32 151 243
33 1 33 150 242
34 1 32 151 242
35 1 32 151 243
29 2 33 150 243
30 2 33 151 242
31 2 33 150 243
32 2 33 151 243
30 3 33 150 243
31 3 32 150 242
30 4 33 150 243
31 4 33 151 242
32 4 32 151 242
31 5 32 150 243
32 5 33 151 242
31 6 33 151 242
32 6 32 151 242
32 7 33 151 242
