2 0 255 255 255
3 0 255 255 255
9 0 255 255 255
10 0 255 255 255
1 1 255 255 255
2 1 255 255 255
3 1 255 255 255
8 1 255 255 255
9 1 255 255 255
10 1 255 255 255
2 2 255 255 255
3 2 255 255 255
9 2 255 255 255
10 2 255 255 255
2 3 255 255 255
3 3 255 255 255
9 3 255 255 255
10 3 255 255 255
2 4 255 255 255
3 4 255 255 255
9 4 255 255 255
10 4 255 255 255
2 5 255 255 255
3 5 255 255 255
9 5 255 255 255
10 5 255 255 255
0 6 255 255 255
1 6 255 255 255
2 6 255 255 255
3 6 255 255 255
4 6 255 255 255
5 6 255 255 255
7 6 255 255 255
8 6 255 255 255
9 6 255 255 255
10 6 255 255 255
11 6 255 255 255
12 6 255 255 255
