2 0 255 255 255
3 0 255 255 255
9 0 255 255 255
10 0 255 255 255
11 0 255 255 255
1 1 255 255 255
2 1 255 255 255
3 1 255 255 255
8 1 255 255 255
11 1 255 255 255
12 1 255 255 255
2 2 255 255 255
3 2 255 255 255
7 2 255 255 255
8 2 255 255 255
12 2 255 255 255
13 2 255 255 255
2 3 255 255 255
3 3 255 255 255
7 3 255 255 255
8 3 255 255 255
12 3 255 255 255
13 3 255 255 255
2 4 255 255 255
3 4 255 255 255
7 4 255 255 255
8 4 255 255 255
12 4 255 255 255
13 4 255 255 255
2 5 255 255 255
3 5 255 255 255
8 5 255 255 255
9 5 255 255 255
12 5 255 255 255
0 6 255 255 255
1 6 255 255 255
2 6 255 255 255
3 6 255 255 255
4 6 255 255 255
5 6 255 255 255
9 6 255 255 255
10 6 255 255 255
11 6 255 255 255
