14 10 255 0 0
15 10 255 0 0
16 10 255 0 0
17 10 255 0 0
46 10 255 193 7
47 10 255 193 7
48 10 255 193 7
49 10 255 193 7
12 11 255 0 0
13 11 255 0 0
14 11 255 0 0
15 11 255 0 0
16 11 255 0 0
17 11 255 0 0
18 11 255 0 0
19 11 255 0 0
44 11 255 193 7
45 11 255 193 7
46 11 255 193 7
47 11 255 193 7
48 11 255 193 7
49 11 255 193 7
50 11 255 193 7
51 11 255 193 7
11 12 255 0 0
12 12 255 0 0
13 12 255 0 0
14 12 255 0 0
15 12 255 0 0
16 12 255 0 0
17 12 255 0 0
18 12 255 0 0
19 12 255 0 0
20 12 255 0 0
43 12 255 193 7
44 12 255 193 7
45 12 255 193 7
46 12 255 193 7
47 12 255 193 7
48 12 255 193 7
49 12 255 193 7
50 12 255 193 7
51 12 255 193 7
52 12 255 193 7
11 13 255 0 0
12 13 255 0 0
13 13 255 0 0
14 13 255 0 0
15 13 255 0 0
16 13 255 0 0
17 13 255 0 0
18 13 255 0 0
19 13 255 0 0
20 13 255 0 0
43 13 255 193 7
44 13 255 193 7
45 13 255 193 7
46 13 255 193 7
47 13 255 193 7
48 13 255 193 7
49 13 255 193 7
50 13 255 193 7
51 13 255 193 7
52 13 255 193 7
10 14 255 0 0
11 14 255 0 0
12 14 255 0 0
13 14 255 0 0
14 14 255 0 0
15 14 255 0 0
16 14 255 0 0
17 14 255 0 0
18 14 255 0 0
19 14 255 0 0
20 14 255 0 0
21 14 255 0 0
42 14 255 193 7
43 14 255 193 7
44 14 255 193 7
45 14 255 193 7
46 14 255 193 7
47 14 255 193 7
48 14 255 193 7
49 14 255 193 7
50 14 255 193 7
51 14 255 193 7
52 14 255 193 7
53 14 255 193 7
10 15 255 0 0
11 15 255 0 0
12 15 255 0 0
13 15 255 0 0
14 15 255 0 0
15 15 255 0 0
16 15 255 0 0
17 15 255 0 0
18 15 255 0 0
19 15 255 0 0
20 15 255 0 0
21 15 255 0 0
42 15 255 193 7
43 15 255 193 7
44 15 255 193 7
45 15 255 193 7
46 15 255 193 7
47 15 255 193 7
48 15 255 193 7
49 15 255 193 7
50 15 255 193 7
51 15 255 193 7
52 15 255 193 7
53 15 255 193 7
10 16 255 0 0
11 16 255 0 0
12 16 255 0 0
13 16 255 0 0
14 16 255 0 0
15 16 255 0 0
16 16 255 0 0
17 16 255 0 0
18 16 255 0 0
19 16 255 0 0
20 16 255 0 0
21 16 255 0 0
42 16 255 193 7
43 16 255 193 7
44 16 255 193 7
45 16 255 193 7
46 16 255 193 7
47 16 255 193 7
48 16 255 193 7
49 16 255 193 7
50 16 255 193 7
51 16 255 193 7
52 16 255 193 7
53 16 255 193 7
10 17 255 0 0
11 17 255 0 0
12 17 255 0 0
13 17 255 0 0
14 17 255 0 0
15 17 255 0 0
16 17 255 0 0
17 17 255 0 0
18 17 255 0 0
19 17 255 0 0
20 17 255 0 0
21 17 255 0 0
42 17 255 193 7
43 17 255 193 7
44 17 255 193 7
45 17 255 193 7
46 17 255 193 7
47 17 255 193 7
48 17 255 193 7
49 17 255 193 7
50 17 255 193 7
51 17 255 193 7
52 17 255 193 7
53 17 255 193 7
11 18 255 0 0
12 18 255 0 0
13 18 255 0 0
14 18 255 0 0
15 18 255 0 0
16 18 255 0 0
17 18 255 0 0
18 18 255 0 0
19 18 255 0 0
20 18 255 0 0
43 18 255 193 7
44 18 255 193 7
45 18 255 193 7
46 18 255 193 7
47 18 255 193 7
48 18 255 193 7
49 18 255 193 7
50 18 255 193 7
51 18 255 193 7
52 18 255 193 7
11 19 255 0 0
12 19 255 0 0
13 19 255 0 0
14 19 255 0 0
15 19 255 0 0
16 19 255 0 0
17 19 255 0 0
18 19 255 0 0
19 19 255 0 0
20 19 255 0 0
43 19 255 193 7
44 19 255 193 7
45 19 255 193 7
46 19 255 193 7
47 19 255 193 7
48 19 255 193 7
49 19 255 193 7
50 19 255 193 7
51 19 255 193 7
52 19 255 193 7
12 20 255 0 0
13 20 255 0 0
14 20 255 0 0
15 20 255 0 0
16 20 255 0 0
17 20 255 0 0
18 20 255 0 0
19 20 255 0 0
44 20 255 193 7
45 20 255 193 7
46 20 255 193 7
47 20 255 193 7
48 20 255 193 7
49 20 255 193 7
50 20 255 193 7
51 20 255 193 7
14 21 255 0 0
15 21 255 0 0
16 21 255 0 0
17 21 255 0 0
46 21 255 193 7
47 21 255 193 7
48 21 255 193 7
49 21 255 193 7
