14 7 255 193 7
15 7 255 193 7
16 7 255 193 7
17 7 255 193 7
46 7 255 0 0
47 7 255 0 0
48 7 255 0 0
49 7 255 0 0
12 8 255 193 7
13 8 255 193 7
14 8 255 193 7
15 8 255 193 7
16 8 255 193 7
17 8 255 193 7
18 8 255 193 7
19 8 255 193 7
44 8 255 0 0
45 8 255 0 0
46 8 255 0 0
47 8 255 0 0
48 8 255 0 0
49 8 255 0 0
50 8 255 0 0
51 8 255 0 0
10 9 255 193 7
11 9 255 193 7
12 9 255 193 7
13 9 255 193 7
14 9 255 193 7
15 9 255 193 7
16 9 255 193 7
17 9 255 193 7
18 9 255 193 7
19 9 255 193 7
20 9 255 193 7
21 9 255 193 7
42 9 255 0 0
43 9 255 0 0
44 9 255 0 0
45 9 255 0 0
46 9 255 0 0
47 9 255 0 0
48 9 255 0 0
49 9 255 0 0
50 9 255 0 0
51 9 255 0 0
52 9 255 0 0
53 9 255 0 0
9 10 255 193 7
10 10 255 193 7
11 10 255 193 7
12 10 255 193 7
13 10 255 193 7
14 10 255 193 7
15 10 255 193 7
16 10 255 193 7
17 10 255 193 7
18 10 255 193 7
19 10 255 193 7
20 10 255 193 7
21 10 255 193 7
22 10 255 193 7
41 10 255 0 0
42 10 255 0 0
43 10 255 0 0
44 10 255 0 0
45 10 255 0 0
46 10 255 0 0
47 10 255 0 0
48 10 255 0 0
49 10 255 0 0
50 10 255 0 0
51 10 255 0 0
52 10 255 0 0
53 10 255 0 0
54 10 255 0 0
9 11 255 193 7
10 11 255 193 7
11 11 255 193 7
12 11 255 193 7
13 11 255 193 7
14 11 255 193 7
15 11 255 193 7
16 11 255 193 7
17 11 255 193 7
18 11 255 193 7
19 11 255 193 7
20 11 255 193 7
21 11 255 193 7
22 11 255 193 7
41 11 255 0 0
42 11 255 0 0
43 11 255 0 0
44 11 255 0 0
45 11 255 0 0
46 11 255 0 0
47 11 255 0 0
48 11 255 0 0
49 11 255 0 0
50 11 255 0 0
51 11 255 0 0
52 11 255 0 0
53 11 255 0 0
54 11 255 0 0
8 12 255 193 7
9 12 255 193 7
10 12 255 193 7
11 12 255 193 7
12 12 255 193 7
13 12 255 193 7
14 12 255 193 7
15 12 255 193 7
16 12 255 193 7
17 12 255 193 7
18 12 255 193 7
19 12 255 193 7
20 12 255 193 7
21 12 255 193 7
22 12 255 193 7
23 12 255 193 7
40 12 255 0 0
41 12 255 0 0
42 12 255 0 0
43 12 255 0 0
44 12 255 0 0
45 12 255 0 0
46 12 255 0 0
47 12 255 0 0
48 12 255 0 0
49 12 255 0 0
50 12 255 0 0
51 12 255 0 0
52 12 255 0 0
53 12 255 0 0
54 12 255 0 0
55 12 255 0 0
8 13 255 193 7
9 13 255 193 7
10 13 255 193 7
11 13 255 193 7
12 13 255 193 7
13 13 255 193 7
14 13 255 193 7
15 13 255 193 7
16 13 255 193 7
17 13 255 193 7
18 13 255 193 7
19 13 255 193 7
20 13 255 193 7
21 13 255 193 7
22 13 255 193 7
23 13 255 193 7
40 13 255 0 0
41 13 255 0 0
42 13 255 0 0
43 13 255 0 0
44 13 255 0 0
45 13 255 0 0
46 13 255 0 0
47 13 255 0 0
48 13 255 0 0
49 13 255 0 0
50 13 255 0 0
51 13 255 0 0
52 13 255 0 0
53 13 255 0 0
54 13 255 0 0
55 13 255 0 0
7 14 255 193 7
8 14 255 193 7
9 14 255 193 7
10 14 255 193 7
11 14 255 193 7
12 14 255 193 7
13 14 255 193 7
14 14 255 193 7
15 14 255 193 7
16 14 255 193 7
17 14 255 193 7
18 14 255 193 7
19 14 255 193 7
20 14 255 193 7
21 14 255 193 7
22 14 255 193 7
23 14 255 193 7
24 14 255 193 7
39 14 255 0 0
40 14 255 0 0
41 14 255 0 0
42 14 255 0 0
43 14 255 0 0
44 14 255 0 0
45 14 255 0 0
46 14 255 0 0
47 14 255 0 0
48 14 255 0 0
49 14 255 0 0
50 14 255 0 0
51 14 255 0 0
52 14 255 0 0
53 14 255 0 0
54 14 255 0 0
55 14 255 0 0
56 14 255 0 0
7 15 255 193 7
8 15 255 193 7
9 15 255 193 7
10 15 255 193 7
11 15 255 193 7
12 15 255 193 7
13 15 255 193 7
14 15 255 193 7
15 15 255 193 7
16 15 255 193 7
17 15 255 193 7
18 15 255 193 7
19 15 255 193 7
20 15 255 193 7
21 15 255 193 7
22 15 255 193 7
23 15 255 193 7
24 15 255 193 7
39 15 255 0 0
40 15 255 0 0
41 15 255 0 0
42 15 255 0 0
43 15 255 0 0
44 15 255 0 0
45 15 255 0 0
46 15 255 0 0
47 15 255 0 0
48 15 255 0 0
49 15 255 0 0
50 15 255 0 0
51 15 255 0 0
52 15 255 0 0
53 15 255 0 0
54 15 255 0 0
55 15 255 0 0
56 15 255 0 0
7 16 255 193 7
8 16 255 193 7
9 16 255 193 7
10 16 255 193 7
11 16 255 193 7
12 16 255 193 7
13 16 255 193 7
14 16 255 193 7
15 16 255 193 7
16 16 255 193 7
17 16 255 193 7
18 16 255 193 7
19 16 255 193 7
20 16 255 193 7
21 16 255 193 7
22 16 255 193 7
23 16 255 193 7
24 16 255 193 7
39 16 255 0 0
40 16 255 0 0
41 16 255 0 0
42 16 255 0 0
43 16 255 0 0
44 16 255 0 0
45 16 255 0 0
46 16 255 0 0
47 16 255 0 0
48 16 255 0 0
49 16 255 0 0
50 16 255 0 0
51 16 255 0 0
52 16 255 0 0
53 16 255 0 0
54 16 255 0 0
55 16 255 0 0
56 16 255 0 0
7 17 255 193 7
8 17 255 193 7
9 17 255 193 7
10 17 255 193 7
11 17 255 193 7
12 17 255 193 7
13 17 255 193 7
14 17 255 193 7
15 17 255 193 7
16 17 255 193 7
17 17 255 193 7
18 17 255 193 7
19 17 255 193 7
20 17 255 193 7
21 17 255 193 7
22 17 255 193 7
23 17 255 193 7
24 17 255 193 7
39 17 255 0 0
40 17 255 0 0
41 17 255 0 0
42 17 255 0 0
43 17 255 0 0
44 17 255 0 0
45 17 255 0 0
46 17 255 0 0
47 17 255 0 0
48 17 255 0 0
49 17 255 0 0
50 17 255 0 0
51 17 255 0 0
52 17 255 0 0
53 17 255 0 0
54 17 255 0 0
55 17 255 0 0
56 17 255 0 0
8 18 255 193 7
9 18 255 193 7
10 18 255 193 7
11 18 255 193 7
12 18 255 193 7
13 18 255 193 7
14 18 255 193 7
15 18 255 193 7
16 18 255 193 7
17 18 255 193 7
18 18 255 193 7
19 18 255 193 7
20 18 255 193 7
21 18 255 193 7
22 18 255 193 7
23 18 255 193 7
40 18 255 0 0
41 18 255 0 0
42 18 255 0 0
43 18 255 0 0
44 18 255 0 0
45 18 255 0 0
46 18 255 0 0
47 18 255 0 0
48 18 255 0 0
49 18 255 0 0
50 18 255 0 0
51 18 255 0 0
52 18 255 0 0
53 18 255 0 0
54 18 255 0 0
55 18 255 0 0
8 19 255 193 7
9 19 255 193 7
10 19 255 193 7
11 19 255 193 7
12 19 255 193 7
13 19 255 193 7
14 19 255 193 7
15 19 255 193 7
16 19 255 193 7
17 19 255 193 7
18 19 255 193 7
19 19 255 193 7
20 19 255 193 7
21 19 255 193 7
22 19 255 193 7
23 19 255 193 7
40 19 255 0 0
41 19 255 0 0
42 19 255 0 0
43 19 255 0 0
44 19 255 0 0
45 19 255 0 0
46 19 255 0 0
47 19 255 0 0
48 19 255 0 0
49 19 255 0 0
50 19 255 0 0
51 19 255 0 0
52 19 255 0 0
53 19 255 0 0
54 19 255 0 0
55 19 255 0 0
9 20 255 193 7
10 20 255 193 7
11 20 255 193 7
12 20 255 193 7
13 20 255 193 7
14 20 255 193 7
15 20 255 193 7
16 20 255 193 7
17 20 255 193 7
18 20 255 193 7
19 20 255 193 7
20 20 255 193 7
21 20 255 193 7
22 20 255 193 7
41 20 255 0 0
42 20 255 0 0
43 20 255 0 0
44 20 255 0 0
45 20 255 0 0
46 20 255 0 0
47 20 255 0 0
48 20 255 0 0
49 20 255 0 0
50 20 255 0 0
51 20 255 0 0
52 20 255 0 0
53 20 255 0 0
54 20 255 0 0
9 21 255 193 7
10 21 255 193 7
11 21 255 193 7
12 21 255 193 7
13 21 255 193 7
14 21 255 193 7
15 21 255 193 7
16 21 255 193 7
17 21 255 193 7
18 21 255 193 7
19 21 255 193 7
20 21 255 193 7
21 21 255 193 7
22 21 255 193 7
41 21 255 0 0
42 21 255 0 0
43 21 255 0 0
44 21 255 0 0
45 21 255 0 0
46 21 255 0 0
47 21 255 0 0
48 21 255 0 0
49 21 255 0 0
50 21 255 0 0
51 21 255 0 0
52 21 255 0 0
53 21 255 0 0
54 21 255 0 0
10 22 255 193 7
11 22 255 193 7
12 22 255 193 7
13 22 255 193 7
14 22 255 193 7
15 22 255 193 7
16 22 255 193 7
17 22 255 193 7
18 22 255 193 7
19 22 255 193 7
20 22 255 193 7
21 22 255 193 7
42 22 255 0 0
43 22 255 0 0
44 22 255 0 0
45 22 255 0 0
46 22 255 0 0
47 22 255 0 0
48 22 255 0 0
49 22 255 0 0
50 22 255 0 0
51 22 255 0 0
52 22 255 0 0
53 22 255 0 0
12 23 255 193 7
13 23 255 193 7
14 23 255 193 7
15 23 255 193 7
16 23 255 193 7
17 23 255 193 7
18 23 255 193 7
19 23 255 193 7
44 23 255 0 0
45 23 255 0 0
46 23 255 0 0
47 23 255 0 0
48 23 255 0 0
49 23 255 0 0
50 23 255 0 0
51 23 255 0 0
14 24 255 193 7
15 24 255 193 7
16 24 255 193 7
17 24 255 193 7
46 24 255 0 0
47 24 255 0 0
48 24 255 0 0
49 24 255 0 0
