15 13 255 193 7
16 13 255 193 7
47 13 255 0 0
48 13 255 0 0
14 14 255 193 7
15 14 255 193 7
16 14 255 193 7
17 14 255 193 7
46 14 255 0 0
47 14 255 0 0
48 14 255 0 0
49 14 255 0 0
13 15 255 193 7
14 15 255 193 7
15 15 255 193 7
16 15 255 193 7
17 15 255 193 7
18 15 255 193 7
45 15 255 0 0
46 15 255 0 0
47 15 255 0 0
48 15 255 0 0
49 15 255 0 0
50 15 255 0 0
13 16 255 193 7
14 16 255 193 7
15 16 255 193 7
16 16 255 193 7
17 16 255 193 7
18 16 255 193 7
45 16 255 0 0
46 16 255 0 0
47 16 255 0 0
48 16 255 0 0
49 16 255 0 0
50 16 255 0 0
14 17 255 193 7
15 17 255 193 7
16 17 255 193 7
17 17 255 193 7
46 17 255 0 0
47 17 255 0 0
48 17 255 0 0
49 17 255 0 0
15 18 255 193 7
16 18 255 193 7
47 18 255 0 0
48 18 255 0 0
