0 0 255 255 255
63 0 255 255 255
6 2 255 255 255
11 3 255 255 255
11 4 255 255 255
11 5 255 255 255
6 6 255 255 255
9 6 255 255 255
10 6 255 255 255
11 6 255 255 255
12 6 255 255 255
13 6 255 255 255
14 6 255 255 255
6 7 255 255 255
11 7 255 255 255
6 8 255 255 255
11 8 255 255 255
6 9 255 255 255
11 9 255 255 255
6 10 255 255 255
7 10 255 255 255
11 10 255 255 255
12 10 255 255 255
7 11 255 255 255
8 11 255 255 255
25 14 255 255 255
38 14 255 255 255
51 14 255 255 255
17 15 255 255 255
25 15 255 255 255
38 15 255 255 255
51 15 255 255 255
17 16 255 255 255
25 16 255 255 255
38 16 255 255 255
51 16 255 255 255
17 17 255 255 255
25 17 255 255 255
38 17 255 255 255
51 17 255 255 255
17 18 255 255 255
25 18 255 255 255
29 18 255 255 255
30 18 255 255 255
31 18 255 255 255
35 18 255 255 255
36 18 255 255 255
38 18 255 255 255
39 18 255 255 255
40 18 255 255 255
41 18 255 255 255
45 18 255 255 255
46 18 255 255 255
47 18 255 255 255
51 18 255 255 255
17 19 255 255 255
20 19 255 255 255
21 19 255 255 255
25 19 255 255 255
29 19 255 255 255
32 19 255 255 255
35 19 255 255 255
38 19 255 255 255
39 19 255 255 255
45 19 255 255 255
51 19 255 255 255
18 20 255 255 255
20 20 255 255 255
21 20 255 255 255
25 20 255 255 255
29 20 255 255 255
32 20 255 255 255
35 20 255 255 255
38 20 255 255 255
39 20 255 255 255
45 20 255 255 255
46 20 255 255 255
51 20 255 255 255
19 21 255 255 255
20 21 255 255 255
21 21 255 255 255
22 21 255 255 255
24 21 255 255 255
25 21 255 255 255
29 21 255 255 255
32 21 255 255 255
35 21 255 255 255
38 21 255 255 255
40 21 255 255 255
41 21 255 255 255
46 21 255 255 255
47 21 255 255 255
48 21 255 255 255
22 22 255 255 255
23 22 255 255 255
24 22 255 255 255
30 22 255 255 255
31 22 255 255 255
32 22 255 255 255
35 22 255 255 255
38 22 255 255 255
41 22 255 255 255
44 22 255 255 255
45 22 255 255 255
48 22 255 255 255
51 22 255 255 255
45 23 255 255 255
46 23 255 255 255
47 23 255 255 255
48 23 255 255 255
51 23 255 255 255
0 31 255 255 255
63 31 255 255 255
