31 3 255 187 0
32 3 255 0 0
31 4 255 0 0
32 4 255 187 0
31 5 255 187 0
32 5 255 0 0
31 6 255 0 0
32 6 255 187 0
31 7 255 187 0
32 7 255 0 0
31 8 255 0 0
32 8 255 187 0
31 9 255 187 0
32 9 255 0 0
31 10 255 0 0
32 10 255 187 0
31 11 255 187 0
32 11 255 0 0
31 12 255 0 0
32 12 255 187 0
31 13 255 187 0
32 13 255 0 0
31 14 255 0 0
32 14 255 187 0
31 15 255 187 0
32 15 255 0 0
31 16 255 0 0
32 16 255 187 0
31 17 255 187 0
32 17 255 0 0
31 18 255 0 0
32 18 255 187 0
31 19 255 187 0
32 19 255 0 0
31 20 255 0 0
32 20 255 187 0
31 21 255 187 0
32 21 255 0 0
31 22 255 0 0
32 22 255 187 0
31 23 255 187 0
32 23 255 0 0
31 24 255 0 0
32 24 255 187 0
31 25 255 187 0
32 25 255 0 0
31 26 255 0 0
32 26 255 187 0
31 27 255 187 0
32 27 255 0 0
31 28 255 0 0
32 28 255 187 0
