2 1 255 255 255
3 1 255 255 255
4 1 255 255 255
8 1 255 255 255
9 1 255 255 255
10 1 255 255 255
14 1 255 255 255
15 1 255 255 255
16 1 255 255 255
47 1 255 255 255
48 1 255 255 255
49 1 255 255 255
53 1 255 255 255
54 1 255 255 255
55 1 255 255 255
59 1 255 255 255
60 1 255 255 255
61 1 255 255 255
1 2 255 255 255
3 2 255 255 255
5 2 255 255 255
7 2 255 255 255
11 2 255 255 255
13 2 255 255 255
17 2 255 255 255
46 2 255 255 255
50 2 255 255 255
52 2 255 255 255
54 2 255 255 255
56 2 255 255 255
58 2 255 255 255
60 2 255 255 255
62 2 255 255 255
1 3 255 255 255
2 3 255 255 255
4 3 255 255 255
5 3 255 255 255
7 3 255 255 255
11 3 255 255 255
13 3 255 255 255
17 3 255 255 255
31 3 255 0 0
32 3 255 193 7
46 3 255 255 255
50 3 255 255 255
52 3 255 255 255
53 3 255 255 255
55 3 255 255 255
56 3 255 255 255
58 3 255 255 255
59 3 255 255 255
61 3 255 255 255
62 3 255 255 255
1 4 255 255 255
3 4 255 255 255
5 4 255 255 255
7 4 255 255 255
11 4 255 255 255
13 4 255 255 255
17 4 255 255 255
31 4 255 193 7
32 4 255 0 0
46 4 255 255 255
50 4 255 255 255
52 4 255 255 255
54 4 255 255 255
56 4 255 255 255
58 4 255 255 255
60 4 255 255 255
62 4 255 255 255
2 5 255 255 255
3 5 255 255 255
4 5 255 255 255
8 5 255 255 255
9 5 255 255 255
10 5 255 255 255
14 5 255 255 255
15 5 255 255 255
16 5 255 255 255
31 5 255 0 0
32 5 255 193 7
47 5 255 255 255
48 5 255 255 255
49 5 255 255 255
53 5 255 255 255
54 5 255 255 255
55 5 255 255 255
59 5 255 255 255
60 5 255 255 255
61 5 255 255 255
31 6 255 193 7
32 6 255 0 0
31 7 255 0 0
32 7 255 193 7
31 8 255 193 7
32 8 255 0 0
31 9 255 0 0
32 9 255 193 7
31 10 255 193 7
32 10 255 0 0
31 11 255 0 0
32 11 255 193 7
10 12 255 0 0
11 12 255 0 0
17 12 255 0 0
18 12 255 0 0
19 12 255 0 0
31 12 255 193 7
32 12 255 0 0
45 12 255 193 7
46 12 255 193 7
47 12 255 193 7
48 12 255 193 7
49 12 255 193 7
50 12 255 193 7
51 12 255 193 7
9 13 255 0 0
10 13 255 0 0
11 13 255 0 0
16 13 255 0 0
19 13 255 0 0
20 13 255 0 0
31 13 255 0 0
32 13 255 193 7
45 13 255 193 7
50 13 255 193 7
51 13 255 193 7
10 14 255 0 0
11 14 255 0 0
15 14 255 0 0
16 14 255 0 0
20 14 255 0 0
21 14 255 0 0
31 14 255 193 7
32 14 255 0 0
49 14 255 193 7
50 14 255 193 7
10 15 255 0 0
11 15 255 0 0
15 15 255 0 0
16 15 255 0 0
20 15 255 0 0
21 15 255 0 0
31 15 255 0 0
32 15 255 193 7
48 15 255 193 7
49 15 255 193 7
10 16 255 0 0
11 16 255 0 0
15 16 255 0 0
16 16 255 0 0
20 16 255 0 0
21 16 255 0 0
31 16 255 193 7
32 16 255 0 0
47 16 255 193 7
48 16 255 193 7
10 17 255 0 0
11 17 255 0 0
16 17 255 0 0
17 17 255 0 0
20 17 255 0 0
31 17 255 0 0
32 17 255 193 7
47 17 255 193 7
48 17 255 193 7
8 18 255 0 0
9 18 255 0 0
10 18 255 0 0
11 18 255 0 0
12 18 255 0 0
13 18 255 0 0
17 18 255 0 0
18 18 255 0 0
19 18 255 0 0
31 18 255 193 7
32 18 255 0 0
47 18 255 193 7
48 18 255 193 7
31 19 255 0 0
32 19 255 193 7
31 20 255 193 7
32 20 255 0 0
31 21 255 0 0
32 21 255 193 7
31 22 255 193 7
32 22 255 0 0
31 23 255 0 0
32 23 255 193 7
31 24 255 193 7
32 24 255 0 0
31 25 255 0 0
32 25 255 193 7
31 26 255 193 7
32 26 255 0 0
31 27 255 0 0
32 27 255 193 7
31 28 255 193 7
32 28 255 0 0
