20 12 255 235 59
21 12 255 235 59
22 12 255 235 59
23 12 255 235 59
24 12 255 235 59
25 12 255 235 59
26 12 255 235 59
32 12 255 235 59
41 12 255 235 59
21 13 255 235 59
22 13 255 235 59
30 13 255 235 59
31 13 255 235 59
32 13 255 235 59
33 13 255 235 59
34 13 255 235 59
40 13 255 235 59
41 13 255 235 59
42 13 255 235 59
22 14 255 235 59
23 14 255 235 59
29 14 255 235 59
30 14 255 235 59
32 14 255 235 59
34 14 255 235 59
35 14 255 235 59
40 14 255 235 59
41 14 255 235 59
42 14 255 235 59
23 15 255 235 59
24 15 255 235 59
29 15 255 235 59
30 15 255 235 59
32 15 255 235 59
34 15 255 235 59
35 15 255 235 59
39 15 255 235 59
40 15 255 235 59
42 15 255 235 59
43 15 255 235 59
22 16 255 235 59
23 16 255 235 59
29 16 255 235 59
30 16 255 235 59
32 16 255 235 59
34 16 255 235 59
35 16 255 235 59
39 16 255 235 59
42 16 255 235 59
43 16 255 235 59
21 17 255 235 59
22 17 255 235 59
30 17 255 235 59
31 17 255 235 59
32 17 255 235 59
33 17 255 235 59
34 17 255 235 59
38 17 255 235 59
39 17 255 235 59
43 17 255 235 59
44 17 255 235 59
20 18 255 235 59
21 18 255 235 59
22 18 255 235 59
23 18 255 235 59
24 18 255 235 59
25 18 255 235 59
26 18 255 235 59
32 18 255 235 59
38 18 255 235 59
39 18 255 235 59
40 18 255 235 59
41 18 255 235 59
42 18 255 235 59
43 18 255 235 59
44 18 255 235 59
