26 5 64 55 99
27 5 64 55 99
28 5 64 55 99
37 5 64 55 99
38 5 64 55 99
39 5 64 55 99
25 6 64 55 99
26 6 167 141 240
27 6 167 141 240
28 6 107 81 190
29 6 107 81 190
30 6 64 55 99
31 6 64 55 99
32 6 64 55 99
33 6 64 55 99
34 6 64 55 99
35 6 64 55 99
36 6 107 81 190
37 6 107 81 190
38 6 167 141 240
39 6 167 141 240
40 6 64 55 99
25 7 64 55 99
26 7 167 141 240
27 7 167 141 240
28 7 167 141 240
29 7 167 141 240
30 7 167 141 240
31 7 167 141 240
32 7 167 141 240
33 7 167 141 240
34 7 167 141 240
35 7 167 141 240
36 7 167 141 240
37 7 167 141 240
38 7 167 141 240
39 7 167 141 240
40 7 64 55 99
25 8 64 55 99
26 8 107 81 190
27 8 167 141 240
28 8 255 223 73
29 8 255 223 73
30 8 255 223 73
31 8 255 223 73
32 8 167 141 240
33 8 167 141 240
34 8 255 223 73
35 8 255 223 73
36 8 255 223 73
37 8 255 223 73
38 8 167 141 240
39 8 107 81 190
40 8 64 55 99
25 9 64 55 99
26 9 167 141 240
27 9 255 223 73
28 9 255 223 73
29 9 255 223 73
30 9 255 223 73
31 9 255 223 73
32 9 255 223 73
33 9 255 223 73
34 9 255 223 73
35 9 255 223 73
36 9 255 223 73
37 9 255 223 73
38 9 255 223 73
39 9 167 141 240
40 9 64 55 99
24 10 64 55 99
25 10 107 81 190
26 10 167 141 240
27 10 255 223 73
28 10 133 99 0
31 10 255 223 73
32 10 255 223 73
33 10 255 223 73
34 10 255 223 73
37 10 133 99 0
38 10 255 223 73
39 10 167 141 240
40 10 107 81 190
41 10 64 55 99
24 11 64 55 99
25 11 167 141 240
26 11 255 223 73
27 11 255 223 73
28 11 255 223 73
29 11 255 223 73
30 11 255 223 73
31 11 255 223 73
32 11 255 223 73
33 11 255 223 73
34 11 255 223 73
35 11 255 223 73
36 11 255 223 73
37 11 255 223 73
38 11 255 223 73
39 11 255 223 73
40 11 167 141 240
41 11 64 55 99
24 12 64 55 99
25 12 167 141 240
26 12 255 223 73
27 12 255 223 73
28 12 255 223 73
29 12 255 223 73
30 12 255 223 73
31 12 133 99 0
32 12 133 99 0
33 12 133 99 0
34 12 133 99 0
35 12 255 223 73
36 12 255 223 73
37 12 255 223 73
38 12 255 223 73
39 12 255 223 73
40 12 167 141 240
41 12 64 55 99
24 13 64 55 99
25 13 167 141 240
26 13 255 223 73
27 13 255 223 73
28 13 255 223 73
29 13 255 223 73
30 13 255 223 73
31 13 255 223 73
32 13 255 223 73
33 13 255 223 73
34 13 255 223 73
35 13 255 223 73
36 13 255 223 73
37 13 255 223 73
38 13 255 223 73
39 13 255 223 73
40 13 167 141 240
41 13 64 55 99
24 14 64 55 99
25 14 107 81 190
26 14 167 141 240
27 14 255 223 73
28 14 255 223 73
29 14 215 175 27
30 14 215 175 27
31 14 215 175 27
32 14 215 175 27
33 14 215 175 27
34 14 215 175 27
35 14 215 175 27
36 14 215 175 27
37 14 255 223 73
38 14 255 223 73
39 14 167 141 240
40 14 107 81 190
41 14 64 55 99
24 15 64 55 99
25 15 107 81 190
26 15 107 81 190
27 15 107 81 190
28 15 215 175 27
29 15 255 223 73
30 15 255 223 73
31 15 255 223 73
32 15 255 223 73
33 15 255 223 73
34 15 255 223 73
35 15 255 223 73
36 15 255 223 73
37 15 215 175 27
38 15 107 81 190
39 15 107 81 190
40 15 107 81 190
41 15 64 55 99
23 16 64 55 99
24 16 167 141 240
25 16 167 141 240
26 16 167 141 240
27 16 255 255 255
28 16 107 81 190
29 16 255 223 73
30 16 255 223 73
31 16 255 223 73
32 16 255 223 73
33 16 255 223 73
34 16 255 223 73
35 16 255 223 73
36 16 255 223 73
37 16 107 81 190
38 16 255 255 255
39 16 167 141 240
40 16 167 141 240
41 16 167 141 240
42 16 64 55 99
22 17 64 55 99
23 17 167 141 240
24 17 167 141 240
25 17 167 141 240
26 17 167 141 240
27 17 167 141 240
28 17 107 81 190
29 17 255 223 73
30 17 255 223 73
31 17 255 223 73
32 17 255 223 73
33 17 255 223 73
34 17 255 223 73
35 17 255 223 73
36 17 255 223 73
37 17 107 81 190
38 17 167 141 240
39 17 167 141 240
40 17 167 141 240
41 17 167 141 240
42 17 167 141 240
43 17 64 55 99
22 18 64 55 99
23 18 167 141 240
24 18 167 141 240
25 18 167 141 240
26 18 167 141 240
27 18 255 255 255
28 18 107 81 190
29 18 255 223 73
30 18 255 223 73
31 18 255 223 73
32 18 255 223 73
33 18 255 223 73
34 18 255 223 73
35 18 255 223 73
36 18 255 223 73
37 18 107 81 190
38 18 255 255 255
39 18 167 141 240
40 18 167 141 240
41 18 167 141 240
42 18 167 141 240
43 18 64 55 99
22 19 64 55 99
23 19 107 81 190
24 19 167 141 240
25 19 167 141 240
26 19 255 255 255
27 19 107 81 190
28 19 255 223 73
29 19 255 223 73
30 19 255 223 73
31 19 255 223 73
32 19 255 223 73
33 19 255 223 73
34 19 255 223 73
35 19 255 223 73
36 19 255 223 73
37 19 255 223 73
38 19 107 81 190
39 19 255 255 255
40 19 167 141 240
41 19 167 141 240
42 19 107 81 190
43 19 64 55 99
23 20 64 55 99
24 20 64 55 99
25 20 64 55 99
26 20 107 81 190
27 20 215 175 27
28 20 215 175 27
29 20 215 175 27
30 20 255 223 73
31 20 255 223 73
32 20 255 223 73
33 20 255 223 73
34 20 255 223 73
35 20 255 223 73
36 20 215 175 27
37 20 215 175 27
38 20 215 175 27
39 20 107 81 190
40 20 64 55 99
41 20 64 55 99
42 20 64 55 99
22 21 64 55 99
23 21 215 175 27
24 21 255 255 255
25 21 255 223 73
26 21 133 99 0
27 21 215 175 27
28 21 215 175 27
29 21 215 175 27
30 21 215 175 27
31 21 215 175 27
32 21 215 175 27
33 21 215 175 27
34 21 215 175 27
35 21 215 175 27
36 21 215 175 27
37 21 215 175 27
38 21 215 175 27
39 21 133 99 0
40 21 255 223 73
41 21 255 255 255
42 21 215 175 27
43 21 64 55 99
21 22 64 55 99
22 22 255 255 255
23 22 255 223 73
24 22 255 223 73
25 22 255 223 73
26 22 255 223 73
27 22 133 99 0
28 22 107 81 190
29 22 215 175 27
30 22 215 175 27
31 22 215 175 27
32 22 215 175 27
33 22 215 175 27
34 22 215 175 27
35 22 215 175 27
36 22 215 175 27
37 22 107 81 190
38 22 133 99 0
39 22 255 223 73
40 22 255 223 73
41 22 255 223 73
42 22 255 223 73
43 22 255 255 255
44 22 64 55 99
21 23 64 55 99
22 23 215 175 27
23 23 255 223 73
24 23 133 99 0
25 23 133 99 0
26 23 255 223 73
27 23 133 99 0
28 23 107 81 190
29 23 107 81 190
30 23 107 81 190
31 23 107 81 190
32 23 107 81 190
33 23 107 81 190
34 23 107 81 190
35 23 107 81 190
36 23 107 81 190
37 23 107 81 190
38 23 133 99 0
39 23 255 223 73
40 23 133 99 0
41 23 133 99 0
42 23 255 223 73
43 23 215 175 27
44 23 64 55 99
21 24 64 55 99
22 24 255 255 255
23 24 255 223 73
24 24 133 99 0
25 24 133 99 0
26 24 215 175 27
27 24 133 99 0
28 24 107 81 190
29 24 107 81 190
30 24 107 81 190
31 24 107 81 190
32 24 107 81 190
33 24 107 81 190
34 24 107 81 190
35 24 107 81 190
36 24 107 81 190
37 24 107 81 190
38 24 133 99 0
39 24 215 175 27
40 24 133 99 0
41 24 133 99 0
42 24 255 223 73
43 24 255 255 255
44 24 64 55 99
23 25 215 175 27
24 25 215 175 27
25 25 215 175 27
26 25 133 99 0
29 25 107 81 190
30 25 107 81 190
31 25 107 81 190
32 25 107 81 190
33 25 107 81 190
34 25 107 81 190
35 25 107 81 190
36 25 107 81 190
39 25 133 99 0
40 25 215 175 27
41 25 215 175 27
42 25 215 175 27
