4 4 185 0 0
5 4 185 0 0
6 4 185 0 0
7 4 185 0 0
8 4 185 0 0
9 4 185 0 0
10 4 185 0 0
11 4 185 0 0
12 4 185 0 0
13 4 185 0 0
14 4 185 0 0
15 4 185 0 0
16 4 185 0 0
17 4 185 0 0
18 4 185 0 0
30 4 255 255 255
31 4 255 255 255
32 4 255 255 255
33 4 255 255 255
54 4 227 174 53
4 5 185 0 0
5 5 185 0 0
6 5 185 0 0
7 5 185 0 0
8 5 185 0 0
9 5 185 0 0
10 5 185 0 0
11 5 185 0 0
12 5 185 0 0
13 5 185 0 0
14 5 185 0 0
15 5 185 0 0
16 5 185 0 0
17 5 185 0 0
18 5 185 0 0
31 5 255 255 255
32 5 255 255 255
53 5 227 174 53
54 5 227 174 53
4 6 185 0 0
5 6 185 0 0
6 6 185 0 0
7 6 185 0 0
8 6 185 0 0
9 6 185 0 0
10 6 185 0 0
11 6 185 0 0
12 6 185 0 0
13 6 185 0 0
14 6 185 0 0
15 6 185 0 0
16 6 185 0 0
17 6 185 0 0
18 6 185 0 0
31 6 255 255 255
32 6 255 255 255
53 6 227 174 53
54 6 227 174 53
4 7 185 0 0
5 7 185 0 0
6 7 185 0 0
18 7 185 0 0
29 7 255 255 255
30 7 255 255 255
31 7 255 255 255
32 7 255 255 255
33 7 255 255 255
34 7 255 255 255
52 7 227 174 53
53 7 227 174 53
54 7 227 174 53
55 7 227 174 53
4 8 185 0 0
5 8 185 0 0
6 8 185 0 0
7 8 185 0 0
18 8 185 0 0
27 8 255 255 255
28 8 255 255 255
29 8 255 255 255
30 8 255 255 255
31 8 255 255 255
32 8 255 255 255
33 8 255 255 255
34 8 255 255 255
35 8 255 255 255
36 8 255 255 255
51 8 227 174 53
52 8 227 174 53
53 8 227 174 53
54 8 227 174 53
55 8 227 174 53
4 9 185 0 0
5 9 185 0 0
6 9 185 0 0
7 9 185 0 0
8 9 185 0 0
18 9 185 0 0
26 9 255 255 255
27 9 255 255 255
28 9 255 255 255
31 9 255 255 255
32 9 255 255 255
35 9 255 255 255
36 9 255 255 255
37 9 255 255 255
51 9 227 174 53
52 9 227 174 53
54 9 227 174 53
55 9 227 174 53
5 10 185 0 0
6 10 185 0 0
7 10 185 0 0
8 10 185 0 0
9 10 185 0 0
25 10 255 255 255
26 10 255 255 255
31 10 255 255 255
32 10 255 255 255
37 10 255 255 255
38 10 255 255 255
50 10 227 174 53
51 10 227 174 53
52 10 227 174 53
54 10 227 174 53
55 10 227 174 53
6 11 185 0 0
7 11 185 0 0
8 11 185 0 0
9 11 185 0 0
10 11 185 0 0
24 11 255 255 255
25 11 255 255 255
31 11 255 255 255
32 11 255 255 255
38 11 255 255 255
39 11 255 255 255
50 11 227 174 53
51 11 227 174 53
54 11 227 174 53
55 11 227 174 53
56 11 227 174 53
7 12 185 0 0
8 12 185 0 0
9 12 185 0 0
10 12 185 0 0
11 12 185 0 0
24 12 255 255 255
25 12 255 255 255
31 12 255 255 255
32 12 255 255 255
38 12 255 255 255
39 12 255 255 255
49 12 227 174 53
50 12 227 174 53
51 12 227 174 53
55 12 227 174 53
56 12 227 174 53
8 13 185 0 0
9 13 185 0 0
10 13 185 0 0
11 13 185 0 0
23 13 255 255 255
24 13 255 255 255
31 13 255 255 255
32 13 255 255 255
39 13 255 255 255
40 13 255 255 255
49 13 227 174 53
50 13 227 174 53
55 13 227 174 53
56 13 227 174 53
9 14 185 0 0
10 14 185 0 0
11 14 185 0 0
23 14 255 255 255
24 14 255 255 255
31 14 255 255 255
32 14 255 255 255
39 14 255 255 255
40 14 255 255 255
48 14 227 174 53
49 14 227 174 53
50 14 227 174 53
55 14 227 174 53
56 14 227 174 53
9 15 185 0 0
10 15 185 0 0
11 15 185 0 0
23 15 255 255 255
24 15 255 255 255
31 15 255 255 255
32 15 255 255 255
39 15 255 255 255
40 15 255 255 255
48 15 227 174 53
49 15 227 174 53
56 15 227 174 53
57 15 227 174 53
9 16 185 0 0
10 16 185 0 0
11 16 185 0 0
23 16 255 255 255
24 16 255 255 255
31 16 255 255 255
32 16 255 255 255
39 16 255 255 255
40 16 255 255 255
47 16 227 174 53
48 16 227 174 53
49 16 227 174 53
56 16 227 174 53
57 16 227 174 53
9 17 185 0 0
10 17 185 0 0
11 17 185 0 0
23 17 255 255 255
24 17 255 255 255
31 17 255 255 255
32 17 255 255 255
39 17 255 255 255
40 17 255 255 255
47 17 227 174 53
48 17 227 174 53
56 17 227 174 53
57 17 227 174 53
8 18 185 0 0
9 18 185 0 0
10 18 185 0 0
11 18 185 0 0
23 18 255 255 255
24 18 255 255 255
31 18 255 255 255
32 18 255 255 255
39 18 255 255 255
40 18 255 255 255
46 18 227 174 53
47 18 227 174 53
48 18 227 174 53
56 18 227 174 53
57 18 227 174 53
7 19 185 0 0
8 19 185 0 0
9 19 185 0 0
10 19 185 0 0
11 19 185 0 0
24 19 255 255 255
25 19 255 255 255
31 19 255 255 255
32 19 255 255 255
38 19 255 255 255
39 19 255 255 255
45 19 227 174 53
46 19 227 174 53
47 19 227 174 53
57 19 227 174 53
58 19 227 174 53
6 20 185 0 0
7 20 185 0 0
8 20 185 0 0
9 20 185 0 0
10 20 185 0 0
24 20 255 255 255
25 20 255 255 255
31 20 255 255 255
32 20 255 255 255
38 20 255 255 255
39 20 255 255 255
45 20 227 174 53
46 20 227 174 53
47 20 227 174 53
57 20 227 174 53
58 20 227 174 53
5 21 185 0 0
6 21 185 0 0
7 21 185 0 0
8 21 185 0 0
9 21 185 0 0
25 21 255 255 255
26 21 255 255 255
31 21 255 255 255
32 21 255 255 255
37 21 255 255 255
38 21 255 255 255
44 21 227 174 53
45 21 227 174 53
46 21 227 174 53
57 21 227 174 53
58 21 227 174 53
4 22 185 0 0
5 22 185 0 0
6 22 185 0 0
7 22 185 0 0
8 22 185 0 0
18 22 185 0 0
26 22 255 255 255
27 22 255 255 255
28 22 255 255 255
31 22 255 255 255
32 22 255 255 255
35 22 255 255 255
36 22 255 255 255
37 22 255 255 255
44 22 227 174 53
45 22 227 174 53
46 22 227 174 53
57 22 227 174 53
58 22 227 174 53
4 23 185 0 0
5 23 185 0 0
6 23 185 0 0
7 23 185 0 0
18 23 185 0 0
27 23 255 255 255
28 23 255 255 255
29 23 255 255 255
30 23 255 255 255
31 23 255 255 255
32 23 255 255 255
33 23 255 255 255
34 23 255 255 255
35 23 255 255 255
36 23 255 255 255
43 23 227 174 53
44 23 227 174 53
45 23 227 174 53
58 23 227 174 53
59 23 227 174 53
4 24 185 0 0
5 24 185 0 0
6 24 185 0 0
18 24 185 0 0
29 24 255 255 255
30 24 255 255 255
31 24 255 255 255
32 24 255 255 255
33 24 255 255 255
34 24 255 255 255
43 24 227 174 53
44 24 227 174 53
45 24 227 174 53
58 24 227 174 53
59 24 227 174 53
4 25 185 0 0
5 25 185 0 0
6 25 185 0 0
7 25 185 0 0
8 25 185 0 0
9 25 185 0 0
10 25 185 0 0
11 25 185 0 0
12 25 185 0 0
13 25 185 0 0
14 25 185 0 0
15 25 185 0 0
16 25 185 0 0
17 25 185 0 0
18 25 185 0 0
31 25 255 255 255
32 25 255 255 255
42 25 227 174 53
43 25 227 174 53
44 25 227 174 53
58 25 227 174 53
59 25 227 174 53
4 26 185 0 0
5 26 185 0 0
6 26 185 0 0
7 26 185 0 0
8 26 185 0 0
9 26 185 0 0
10 26 185 0 0
11 26 185 0 0
12 26 185 0 0
13 26 185 0 0
14 26 185 0 0
15 26 185 0 0
16 26 185 0 0
17 26 185 0 0
18 26 185 0 0
31 26 255 255 255
32 26 255 255 255
41 26 227 174 53
42 26 227 174 53
43 26 227 174 53
44 26 227 174 53
45 26 227 174 53
46 26 227 174 53
47 26 227 174 53
48 26 227 174 53
49 26 227 174 53
50 26 227 174 53
51 26 227 174 53
52 26 227 174 53
53 26 227 174 53
54 26 227 174 53
55 26 227 174 53
56 26 227 174 53
57 26 227 174 53
58 26 227 174 53
59 26 227 174 53
60 26 227 174 53
4 27 185 0 0
5 27 185 0 0
6 27 185 0 0
7 27 185 0 0
8 27 185 0 0
9 27 185 0 0
10 27 185 0 0
11 27 185 0 0
12 27 185 0 0
13 27 185 0 0
14 27 185 0 0
15 27 185 0 0
16 27 185 0 0
17 27 185 0 0
18 27 185 0 0
30 27 255 255 255
31 27 255 255 255
32 27 255 255 255
33 27 255 255 255
41 27 227 174 53
42 27 227 174 53
43 27 227 174 53
44 27 227 174 53
45 27 227 174 53
46 27 227 174 53
47 27 227 174 53
48 27 227 174 53
49 27 227 174 53
50 27 227 174 53
51 27 227 174 53
52 27 227 174 53
53 27 227 174 53
54 27 227 174 53
55 27 227 174 53
56 27 227 174 53
57 27 227 174 53
58 27 227 174 53
59 27 227 174 53
60 27 227 174 53
