14 10 255 193 7
15 10 255 193 7
16 10 255 193 7
17 10 255 193 7
46 10 255 0 0
47 10 255 0 0
48 10 255 0 0
49 10 255 0 0
12 11 255 193 7
13 11 255 193 7
14 11 255 193 7
15 11 255 193 7
16 11 255 193 7
17 11 255 193 7
18 11 255 193 7
19 11 255 193 7
44 11 255 0 0
45 11 255 0 0
46 11 255 0 0
47 11 255 0 0
48 11 255 0 0
49 11 255 0 0
50 11 255 0 0
51 11 255 0 0
11 12 255 193 7
12 12 255 193 7
13 12 255 193 7
14 12 255 193 7
15 12 255 193 7
16 12 255 193 7
17 12 255 193 7
18 12 255 193 7
19 12 255 193 7
20 12 255 193 7
43 12 255 0 0
44 12 255 0 0
45 12 255 0 0
46 12 255 0 0
47 12 255 0 0
48 12 255 0 0
49 12 255 0 0
50 12 255 0 0
51 12 255 0 0
52 12 255 0 0
11 13 255 193 7
12 13 255 193 7
13 13 255 193 7
14 13 255 193 7
15 13 255 193 7
16 13 255 193 7
17 13 255 193 7
18 13 255 193 7
19 13 255 193 7
20 13 255 193 7
43 13 255 0 0
44 13 255 0 0
45 13 255 0 0
46 13 255 0 0
47 13 255 0 0
48 13 255 0 0
49 13 255 0 0
50 13 255 0 0
51 13 255 0 0
52 13 255 0 0
10 14 255 193 7
11 14 255 193 7
12 14 255 193 7
13 14 255 193 7
14 14 255 193 7
15 14 255 193 7
16 14 255 193 7
17 14 255 193 7
18 14 255 193 7
19 14 255 193 7
20 14 255 193 7
21 14 255 193 7
42 14 255 0 0
43 14 255 0 0
44 14 255 0 0
45 14 255 0 0
46 14 255 0 0
47 14 255 0 0
48 14 255 0 0
49 14 255 0 0
50 14 255 0 0
51 14 255 0 0
52 14 255 0 0
53 14 255 0 0
10 15 255 193 7
11 15 255 193 7
12 15 255 193 7
13 15 255 193 7
14 15 255 193 7
15 15 255 193 7
16 15 255 193 7
17 15 255 193 7
18 15 255 193 7
19 15 255 193 7
20 15 255 193 7
21 15 255 193 7
42 15 255 0 0
43 15 255 0 0
44 15 255 0 0
45 15 255 0 0
46 15 255 0 0
47 15 255 0 0
48 15 255 0 0
49 15 255 0 0
50 15 255 0 0
51 15 255 0 0
52 15 255 0 0
53 15 255 0 0
10 16 255 193 7
11 16 255 193 7
12 16 255 193 7
13 16 255 193 7
14 16 255 193 7
15 16 255 193 7
16 16 255 193 7
17 16 255 193 7
18 16 255 193 7
19 16 255 193 7
20 16 255 193 7
21 16 255 193 7
42 16 255 0 0
43 16 255 0 0
44 16 255 0 0
45 16 255 0 0
46 16 255 0 0
47 16 255 0 0
48 16 255 0 0
49 16 255 0 0
50 16 255 0 0
51 16 255 0 0
52 16 255 0 0
53 16 255 0 0
10 17 255 193 7
11 17 255 193 7
12 17 255 193 7
13 17 255 193 7
14 17 255 193 7
15 17 255 193 7
16 17 255 193 7
17 17 255 193 7
18 17 255 193 7
19 17 255 193 7
20 17 255 193 7
21 17 255 193 7
42 17 255 0 0
43 17 255 0 0
44 17 255 0 0
45 17 255 0 0
46 17 255 0 0
47 17 255 0 0
48 17 255 0 0
49 17 255 0 0
50 17 255 0 0
51 17 255 0 0
52 17 255 0 0
53 17 255 0 0
11 18 255 193 7
12 18 255 193 7
13 18 255 193 7
14 18 255 193 7
15 18 255 193 7
16 18 255 193 7
17 18 255 193 7
18 18 255 193 7
19 18 255 193 7
20 18 255 193 7
43 18 255 0 0
44 18 255 0 0
45 18 255 0 0
46 18 255 0 0
47 18 255 0 0
48 18 255 0 0
49 18 255 0 0
50 18 255 0 0
51 18 255 0 0
52 18 255 0 0
11 19 255 193 7
12 19 255 193 7
13 19 255 193 7
14 19 255 193 7
15 19 255 193 7
16 19 255 193 7
17 19 255 193 7
18 19 255 193 7
19 19 255 193 7
20 19 255 193 7
43 19 255 0 0
44 19 255 0 0
45 19 255 0 0
46 19 255 0 0
47 19 255 0 0
48 19 255 0 0
49 19 255 0 0
50 19 255 0 0
51 19 255 0 0
52 19 255 0 0
12 20 255 193 7
13 20 255 193 7
14 20 255 193 7
15 20 255 193 7
16 20 255 193 7
17 20 255 193 7
18 20 255 193 7
19 20 255 193 7
44 20 255 0 0
45 20 255 0 0
46 20 255 0 0
47 20 255 0 0
48 20 255 0 0
49 20 255 0 0
50 20 255 0 0
51 20 255 0 0
14 21 255 193 7
15 21 255 193 7
16 21 255 193 7
17 21 255 193 7
46 21 255 0 0
47 21 255 0 0
48 21 255 0 0
49 21 255 0 0
