15 13 255 0 0
16 13 255 0 0
47 13 255 193 7
48 13 255 193 7
14 14 255 0 0
15 14 255 0 0
16 14 255 0 0
17 14 255 0 0
46 14 255 193 7
47 14 255 193 7
48 14 255 193 7
49 14 255 193 7
13 15 255 0 0
14 15 255 0 0
15 15 255 0 0
16 15 255 0 0
17 15 255 0 0
18 15 255 0 0
45 15 255 193 7
46 15 255 193 7
47 15 255 193 7
48 15 255 193 7
49 15 255 193 7
50 15 255 193 7
13 16 255 0 0
14 16 255 0 0
15 16 255 0 0
16 16 255 0 0
17 16 255 0 0
18 16 255 0 0
45 16 255 193 7
46 16 255 193 7
47 16 255 193 7
48 16 255 193 7
49 16 255 193 7
50 16 255 193 7
14 17 255 0 0
15 17 255 0 0
16 17 255 0 0
17 17 255 0 0
46 17 255 193 7
47 17 255 193 7
48 17 255 193 7
49 17 255 193 7
15 18 255 0 0
16 18 255 0 0
47 18 255 193 7
48 18 255 193 7
