13 4 255 0 0
14 4 255 0 0
15 4 255 0 0
16 4 255 0 0
17 4 255 0 0
18 4 255 0 0
45 4 255 193 7
46 4 255 193 7
47 4 255 193 7
48 4 255 193 7
49 4 255 193 7
50 4 255 193 7
11 5 255 0 0
12 5 255 0 0
13 5 255 0 0
14 5 255 0 0
15 5 255 0 0
16 5 255 0 0
17 5 255 0 0
18 5 255 0 0
19 5 255 0 0
20 5 255 0 0
43 5 255 193 7
44 5 255 193 7
45 5 255 193 7
46 5 255 193 7
47 5 255 193 7
48 5 255 193 7
49 5 255 193 7
50 5 255 193 7
51 5 255 193 7
52 5 255 193 7
9 6 255 0 0
10 6 255 0 0
11 6 255 0 0
12 6 255 0 0
13 6 255 0 0
14 6 255 0 0
15 6 255 0 0
16 6 255 0 0
17 6 255 0 0
18 6 255 0 0
19 6 255 0 0
20 6 255 0 0
21 6 255 0 0
22 6 255 0 0
41 6 255 193 7
42 6 255 193 7
43 6 255 193 7
44 6 255 193 7
45 6 255 193 7
46 6 255 193 7
47 6 255 193 7
48 6 255 193 7
49 6 255 193 7
50 6 255 193 7
51 6 255 193 7
52 6 255 193 7
53 6 255 193 7
54 6 255 193 7
8 7 255 0 0
9 7 255 0 0
10 7 255 0 0
11 7 255 0 0
12 7 255 0 0
13 7 255 0 0
14 7 255 0 0
15 7 255 0 0
16 7 255 0 0
17 7 255 0 0
18 7 255 0 0
19 7 255 0 0
20 7 255 0 0
21 7 255 0 0
22 7 255 0 0
23 7 255 0 0
40 7 255 193 7
41 7 255 193 7
42 7 255 193 7
43 7 255 193 7
44 7 255 193 7
45 7 255 193 7
46 7 255 193 7
47 7 255 193 7
48 7 255 193 7
49 7 255 193 7
50 7 255 193 7
51 7 255 193 7
52 7 255 193 7
53 7 255 193 7
54 7 255 193 7
55 7 255 193 7
7 8 255 0 0
8 8 255 0 0
9 8 255 0 0
10 8 255 0 0
11 8 255 0 0
12 8 255 0 0
13 8 255 0 0
14 8 255 0 0
15 8 255 0 0
16 8 255 0 0
17 8 255 0 0
18 8 255 0 0
19 8 255 0 0
20 8 255 0 0
21 8 255 0 0
22 8 255 0 0
23 8 255 0 0
24 8 255 0 0
39 8 255 193 7
40 8 255 193 7
41 8 255 193 7
42 8 255 193 7
43 8 255 193 7
44 8 255 193 7
45 8 255 193 7
46 8 255 193 7
47 8 255 193 7
48 8 255 193 7
49 8 255 193 7
50 8 255 193 7
51 8 255 193 7
52 8 255 193 7
53 8 255 193 7
54 8 255 193 7
55 8 255 193 7
56 8 255 193 7
6 9 255 0 0
7 9 255 0 0
8 9 255 0 0
9 9 255 0 0
10 9 255 0 0
11 9 255 0 0
12 9 255 0 0
13 9 255 0 0
14 9 255 0 0
15 9 255 0 0
16 9 255 0 0
17 9 255 0 0
18 9 255 0 0
19 9 255 0 0
20 9 255 0 0
21 9 255 0 0
22 9 255 0 0
23 9 255 0 0
24 9 255 0 0
25 9 255 0 0
38 9 255 193 7
39 9 255 193 7
40 9 255 193 7
41 9 255 193 7
42 9 255 193 7
43 9 255 193 7
44 9 255 193 7
45 9 255 193 7
46 9 255 193 7
47 9 255 193 7
48 9 255 193 7
49 9 255 193 7
50 9 255 193 7
51 9 255 193 7
52 9 255 193 7
53 9 255 193 7
54 9 255 193 7
55 9 255 193 7
56 9 255 193 7
57 9 255 193 7
6 10 255 0 0
7 10 255 0 0
8 10 255 0 0
9 10 255 0 0
10 10 255 0 0
11 10 255 0 0
12 10 255 0 0
13 10 255 0 0
14 10 255 0 0
15 10 255 0 0
16 10 255 0 0
17 10 255 0 0
18 10 255 0 0
19 10 255 0 0
20 10 255 0 0
21 10 255 0 0
22 10 255 0 0
23 10 255 0 0
24 10 255 0 0
25 10 255 0 0
38 10 255 193 7
39 10 255 193 7
40 10 255 193 7
41 10 255 193 7
42 10 255 193 7
43 10 255 193 7
44 10 255 193 7
45 10 255 193 7
46 10 255 193 7
47 10 255 193 7
48 10 255 193 7
49 10 255 193 7
50 10 255 193 7
51 10 255 193 7
52 10 255 193 7
53 10 255 193 7
54 10 255 193 7
55 10 255 193 7
56 10 255 193 7
57 10 255 193 7
5 11 255 0 0
6 11 255 0 0
7 11 255 0 0
8 11 255 0 0
9 11 255 0 0
10 11 255 0 0
11 11 255 0 0
12 11 255 0 0
13 11 255 0 0
14 11 255 0 0
15 11 255 0 0
16 11 255 0 0
17 11 255 0 0
18 11 255 0 0
19 11 255 0 0
20 11 255 0 0
21 11 255 0 0
22 11 255 0 0
23 11 255 0 0
24 11 255 0 0
25 11 255 0 0
26 11 255 0 0
37 11 255 193 7
38 11 255 193 7
39 11 255 193 7
40 11 255 193 7
41 11 255 193 7
42 11 255 193 7
43 11 255 193 7
44 11 255 193 7
45 11 255 193 7
46 11 255 193 7
47 11 255 193 7
48 11 255 193 7
49 11 255 193 7
50 11 255 193 7
51 11 255 193 7
52 11 255 193 7
53 11 255 193 7
54 11 255 193 7
55 11 255 193 7
56 11 255 193 7
57 11 255 193 7
58 11 255 193 7
5 12 255 0 0
6 12 255 0 0
7 12 255 0 0
8 12 255 0 0
9 12 255 0 0
10 12 255 0 0
11 12 255 0 0
12 12 255 0 0
13 12 255 0 0
14 12 255 0 0
15 12 255 0 0
16 12 255 0 0
17 12 255 0 0
18 12 255 0 0
19 12 255 0 0
20 12 255 0 0
21 12 255 0 0
22 12 255 0 0
23 12 255 0 0
24 12 255 0 0
25 12 255 0 0
26 12 255 0 0
37 12 255 193 7
38 12 255 193 7
39 12 255 193 7
40 12 255 193 7
41 12 255 193 7
42 12 255 193 7
43 12 255 193 7
44 12 255 193 7
45 12 255 193 7
46 12 255 193 7
47 12 255 193 7
48 12 255 193 7
49 12 255 193 7
50 12 255 193 7
51 12 255 193 7
52 12 255 193 7
53 12 255 193 7
54 12 255 193 7
55 12 255 193 7
56 12 255 193 7
57 12 255 193 7
58 12 255 193 7
4 13 255 0 0
5 13 255 0 0
6 13 255 0 0
7 13 255 0 0
8 13 255 0 0
9 13 255 0 0
10 13 255 0 0
11 13 255 0 0
12 13 255 0 0
13 13 255 0 0
14 13 255 0 0
15 13 255 0 0
16 13 255 0 0
17 13 255 0 0
18 13 255 0 0
19 13 255 0 0
20 13 255 0 0
21 13 255 0 0
22 13 255 0 0
23 13 255 0 0
24 13 255 0 0
25 13 255 0 0
26 13 255 0 0
27 13 255 0 0
36 13 255 193 7
37 13 255 193 7
38 13 255 193 7
39 13 255 193 7
40 13 255 193 7
41 13 255 193 7
42 13 255 193 7
43 13 255 193 7
44 13 255 193 7
45 13 255 193 7
46 13 255 193 7
47 13 255 193 7
48 13 255 193 7
49 13 255 193 7
50 13 255 193 7
51 13 255 193 7
52 13 255 193 7
53 13 255 193 7
54 13 255 193 7
55 13 255 193 7
56 13 255 193 7
57 13 255 193 7
58 13 255 193 7
59 13 255 193 7
4 14 255 0 0
5 14 255 0 0
6 14 255 0 0
7 14 255 0 0
8 14 255 0 0
9 14 255 0 0
10 14 255 0 0
11 14 255 0 0
12 14 255 0 0
13 14 255 0 0
14 14 255 0 0
15 14 255 0 0
16 14 255 0 0
17 14 255 0 0
18 14 255 0 0
19 14 255 0 0
20 14 255 0 0
21 14 255 0 0
22 14 255 0 0
23 14 255 0 0
24 14 255 0 0
25 14 255 0 0
26 14 255 0 0
27 14 255 0 0
36 14 255 193 7
37 14 255 193 7
38 14 255 193 7
39 14 255 193 7
40 14 255 193 7
41 14 255 193 7
42 14 255 193 7
43 14 255 193 7
44 14 255 193 7
45 14 255 193 7
46 14 255 193 7
47 14 255 193 7
48 14 255 193 7
49 14 255 193 7
50 14 255 193 7
51 14 255 193 7
52 14 255 193 7
53 14 255 193 7
54 14 255 193 7
55 14 255 193 7
56 14 255 193 7
57 14 255 193 7
58 14 255 193 7
59 14 255 193 7
4 15 255 0 0
5 15 255 0 0
6 15 255 0 0
7 15 255 0 0
8 15 255 0 0
9 15 255 0 0
10 15 255 0 0
11 15 255 0 0
12 15 255 0 0
13 15 255 0 0
14 15 255 0 0
15 15 255 0 0
16 15 255 0 0
17 15 255 0 0
18 15 255 0 0
19 15 255 0 0
20 15 255 0 0
21 15 255 0 0
22 15 255 0 0
23 15 255 0 0
24 15 255 0 0
25 15 255 0 0
26 15 255 0 0
27 15 255 0 0
36 15 255 193 7
37 15 255 193 7
38 15 255 193 7
39 15 255 193 7
40 15 255 193 7
41 15 255 193 7
42 15 255 193 7
43 15 255 193 7
44 15 255 193 7
45 15 255 193 7
46 15 255 193 7
47 15 255 193 7
48 15 255 193 7
49 15 255 193 7
50 15 255 193 7
51 15 255 193 7
52 15 255 193 7
53 15 255 193 7
54 15 255 193 7
55 15 255 193 7
56 15 255 193 7
57 15 255 193 7
58 15 255 193 7
59 15 255 193 7
4 16 255 0 0
5 16 255 0 0
6 16 255 0 0
7 16 255 0 0
8 16 255 0 0
9 16 255 0 0
10 16 255 0 0
11 16 255 0 0
12 16 255 0 0
13 16 255 0 0
14 16 255 0 0
15 16 255 0 0
16 16 255 0 0
17 16 255 0 0
18 16 255 0 0
19 16 255 0 0
20 16 255 0 0
21 16 255 0 0
22 16 255 0 0
23 16 255 0 0
24 16 255 0 0
25 16 255 0 0
26 16 255 0 0
27 16 255 0 0
36 16 255 193 7
37 16 255 193 7
38 16 255 193 7
39 16 255 193 7
40 16 255 193 7
41 16 255 193 7
42 16 255 193 7
43 16 255 193 7
44 16 255 193 7
45 16 255 193 7
46 16 255 193 7
47 16 255 193 7
48 16 255 193 7
49 16 255 193 7
50 16 255 193 7
51 16 255 193 7
52 16 255 193 7
53 16 255 193 7
54 16 255 193 7
55 16 255 193 7
56 16 255 193 7
57 16 255 193 7
58 16 255 193 7
59 16 255 193 7
4 17 255 0 0
5 17 255 0 0
6 17 255 0 0
7 17 255 0 0
8 17 255 0 0
9 17 255 0 0
10 17 255 0 0
11 17 255 0 0
12 17 255 0 0
13 17 255 0 0
14 17 255 0 0
15 17 255 0 0
16 17 255 0 0
17 17 255 0 0
18 17 255 0 0
19 17 255 0 0
20 17 255 0 0
21 17 255 0 0
22 17 255 0 0
23 17 255 0 0
24 17 255 0 0
25 17 255 0 0
26 17 255 0 0
27 17 255 0 0
36 17 255 193 7
37 17 255 193 7
38 17 255 193 7
39 17 255 193 7
40 17 255 193 7
41 17 255 193 7
42 17 255 193 7
43 17 255 193 7
44 17 255 193 7
45 17 255 193 7
46 17 255 193 7
47 17 255 193 7
48 17 255 193 7
49 17 255 193 7
50 17 255 193 7
51 17 255 193 7
52 17 255 193 7
53 17 255 193 7
54 17 255 193 7
55 17 255 193 7
56 17 255 193 7
57 17 255 193 7
58 17 255 193 7
59 17 255 193 7
4 18 255 0 0
5 18 255 0 0
6 18 255 0 0
7 18 255 0 0
8 18 255 0 0
9 18 255 0 0
10 18 255 0 0
11 18 255 0 0
12 18 255 0 0
13 18 255 0 0
14 18 255 0 0
15 18 255 0 0
16 18 255 0 0
17 18 255 0 0
18 18 255 0 0
19 18 255 0 0
20 18 255 0 0
21 18 255 0 0
22 18 255 0 0
23 18 255 0 0
24 18 255 0 0
25 18 255 0 0
26 18 255 0 0
27 18 255 0 0
36 18 255 193 7
37 18 255 193 7
38 18 255 193 7
39 18 255 193 7
40 18 255 193 7
41 18 255 193 7
42 18 255 193 7
43 18 255 193 7
44 18 255 193 7
45 18 255 193 7
46 18 255 193 7
47 18 255 193 7
48 18 255 193 7
49 18 255 193 7
50 18 255 193 7
51 18 255 193 7
52 18 255 193 7
53 18 255 193 7
54 18 255 193 7
55 18 255 193 7
56 18 255 193 7
57 18 255 193 7
58 18 255 193 7
59 18 255 193 7
5 19 255 0 0
6 19 255 0 0
7 19 255 0 0
8 19 255 0 0
9 19 255 0 0
10 19 255 0 0
11 19 255 0 0
12 19 255 0 0
13 19 255 0 0
14 19 255 0 0
15 19 255 0 0
16 19 255 0 0
17 19 255 0 0
18 19 255 0 0
19 19 255 0 0
20 19 255 0 0
21 19 255 0 0
22 19 255 0 0
23 19 255 0 0
24 19 255 0 0
25 19 255 0 0
26 19 255 0 0
37 19 255 193 7
38 19 255 193 7
39 19 255 193 7
40 19 255 193 7
41 19 255 193 7
42 19 255 193 7
43 19 255 193 7
44 19 255 193 7
45 19 255 193 7
46 19 255 193 7
47 19 255 193 7
48 19 255 193 7
49 19 255 193 7
50 19 255 193 7
51 19 255 193 7
52 19 255 193 7
53 19 255 193 7
54 19 255 193 7
55 19 255 193 7
56 19 255 193 7
57 19 255 193 7
58 19 255 193 7
5 20 255 0 0
6 20 255 0 0
7 20 255 0 0
8 20 255 0 0
9 20 255 0 0
10 20 255 0 0
11 20 255 0 0
12 20 255 0 0
13 20 255 0 0
14 20 255 0 0
15 20 255 0 0
16 20 255 0 0
17 20 255 0 0
18 20 255 0 0
19 20 255 0 0
20 20 255 0 0
21 20 255 0 0
22 20 255 0 0
23 20 255 0 0
24 20 255 0 0
25 20 255 0 0
26 20 255 0 0
37 20 255 193 7
38 20 255 193 7
39 20 255 193 7
40 20 255 193 7
41 20 255 193 7
42 20 255 193 7
43 20 255 193 7
44 20 255 193 7
45 20 255 193 7
46 20 255 193 7
47 20 255 193 7
48 20 255 193 7
49 20 255 193 7
50 20 255 193 7
51 20 255 193 7
52 20 255 193 7
53 20 255 193 7
54 20 255 193 7
55 20 255 193 7
56 20 255 193 7
57 20 255 193 7
58 20 255 193 7
6 21 255 0 0
7 21 255 0 0
8 21 255 0 0
9 21 255 0 0
10 21 255 0 0
11 21 255 0 0
12 21 255 0 0
13 21 255 0 0
14 21 255 0 0
15 21 255 0 0
16 21 255 0 0
17 21 255 0 0
18 21 255 0 0
19 21 255 0 0
20 21 255 0 0
21 21 255 0 0
22 21 255 0 0
23 21 255 0 0
24 21 255 0 0
25 21 255 0 0
38 21 255 193 7
39 21 255 193 7
40 21 255 193 7
41 21 255 193 7
42 21 255 193 7
43 21 255 193 7
44 21 255 193 7
45 21 255 193 7
46 21 255 193 7
47 21 255 193 7
48 21 255 193 7
49 21 255 193 7
50 21 255 193 7
51 21 255 193 7
52 21 255 193 7
53 21 255 193 7
54 21 255 193 7
55 21 255 193 7
56 21 255 193 7
57 21 255 193 7
6 22 255 0 0
7 22 255 0 0
8 22 255 0 0
9 22 255 0 0
10 22 255 0 0
11 22 255 0 0
12 22 255 0 0
13 22 255 0 0
14 22 255 0 0
15 22 255 0 0
16 22 255 0 0
17 22 255 0 0
18 22 255 0 0
19 22 255 0 0
20 22 255 0 0
21 22 255 0 0
22 22 255 0 0
23 22 255 0 0
24 22 255 0 0
25 22 255 0 0
38 22 255 193 7
39 22 255 193 7
40 22 255 193 7
41 22 255 193 7
42 22 255 193 7
43 22 255 193 7
44 22 255 193 7
45 22 255 193 7
46 22 255 193 7
47 22 255 193 7
48 22 255 193 7
49 22 255 193 7
50 22 255 193 7
51 22 255 193 7
52 22 255 193 7
53 22 255 193 7
54 22 255 193 7
55 22 255 193 7
56 22 255 193 7
57 22 255 193 7
7 23 255 0 0
8 23 255 0 0
9 23 255 0 0
10 23 255 0 0
11 23 255 0 0
12 23 255 0 0
13 23 255 0 0
14 23 255 0 0
15 23 255 0 0
16 23 255 0 0
17 23 255 0 0
18 23 255 0 0
19 23 255 0 0
20 23 255 0 0
21 23 255 0 0
22 23 255 0 0
23 23 255 0 0
24 23 255 0 0
39 23 255 193 7
40 23 255 193 7
41 23 255 193 7
42 23 255 193 7
43 23 255 193 7
44 23 255 193 7
45 23 255 193 7
46 23 255 193 7
47 23 255 193 7
48 23 255 193 7
49 23 255 193 7
50 23 255 193 7
51 23 255 193 7
52 23 255 193 7
53 23 255 193 7
54 23 255 193 7
55 23 255 193 7
56 23 255 193 7
8 24 255 0 0
9 24 255 0 0
10 24 255 0 0
11 24 255 0 0
12 24 255 0 0
13 24 255 0 0
14 24 255 0 0
15 24 255 0 0
16 24 255 0 0
17 24 255 0 0
18 24 255 0 0
19 24 255 0 0
20 24 255 0 0
21 24 255 0 0
22 24 255 0 0
23 24 255 0 0
40 24 255 193 7
41 24 255 193 7
42 24 255 193 7
43 24 255 193 7
44 24 255 193 7
45 24 255 193 7
46 24 255 193 7
47 24 255 193 7
48 24 255 193 7
49 24 255 193 7
50 24 255 193 7
51 24 255 193 7
52 24 255 193 7
53 24 255 193 7
54 24 255 193 7
55 24 255 193 7
9 25 255 0 0
10 25 255 0 0
11 25 255 0 0
12 25 255 0 0
13 25 255 0 0
14 25 255 0 0
15 25 255 0 0
16 25 255 0 0
17 25 255 0 0
18 25 255 0 0
19 25 255 0 0
20 25 255 0 0
21 25 255 0 0
22 25 255 0 0
41 25 255 193 7
42 25 255 193 7
43 25 255 193 7
44 25 255 193 7
45 25 255 193 7
46 25 255 193 7
47 25 255 193 7
48 25 255 193 7
49 25 255 193 7
50 25 255 193 7
51 25 255 193 7
52 25 255 193 7
53 25 255 193 7
54 25 255 193 7
11 26 255 0 0
12 26 255 0 0
13 26 255 0 0
14 26 255 0 0
15 26 255 0 0
16 26 255 0 0
17 26 255 0 0
18 26 255 0 0
19 26 255 0 0
20 26 255 0 0
43 26 255 193 7
44 26 255 193 7
45 26 255 193 7
46 26 255 193 7
47 26 255 193 7
48 26 255 193 7
49 26 255 193 7
50 26 255 193 7
51 26 255 193 7
52 26 255 193 7
13 27 255 0 0
14 27 255 0 0
15 27 255 0 0
16 27 255 0 0
17 27 255 0 0
18 27 255 0 0
45 27 255 193 7
46 27 255 193 7
47 27 255 193 7
48 27 255 193 7
49 27 255 193 7
50 27 255 193 7
