0 0 255 193 7
1 0 255 193 7
2 0 255 193 7
3 0 255 193 7
4 0 255 193 7
5 0 255 193 7
6 0 255 193 7
7 0 255 193 7
8 0 255 193 7
9 0 255 193 7
10 0 255 193 7
11 0 255 193 7
12 0 255 193 7
13 0 255 193 7
14 0 255 193 7
15 0 255 193 7
16 0 255 193 7
17 0 255 193 7
18 0 255 193 7
19 0 255 193 7
20 0 255 193 7
21 0 255 193 7
22 0 255 193 7
23 0 255 193 7
24 0 255 193 7
25 0 255 193 7
26 0 255 193 7
27 0 255 193 7
28 0 255 193 7
29 0 255 193 7
30 0 255 193 7
31 0 255 193 7
32 0 255 193 7
33 0 255 193 7
34 0 255 193 7
35 0 255 0 0
36 0 255 0 0
37 0 255 0 0
38 0 255 0 0
39 0 255 0 0
40 0 255 0 0
41 0 255 0 0
42 0 255 0 0
43 0 255 0 0
44 0 255 0 0
45 0 255 0 0
46 0 255 0 0
47 0 255 0 0
48 0 255 0 0
49 0 255 0 0
50 0 255 0 0
51 0 255 0 0
52 0 255 0 0
53 0 255 0 0
54 0 255 0 0
55 0 255 0 0
56 0 255 0 0
57 0 255 0 0
58 0 255 0 0
59 0 255 0 0
60 0 255 0 0
61 0 255 0 0
62 0 255 0 0
63 0 255 0 0
0 1 255 193 7
1 1 255 193 7
2 1 255 193 7
3 1 255 193 7
4 1 255 193 7
5 1 255 193 7
6 1 255 193 7
7 1 255 193 7
8 1 255 193 7
9 1 255 193 7
10 1 255 193 7
11 1 255 193 7
12 1 255 193 7
13 1 255 193 7
14 1 255 193 7
15 1 255 193 7
16 1 255 193 7
17 1 255 193 7
18 1 255 193 7
19 1 255 193 7
20 1 255 193 7
21 1 255 193 7
22 1 255 193 7
23 1 255 193 7
24 1 255 193 7
25 1 255 193 7
26 1 255 193 7
27 1 255 193 7
28 1 255 193 7
29 1 255 193 7
30 1 255 193 7
31 1 255 193 7
32 1 255 193 7
33 1 255 193 7
34 1 255 193 7
35 1 255 0 0
36 1 255 0 0
37 1 255 0 0
38 1 255 0 0
39 1 255 0 0
40 1 255 0 0
41 1 255 0 0
42 1 255 0 0
43 1 255 0 0
44 1 255 0 0
45 1 255 0 0
46 1 255 0 0
47 1 255 0 0
48 1 255 0 0
49 1 255 0 0
50 1 255 0 0
51 1 255 0 0
52 1 255 0 0
53 1 255 0 0
54 1 255 0 0
55 1 255 0 0
56 1 255 0 0
57 1 255 0 0
58 1 255 0 0
59 1 255 0 0
60 1 255 0 0
61 1 255 0 0
62 1 255 0 0
63 1 255 0 0
0 2 255 193 7
1 2 255 193 7
2 2 255 193 7
3 2 255 193 7
4 2 255 193 7
5 2 255 193 7
6 2 255 193 7
7 2 255 193 7
8 2 255 193 7
9 2 255 193 7
10 2 255 193 7
11 2 255 193 7
12 2 255 193 7
13 2 255 193 7
14 2 255 193 7
15 2 255 193 7
16 2 255 193 7
17 2 255 193 7
18 2 255 193 7
19 2 255 193 7
20 2 255 193 7
21 2 255 193 7
22 2 255 193 7
23 2 255 193 7
24 2 255 193 7
25 2 255 193 7
26 2 255 193 7
27 2 255 193 7
28 2 255 193 7
29 2 255 193 7
30 2 255 193 7
31 2 255 193 7
32 2 255 193 7
33 2 255 193 7
34 2 255 193 7
35 2 255 0 0
36 2 255 0 0
37 2 255 0 0
38 2 255 0 0
39 2 255 0 0
40 2 255 0 0
41 2 255 0 0
42 2 255 0 0
43 2 255 0 0
44 2 255 0 0
45 2 255 0 0
46 2 255 0 0
47 2 255 0 0
48 2 255 0 0
49 2 255 0 0
50 2 255 0 0
51 2 255 0 0
52 2 255 0 0
53 2 255 0 0
54 2 255 0 0
55 2 255 0 0
56 2 255 0 0
57 2 255 0 0
58 2 255 0 0
59 2 255 0 0
60 2 255 0 0
61 2 255 0 0
62 2 255 0 0
63 2 255 0 0
0 3 255 193 7
1 3 255 193 7
2 3 255 193 7
3 3 255 193 7
4 3 255 193 7
5 3 255 193 7
6 3 255 193 7
7 3 255 193 7
8 3 255 193 7
9 3 255 193 7
10 3 255 193 7
11 3 255 193 7
12 3 255 193 7
13 3 255 193 7
14 3 255 193 7
15 3 255 193 7
16 3 255 193 7
17 3 255 193 7
18 3 255 193 7
19 3 255 193 7
20 3 255 193 7
21 3 255 193 7
22 3 255 193 7
23 3 255 193 7
24 3 255 193 7
25 3 255 193 7
26 3 255 193 7
27 3 255 193 7
28 3 255 193 7
29 3 255 193 7
30 3 255 193 7
31 3 255 193 7
32 3 255 193 7
33 3 255 193 7
34 3 255 193 7
35 3 255 0 0
36 3 255 0 0
37 3 255 0 0
38 3 255 0 0
39 3 255 0 0
40 3 255 0 0
41 3 255 0 0
42 3 255 0 0
43 3 255 0 0
44 3 255 0 0
45 3 255 0 0
46 3 255 0 0
47 3 255 0 0
48 3 255 0 0
49 3 255 0 0
50 3 255 0 0
51 3 255 0 0
52 3 255 0 0
53 3 255 0 0
54 3 255 0 0
55 3 255 0 0
56 3 255 0 0
57 3 255 0 0
58 3 255 0 0
59 3 255 0 0
60 3 255 0 0
61 3 255 0 0
62 3 255 0 0
63 3 255 0 0
0 4 255 193 7
1 4 255 193 7
2 4 255 193 7
3 4 255 193 7
4 4 255 193 7
5 4 255 193 7
6 4 255 193 7
7 4 255 193 7
8 4 255 193 7
9 4 255 193 7
10 4 255 193 7
11 4 255 193 7
12 4 255 193 7
13 4 255 193 7
14 4 255 193 7
15 4 255 193 7
16 4 255 193 7
17 4 255 193 7
18 4 255 193 7
19 4 255 193 7
20 4 255 193 7
21 4 255 193 7
22 4 255 193 7
23 4 255 193 7
24 4 255 193 7
25 4 255 193 7
26 4 255 193 7
27 4 255 193 7
28 4 255 193 7
29 4 255 193 7
30 4 255 193 7
31 4 255 193 7
32 4 255 193 7
33 4 255 193 7
34 4 255 0 0
35 4 255 0 0
36 4 255 0 0
37 4 255 0 0
38 4 255 0 0
39 4 255 0 0
40 4 255 0 0
41 4 255 0 0
42 4 255 0 0
43 4 255 0 0
44 4 255 0 0
45 4 255 0 0
46 4 255 0 0
47 4 255 0 0
48 4 255 0 0
49 4 255 0 0
50 4 255 0 0
51 4 255 0 0
52 4 255 0 0
53 4 255 0 0
54 4 255 0 0
55 4 255 0 0
56 4 255 0 0
57 4 255 0 0
58 4 255 0 0
59 4 255 0 0
60 4 255 0 0
61 4 255 0 0
62 4 255 0 0
63 4 255 0 0
0 5 255 193 7
1 5 255 193 7
2 5 255 193 7
3 5 255 193 7
4 5 255 193 7
5 5 255 193 7
6 5 255 193 7
7 5 255 193 7
8 5 255 193 7
9 5 255 193 7
10 5 255 193 7
11 5 255 193 7
12 5 255 193 7
13 5 255 193 7
14 5 255 193 7
15 5 255 193 7
16 5 255 193 7
17 5 255 193 7
18 5 255 193 7
19 5 255 193 7
20 5 255 193 7
21 5 255 193 7
22 5 255 193 7
23 5 255 193 7
24 5 255 193 7
25 5 255 193 7
26 5 255 193 7
27 5 255 193 7
28 5 255 193 7
29 5 255 193 7
30 5 255 193 7
31 5 255 193 7
32 5 255 193 7
33 5 255 193 7
34 5 255 0 0
35 5 255 0 0
36 5 255 0 0
37 5 255 0 0
38 5 255 0 0
39 5 255 0 0
40 5 255 0 0
41 5 255 0 0
42 5 255 0 0
43 5 255 0 0
44 5 255 0 0
45 5 255 0 0
46 5 255 0 0
47 5 255 0 0
48 5 255 0 0
49 5 255 0 0
50 5 255 0 0
51 5 255 0 0
52 5 255 0 0
53 5 255 0 0
54 5 255 0 0
55 5 255 0 0
56 5 255 0 0
57 5 255 0 0
58 5 255 0 0
59 5 255 0 0
60 5 255 0 0
61 5 255 0 0
62 5 255 0 0
63 5 255 0 0
0 6 255 193 7
1 6 255 193 7
2 6 255 193 7
3 6 255 193 7
4 6 255 193 7
5 6 255 193 7
6 6 255 193 7
7 6 255 193 7
8 6 255 193 7
9 6 255 193 7
10 6 255 193 7
11 6 255 193 7
12 6 255 193 7
13 6 255 193 7
14 6 255 193 7
15 6 255 193 7
16 6 255 193 7
17 6 255 193 7
18 6 255 193 7
19 6 255 193 7
20 6 255 193 7
21 6 255 193 7
22 6 255 193 7
23 6 255 193 7
24 6 255 193 7
25 6 255 193 7
26 6 255 193 7
27 6 255 193 7
28 6 255 193 7
29 6 255 193 7
30 6 255 193 7
31 6 255 193 7
32 6 255 193 7
33 6 255 193 7
34 6 255 0 0
35 6 255 0 0
36 6 255 0 0
37 6 255 0 0
38 6 255 0 0
39 6 255 0 0
40 6 255 0 0
41 6 255 0 0
42 6 255 0 0
43 6 255 0 0
44 6 255 0 0
45 6 255 0 0
46 6 255 0 0
47 6 255 0 0
48 6 255 0 0
49 6 255 0 0
50 6 255 0 0
51 6 255 0 0
52 6 255 0 0
53 6 255 0 0
54 6 255 0 0
55 6 255 0 0
56 6 255 0 0
57 6 255 0 0
58 6 255 0 0
59 6 255 0 0
60 6 255 0 0
61 6 255 0 0
62 6 255 0 0
63 6 255 0 0
0 7 255 193 7
1 7 255 193 7
2 7 255 193 7
3 7 255 193 7
4 7 255 193 7
5 7 255 193 7
6 7 255 193 7
7 7 255 193 7
8 7 255 193 7
9 7 255 193 7
10 7 255 193 7
11 7 255 193 7
12 7 255 193 7
13 7 255 193 7
14 7 255 193 7
15 7 255 193 7
16 7 255 193 7
17 7 255 193 7
18 7 255 193 7
19 7 255 193 7
20 7 255 193 7
21 7 255 193 7
22 7 255 193 7
23 7 255 193 7
24 7 255 193 7
25 7 255 193 7
26 7 255 193 7
27 7 255 193 7
28 7 255 193 7
29 7 255 193 7
30 7 255 193 7
31 7 255 193 7
32 7 255 193 7
33 7 255 193 7
34 7 255 0 0
35 7 255 0 0
36 7 255 0 0
37 7 255 0 0
38 7 255 0 0
39 7 255 0 0
40 7 255 0 0
41 7 255 0 0
42 7 255 0 0
43 7 255 0 0
44 7 255 0 0
45 7 255 0 0
46 7 255 0 0
47 7 255 0 0
48 7 255 0 0
49 7 255 0 0
50 7 255 0 0
51 7 255 0 0
52 7 255 0 0
53 7 255 0 0
54 7 255 0 0
55 7 255 0 0
56 7 255 0 0
57 7 255 0 0
58 7 255 0 0
59 7 255 0 0
60 7 255 0 0
61 7 255 0 0
62 7 255 0 0
63 7 255 0 0
0 8 255 193 7
1 8 255 193 7
2 8 255 193 7
3 8 255 193 7
4 8 255 193 7
5 8 255 193 7
6 8 255 193 7
7 8 255 193 7
8 8 255 193 7
9 8 255 193 7
10 8 255 193 7
11 8 255 193 7
12 8 255 193 7
13 8 255 193 7
14 8 255 193 7
15 8 255 193 7
16 8 255 193 7
17 8 255 193 7
18 8 255 193 7
19 8 255 193 7
20 8 255 193 7
21 8 255 193 7
22 8 255 193 7
23 8 255 193 7
24 8 255 193 7
25 8 255 193 7
26 8 255 193 7
27 8 255 193 7
28 8 255 193 7
29 8 255 193 7
30 8 255 193 7
31 8 255 193 7
32 8 255 193 7
33 8 255 193 7
34 8 255 0 0
35 8 255 0 0
36 8 255 0 0
37 8 255 0 0
38 8 255 0 0
39 8 255 0 0
40 8 255 0 0
41 8 255 0 0
42 8 255 0 0
43 8 255 0 0
44 8 255 0 0
45 8 255 0 0
46 8 255 0 0
47 8 255 0 0
48 8 255 0 0
49 8 255 0 0
50 8 255 0 0
51 8 255 0 0
52 8 255 0 0
53 8 255 0 0
54 8 255 0 0
55 8 255 0 0
56 8 255 0 0
57 8 255 0 0
58 8 255 0 0
59 8 255 0 0
60 8 255 0 0
61 8 255 0 0
62 8 255 0 0
63 8 255 0 0
0 9 255 193 7
1 9 255 193 7
2 9 255 193 7
3 9 255 193 7
4 9 255 193 7
5 9 255 193 7
6 9 255 193 7
7 9 255 193 7
8 9 255 193 7
9 9 255 193 7
10 9 255 193 7
11 9 255 193 7
12 9 255 193 7
13 9 255 193 7
14 9 255 193 7
15 9 255 193 7
16 9 255 193 7
17 9 255 193 7
18 9 255 193 7
19 9 255 193 7
20 9 255 193 7
21 9 255 193 7
22 9 255 193 7
23 9 255 193 7
24 9 255 193 7
25 9 255 193 7
26 9 255 193 7
27 9 255 193 7
28 9 255 193 7
29 9 255 193 7
30 9 255 193 7
31 9 255 193 7
32 9 255 193 7
33 9 255 193 7
34 9 255 0 0
35 9 255 0 0
36 9 255 0 0
37 9 255 0 0
38 9 255 0 0
39 9 255 0 0
40 9 255 0 0
41 9 255 0 0
42 9 255 0 0
43 9 255 0 0
44 9 255 0 0
45 9 255 0 0
46 9 255 0 0
47 9 255 0 0
48 9 255 0 0
49 9 255 0 0
50 9 255 0 0
51 9 255 0 0
52 9 255 0 0
53 9 255 0 0
54 9 255 0 0
55 9 255 0 0
56 9 255 0 0
57 9 255 0 0
58 9 255 0 0
59 9 255 0 0
60 9 255 0 0
61 9 255 0 0
62 9 255 0 0
63 9 255 0 0
0 10 255 193 7
1 10 255 193 7
2 10 255 193 7
3 10 255 193 7
4 10 255 193 7
5 10 255 193 7
6 10 255 193 7
7 10 255 193 7
8 10 255 193 7
9 10 255 193 7
10 10 255 193 7
11 10 255 193 7
12 10 255 193 7
13 10 255 193 7
14 10 255 193 7
15 10 255 193 7
16 10 255 193 7
17 10 255 193 7
18 10 255 193 7
19 10 255 193 7
20 10 255 193 7
21 10 255 193 7
22 10 255 193 7
23 10 255 193 7
24 10 255 193 7
25 10 255 193 7
26 10 255 193 7
27 10 255 193 7
28 10 255 193 7
29 10 255 193 7
30 10 255 193 7
31 10 255 193 7
32 10 255 193 7
33 10 255 0 0
34 10 255 0 0
35 10 255 0 0
36 10 255 0 0
37 10 255 0 0
38 10 255 0 0
39 10 255 0 0
40 10 255 0 0
41 10 255 0 0
42 10 255 0 0
43 10 255 0 0
44 10 255 0 0
45 10 255 0 0
46 10 255 0 0
47 10 255 0 0
48 10 255 0 0
49 10 255 0 0
50 10 255 0 0
51 10 255 0 0
52 10 255 0 0
53 10 255 0 0
54 10 255 0 0
55 10 255 0 0
56 10 255 0 0
57 10 255 0 0
58 10 255 0 0
59 10 255 0 0
60 10 255 0 0
61 10 255 0 0
62 10 255 0 0
63 10 255 0 0
0 11 255 193 7
1 11 255 193 7
2 11 255 193 7
3 11 255 193 7
4 11 255 193 7
5 11 255 193 7
6 11 255 193 7
7 11 255 193 7
8 11 255 193 7
9 11 255 193 7
10 11 255 193 7
11 11 255 193 7
12 11 255 193 7
13 11 255 193 7
14 11 255 193 7
15 11 255 193 7
16 11 255 193 7
17 11 255 193 7
18 11 255 193 7
19 11 255 193 7
20 11 255 193 7
21 11 255 193 7
22 11 255 193 7
23 11 255 193 7
24 11 255 193 7
25 11 255 193 7
26 11 255 193 7
27 11 255 193 7
28 11 255 193 7
29 11 255 193 7
30 11 255 193 7
31 11 255 193 7
32 11 255 193 7
33 11 255 0 0
34 11 255 0 0
35 11 255 0 0
36 11 255 0 0
37 11 255 0 0
38 11 255 0 0
39 11 255 0 0
40 11 255 0 0
41 11 255 0 0
42 11 255 0 0
43 11 255 0 0
44 11 255 0 0
45 11 255 0 0
46 11 255 0 0
47 11 255 0 0
48 11 255 0 0
49 11 255 0 0
50 11 255 0 0
51 11 255 0 0
52 11 255 0 0
53 11 255 0 0
54 11 255 0 0
55 11 255 0 0
56 11 255 0 0
57 11 255 0 0
58 11 255 0 0
59 11 255 0 0
60 11 255 0 0
61 11 255 0 0
62 11 255 0 0
63 11 255 0 0
0 12 255 193 7
1 12 255 193 7
2 12 255 193 7
3 12 255 193 7
4 12 255 193 7
5 12 255 193 7
6 12 255 193 7
7 12 255 193 7
8 12 255 193 7
9 12 255 193 7
10 12 255 193 7
11 12 255 193 7
12 12 255 193 7
13 12 255 193 7
14 12 255 193 7
15 12 255 193 7
16 12 255 193 7
17 12 255 193 7
18 12 255 193 7
19 12 255 193 7
20 12 255 193 7
21 12 255 193 7
22 12 255 193 7
23 12 255 193 7
24 12 255 193 7
25 12 255 193 7
26 12 255 193 7
27 12 255 193 7
28 12 255 193 7
29 12 255 193 7
30 12 255 193 7
31 12 255 193 7
32 12 255 193 7
33 12 255 0 0
34 12 255 0 0
35 12 255 0 0
36 12 255 0 0
37 12 255 0 0
38 12 255 0 0
39 12 255 0 0
40 12 255 0 0
41 12 255 0 0
42 12 255 0 0
43 12 255 0 0
44 12 255 0 0
45 12 255 0 0
46 12 255 0 0
47 12 255 0 0
48 12 255 0 0
49 12 255 0 0
50 12 255 0 0
51 12 255 0 0
52 12 255 0 0
53 12 255 0 0
54 12 255 0 0
55 12 255 0 0
56 12 255 0 0
57 12 255 0 0
58 12 255 0 0
59 12 255 0 0
60 12 255 0 0
61 12 255 0 0
62 12 255 0 0
63 12 255 0 0
0 13 255 193 7
1 13 255 193 7
2 13 255 193 7
3 13 255 193 7
4 13 255 193 7
5 13 255 193 7
6 13 255 193 7
7 13 255 193 7
8 13 255 193 7
9 13 255 193 7
10 13 255 193 7
11 13 255 193 7
12 13 255 193 7
13 13 255 193 7
14 13 255 193 7
15 13 255 193 7
16 13 255 193 7
17 13 255 193 7
18 13 255 193 7
19 13 255 193 7
20 13 255 193 7
21 13 255 193 7
22 13 255 193 7
23 13 255 193 7
24 13 255 193 7
25 13 255 193 7
26 13 255 193 7
27 13 255 193 7
28 13 255 193 7
29 13 255 193 7
30 13 255 193 7
31 13 255 193 7
32 13 255 193 7
33 13 255 0 0
34 13 255 0 0
35 13 255 0 0
36 13 255 0 0
37 13 255 0 0
38 13 255 0 0
39 13 255 0 0
40 13 255 0 0
41 13 255 0 0
42 13 255 0 0
43 13 255 0 0
44 13 255 0 0
45 13 255 0 0
46 13 255 0 0
47 13 255 0 0
48 13 255 0 0
49 13 255 0 0
50 13 255 0 0
51 13 255 0 0
52 13 255 0 0
53 13 255 0 0
54 13 255 0 0
55 13 255 0 0
56 13 255 0 0
57 13 255 0 0
58 13 255 0 0
59 13 255 0 0
60 13 255 0 0
61 13 255 0 0
62 13 255 0 0
63 13 255 0 0
0 14 255 193 7
1 14 255 193 7
2 14 255 193 7
3 14 255 193 7
4 14 255 193 7
5 14 255 193 7
6 14 255 193 7
7 14 255 193 7
8 14 255 193 7
9 14 255 193 7
10 14 255 193 7
11 14 255 193 7
12 14 255 193 7
13 14 255 193 7
14 14 255 193 7
15 14 255 193 7
16 14 255 193 7
17 14 255 193 7
18 14 255 193 7
19 14 255 193 7
20 14 255 193 7
21 14 255 193 7
22 14 255 193 7
23 14 255 193 7
24 14 255 193 7
25 14 255 193 7
26 14 255 193 7
27 14 255 193 7
28 14 255 193 7
29 14 255 193 7
30 14 255 193 7
31 14 255 193 7
32 14 255 193 7
33 14 255 0 0
34 14 255 0 0
35 14 255 0 0
36 14 255 0 0
37 14 255 0 0
38 14 255 0 0
39 14 255 0 0
40 14 255 0 0
41 14 255 0 0
42 14 255 0 0
43 14 255 0 0
44 14 255 0 0
45 14 255 0 0
46 14 255 0 0
47 14 255 0 0
48 14 255 0 0
49 14 255 0 0
50 14 255 0 0
51 14 255 0 0
52 14 255 0 0
53 14 255 0 0
54 14 255 0 0
55 14 255 0 0
56 14 255 0 0
57 14 255 0 0
58 14 255 0 0
59 14 255 0 0
60 14 255 0 0
61 14 255 0 0
62 14 255 0 0
63 14 255 0 0
0 15 255 193 7
1 15 255 193 7
2 15 255 193 7
3 15 255 193 7
4 15 255 193 7
5 15 255 193 7
6 15 255 193 7
7 15 255 193 7
8 15 255 193 7
9 15 255 193 7
10 15 255 193 7
11 15 255 193 7
12 15 255 193 7
13 15 255 193 7
14 15 255 193 7
15 15 255 193 7
16 15 255 193 7
17 15 255 193 7
18 15 255 193 7
19 15 255 193 7
20 15 255 193 7
21 15 255 193 7
22 15 255 193 7
23 15 255 193 7
24 15 255 193 7
25 15 255 193 7
26 15 255 193 7
27 15 255 193 7
28 15 255 193 7
29 15 255 193 7
30 15 255 193 7
31 15 255 193 7
32 15 255 193 7
33 15 255 0 0
34 15 255 0 0
35 15 255 0 0
36 15 255 0 0
37 15 255 0 0
38 15 255 0 0
39 15 255 0 0
40 15 255 0 0
41 15 255 0 0
42 15 255 0 0
43 15 255 0 0
44 15 255 0 0
45 15 255 0 0
46 15 255 0 0
47 15 255 0 0
48 15 255 0 0
49 15 255 0 0
50 15 255 0 0
51 15 255 0 0
52 15 255 0 0
53 15 255 0 0
54 15 255 0 0
55 15 255 0 0
56 15 255 0 0
57 15 255 0 0
58 15 255 0 0
59 15 255 0 0
60 15 255 0 0
61 15 255 0 0
62 15 255 0 0
63 15 255 0 0
0 16 255 193 7
1 16 255 193 7
2 16 255 193 7
3 16 255 193 7
4 16 255 193 7
5 16 255 193 7
6 16 255 193 7
7 16 255 193 7
8 16 255 193 7
9 16 255 193 7
10 16 255 193 7
11 16 255 193 7
12 16 255 193 7
13 16 255 193 7
14 16 255 193 7
15 16 255 193 7
16 16 255 193 7
17 16 255 193 7
18 16 255 193 7
19 16 255 193 7
20 16 255 193 7
21 16 255 193 7
22 16 255 193 7
23 16 255 193 7
24 16 255 193 7
25 16 255 193 7
26 16 255 193 7
27 16 255 193 7
28 16 255 193 7
29 16 255 193 7
30 16 255 193 7
31 16 255 193 7
32 16 255 0 0
33 16 255 0 0
34 16 255 0 0
35 16 255 0 0
36 16 255 0 0
37 16 255 0 0
38 16 255 0 0
39 16 255 0 0
40 16 255 0 0
41 16 255 0 0
42 16 255 0 0
43 16 255 0 0
44 16 255 0 0
45 16 255 0 0
46 16 255 0 0
47 16 255 0 0
48 16 255 0 0
49 16 255 0 0
50 16 255 0 0
51 16 255 0 0
52 16 255 0 0
53 16 255 0 0
54 16 255 0 0
55 16 255 0 0
56 16 255 0 0
57 16 255 0 0
58 16 255 0 0
59 16 255 0 0
60 16 255 0 0
61 16 255 0 0
62 16 255 0 0
63 16 255 0 0
0 17 255 193 7
1 17 255 193 7
2 17 255 193 7
3 17 255 193 7
4 17 255 193 7
5 17 255 193 7
6 17 255 193 7
7 17 255 193 7
8 17 255 193 7
9 17 255 193 7
10 17 255 193 7
11 17 255 193 7
12 17 255 193 7
13 17 255 193 7
14 17 255 193 7
15 17 255 193 7
16 17 255 193 7
17 17 255 193 7
18 17 255 193 7
19 17 255 193 7
20 17 255 193 7
21 17 255 193 7
22 17 255 193 7
23 17 255 193 7
24 17 255 193 7
25 17 255 193 7
26 17 255 193 7
27 17 255 193 7
28 17 255 193 7
29 17 255 193 7
30 17 255 193 7
31 17 255 193 7
32 17 255 0 0
33 17 255 0 0
34 17 255 0 0
35 17 255 0 0
36 17 255 0 0
37 17 255 0 0
38 17 255 0 0
39 17 255 0 0
40 17 255 0 0
41 17 255 0 0
42 17 255 0 0
43 17 255 0 0
44 17 255 0 0
45 17 255 0 0
46 17 255 0 0
47 17 255 0 0
48 17 255 0 0
49 17 255 0 0
50 17 255 0 0
51 17 255 0 0
52 17 255 0 0
53 17 255 0 0
54 17 255 0 0
55 17 255 0 0
56 17 255 0 0
57 17 255 0 0
58 17 255 0 0
59 17 255 0 0
60 17 255 0 0
61 17 255 0 0
62 17 255 0 0
63 17 255 0 0
0 18 255 193 7
1 18 255 193 7
2 18 255 193 7
3 18 255 193 7
4 18 255 193 7
5 18 255 193 7
6 18 255 193 7
7 18 255 193 7
8 18 255 193 7
9 18 255 193 7
10 18 255 193 7
11 18 255 193 7
12 18 255 193 7
13 18 255 193 7
14 18 255 193 7
15 18 255 193 7
16 18 255 193 7
17 18 255 193 7
18 18 255 193 7
19 18 255 193 7
20 18 255 193 7
21 18 255 193 7
22 18 255 193 7
23 18 255 193 7
24 18 255 193 7
25 18 255 193 7
26 18 255 193 7
27 18 255 193 7
28 18 255 193 7
29 18 255 193 7
30 18 255 193 7
31 18 255 193 7
32 18 255 0 0
33 18 255 0 0
34 18 255 0 0
35 18 255 0 0
36 18 255 0 0
37 18 255 0 0
38 18 255 0 0
39 18 255 0 0
40 18 255 0 0
41 18 255 0 0
42 18 255 0 0
43 18 255 0 0
44 18 255 0 0
45 18 255 0 0
46 18 255 0 0
47 18 255 0 0
48 18 255 0 0
49 18 255 0 0
50 18 255 0 0
51 18 255 0 0
52 18 255 0 0
53 18 255 0 0
54 18 255 0 0
55 18 255 0 0
56 18 255 0 0
57 18 255 0 0
58 18 255 0 0
59 18 255 0 0
60 18 255 0 0
61 18 255 0 0
62 18 255 0 0
63 18 255 0 0
0 19 255 193 7
1 19 255 193 7
2 19 255 193 7
3 19 255 193 7
4 19 255 193 7
5 19 255 193 7
6 19 255 193 7
7 19 255 193 7
8 19 255 193 7
9 19 255 193 7
10 19 255 193 7
11 19 255 193 7
12 19 255 193 7
13 19 255 193 7
14 19 255 193 7
15 19 255 193 7
16 19 255 193 7
17 19 255 193 7
18 19 255 193 7
19 19 255 193 7
20 19 255 193 7
21 19 255 193 7
22 19 255 193 7
23 19 255 193 7
24 19 255 193 7
25 19 255 193 7
26 19 255 193 7
27 19 255 193 7
28 19 255 193 7
29 19 255 193 7
30 19 255 193 7
31 19 255 193 7
32 19 255 0 0
33 19 255 0 0
34 19 255 0 0
35 19 255 0 0
36 19 255 0 0
37 19 255 0 0
38 19 255 0 0
39 19 255 0 0
40 19 255 0 0
41 19 255 0 0
42 19 255 0 0
43 19 255 0 0
44 19 255 0 0
45 19 255 0 0
46 19 255 0 0
47 19 255 0 0
48 19 255 0 0
49 19 255 0 0
50 19 255 0 0
51 19 255 0 0
52 19 255 0 0
53 19 255 0 0
54 19 255 0 0
55 19 255 0 0
56 19 255 0 0
57 19 255 0 0
58 19 255 0 0
59 19 255 0 0
60 19 255 0 0
61 19 255 0 0
62 19 255 0 0
63 19 255 0 0
0 20 255 193 7
1 20 255 193 7
2 20 255 193 7
3 20 255 193 7
4 20 255 193 7
5 20 255 193 7
6 20 255 193 7
7 20 255 193 7
8 20 255 193 7
9 20 255 193 7
10 20 255 193 7
11 20 255 193 7
12 20 255 193 7
13 20 255 193 7
14 20 255 193 7
15 20 255 193 7
16 20 255 193 7
17 20 255 193 7
18 20 255 193 7
19 20 255 193 7
20 20 255 193 7
21 20 255 193 7
22 20 255 193 7
23 20 255 193 7
24 20 255 193 7
25 20 255 193 7
26 20 255 193 7
27 20 255 193 7
28 20 255 193 7
29 20 255 193 7
30 20 255 193 7
31 20 255 193 7
32 20 255 0 0
33 20 255 0 0
34 20 255 0 0
35 20 255 0 0
36 20 255 0 0
37 20 255 0 0
38 20 255 0 0
39 20 255 0 0
40 20 255 0 0
41 20 255 0 0
42 20 255 0 0
43 20 255 0 0
44 20 255 0 0
45 20 255 0 0
46 20 255 0 0
47 20 255 0 0
48 20 255 0 0
49 20 255 0 0
50 20 255 0 0
51 20 255 0 0
52 20 255 0 0
53 20 255 0 0
54 20 255 0 0
55 20 255 0 0
56 20 255 0 0
57 20 255 0 0
58 20 255 0 0
59 20 255 0 0
60 20 255 0 0
61 20 255 0 0
62 20 255 0 0
63 20 255 0 0
0 21 255 193 7
1 21 255 193 7
2 21 255 193 7
3 21 255 193 7
4 21 255 193 7
5 21 255 193 7
6 21 255 193 7
7 21 255 193 7
8 21 255 193 7
9 21 255 193 7
10 21 255 193 7
11 21 255 193 7
12 21 255 193 7
13 21 255 193 7
14 21 255 193 7
15 21 255 193 7
16 21 255 193 7
17 21 255 193 7
18 21 255 193 7
19 21 255 193 7
20 21 255 193 7
21 21 255 193 7
22 21 255 193 7
23 21 255 193 7
24 21 255 193 7
25 21 255 193 7
26 21 255 193 7
27 21 255 193 7
28 21 255 193 7
29 21 255 193 7
30 21 255 193 7
31 21 255 193 7
32 21 255 0 0
33 21 255 0 0
34 21 255 0 0
35 21 255 0 0
36 21 255 0 0
37 21 255 0 0
38 21 255 0 0
39 21 255 0 0
40 21 255 0 0
41 21 255 0 0
42 21 255 0 0
43 21 255 0 0
44 21 255 0 0
45 21 255 0 0
46 21 255 0 0
47 21 255 0 0
48 21 255 0 0
49 21 255 0 0
50 21 255 0 0
51 21 255 0 0
52 21 255 0 0
53 21 255 0 0
54 21 255 0 0
55 21 255 0 0
56 21 255 0 0
57 21 255 0 0
58 21 255 0 0
59 21 255 0 0
60 21 255 0 0
61 21 255 0 0
62 21 255 0 0
63 21 255 0 0
0 22 255 193 7
1 22 255 193 7
2 22 255 193 7
3 22 255 193 7
4 22 255 193 7
5 22 255 193 7
6 22 255 193 7
7 22 255 193 7
8 22 255 193 7
9 22 255 193 7
10 22 255 193 7
11 22 255 193 7
12 22 255 193 7
13 22 255 193 7
14 22 255 193 7
15 22 255 193 7
16 22 255 193 7
17 22 255 193 7
18 22 255 193 7
19 22 255 193 7
20 22 255 193 7
21 22 255 193 7
22 22 255 193 7
23 22 255 193 7
24 22 255 193 7
25 22 255 193 7
26 22 255 193 7
27 22 255 193 7
28 22 255 193 7
29 22 255 193 7
30 22 255 193 7
31 22 255 0 0
32 22 255 0 0
33 22 255 0 0
34 22 255 0 0
35 22 255 0 0
36 22 255 0 0
37 22 255 0 0
38 22 255 0 0
39 22 255 0 0
40 22 255 0 0
41 22 255 0 0
42 22 255 0 0
43 22 255 0 0
44 22 255 0 0
45 22 255 0 0
46 22 255 0 0
47 22 255 0 0
48 22 255 0 0
49 22 255 0 0
50 22 255 0 0
51 22 255 0 0
52 22 255 0 0
53 22 255 0 0
54 22 255 0 0
55 22 255 0 0
56 22 255 0 0
57 22 255 0 0
58 22 255 0 0
59 22 255 0 0
60 22 255 0 0
61 22 255 0 0
62 22 255 0 0
63 22 255 0 0
0 23 255 193 7
1 23 255 193 7
2 23 255 193 7
3 23 255 193 7
4 23 255 193 7
5 23 255 193 7
6 23 255 193 7
7 23 255 193 7
8 23 255 193 7
9 23 255 193 7
10 23 255 193 7
11 23 255 193 7
12 23 255 193 7
13 23 255 193 7
14 23 255 193 7
15 23 255 193 7
16 23 255 193 7
17 23 255 193 7
18 23 255 193 7
19 23 255 193 7
20 23 255 193 7
21 23 255 193 7
22 23 255 193 7
23 23 255 193 7
24 23 255 193 7
25 23 255 193 7
26 23 255 193 7
27 23 255 193 7
28 23 255 193 7
29 23 255 193 7
30 23 255 193 7
31 23 255 0 0
32 23 255 0 0
33 23 255 0 0
34 23 255 0 0
35 23 255 0 0
36 23 255 0 0
37 23 255 0 0
38 23 255 0 0
39 23 255 0 0
40 23 255 0 0
41 23 255 0 0
42 23 255 0 0
43 23 255 0 0
44 23 255 0 0
45 23 255 0 0
46 23 255 0 0
47 23 255 0 0
48 23 255 0 0
49 23 255 0 0
50 23 255 0 0
51 23 255 0 0
52 23 255 0 0
53 23 255 0 0
54 23 255 0 0
55 23 255 0 0
56 23 255 0 0
57 23 255 0 0
58 23 255 0 0
59 23 255 0 0
60 23 255 0 0
61 23 255 0 0
62 23 255 0 0
63 23 255 0 0
0 24 255 193 7
1 24 255 193 7
2 24 255 193 7
3 24 255 193 7
4 24 255 193 7
5 24 255 193 7
6 24 255 193 7
7 24 255 193 7
8 24 255 193 7
9 24 255 193 7
10 24 255 193 7
11 24 255 193 7
12 24 255 193 7
13 24 255 193 7
14 24 255 193 7
15 24 255 193 7
16 24 255 193 7
17 24 255 193 7
18 24 255 193 7
19 24 255 193 7
20 24 255 193 7
21 24 255 193 7
22 24 255 193 7
23 24 255 193 7
24 24 255 193 7
25 24 255 193 7
26 24 255 193 7
27 24 255 193 7
28 24 255 193 7
29 24 255 193 7
30 24 255 193 7
31 24 255 0 0
32 24 255 0 0
33 24 255 0 0
34 24 255 0 0
35 24 255 0 0
36 24 255 0 0
37 24 255 0 0
38 24 255 0 0
39 24 255 0 0
40 24 255 0 0
41 24 255 0 0
42 24 255 0 0
43 24 255 0 0
44 24 255 0 0
45 24 255 0 0
46 24 255 0 0
47 24 255 0 0
48 24 255 0 0
49 24 255 0 0
50 24 255 0 0
51 24 255 0 0
52 24 255 0 0
53 24 255 0 0
54 24 255 0 0
55 24 255 0 0
56 24 255 0 0
57 24 255 0 0
58 24 255 0 0
59 24 255 0 0
60 24 255 0 0
61 24 255 0 0
62 24 255 0 0
63 24 255 0 0
0 25 255 193 7
1 25 255 193 7
2 25 255 193 7
3 25 255 193 7
4 25 255 193 7
5 25 255 193 7
6 25 255 193 7
7 25 255 193 7
8 25 255 193 7
9 25 255 193 7
10 25 255 193 7
11 25 255 193 7
12 25 255 193 7
13 25 255 193 7
14 25 255 193 7
15 25 255 193 7
16 25 255 193 7
17 25 255 193 7
18 25 255 193 7
19 25 255 193 7
20 25 255 193 7
21 25 255 193 7
22 25 255 193 7
23 25 255 193 7
24 25 255 193 7
25 25 255 193 7
26 25 255 193 7
27 25 255 193 7
28 25 255 193 7
29 25 255 193 7
30 25 255 193 7
31 25 255 0 0
32 25 255 0 0
33 25 255 0 0
34 25 255 0 0
35 25 255 0 0
36 25 255 0 0
37 25 255 0 0
38 25 255 0 0
39 25 255 0 0
40 25 255 0 0
41 25 255 0 0
42 25 255 0 0
43 25 255 0 0
44 25 255 0 0
45 25 255 0 0
46 25 255 0 0
47 25 255 0 0
48 25 255 0 0
49 25 255 0 0
50 25 255 0 0
51 25 255 0 0
52 25 255 0 0
53 25 255 0 0
54 25 255 0 0
55 25 255 0 0
56 25 255 0 0
57 25 255 0 0
58 25 255 0 0
59 25 255 0 0
60 25 255 0 0
61 25 255 0 0
62 25 255 0 0
63 25 255 0 0
0 26 255 193 7
1 26 255 193 7
2 26 255 193 7
3 26 255 193 7
4 26 255 193 7
5 26 255 193 7
6 26 255 193 7
7 26 255 193 7
8 26 255 193 7
9 26 255 193 7
10 26 255 193 7
11 26 255 193 7
12 26 255 193 7
13 26 255 193 7
14 26 255 193 7
15 26 255 193 7
16 26 255 193 7
17 26 255 193 7
18 26 255 193 7
19 26 255 193 7
20 26 255 193 7
21 26 255 193 7
22 26 255 193 7
23 26 255 193 7
24 26 255 193 7
25 26 255 193 7
26 26 255 193 7
27 26 255 193 7
28 26 255 193 7
29 26 255 193 7
30 26 255 193 7
31 26 255 0 0
32 26 255 0 0
33 26 255 0 0
34 26 255 0 0
35 26 255 0 0
36 26 255 0 0
37 26 255 0 0
38 26 255 0 0
39 26 255 0 0
40 26 255 0 0
41 26 255 0 0
42 26 255 0 0
43 26 255 0 0
44 26 255 0 0
45 26 255 0 0
46 26 255 0 0
47 26 255 0 0
48 26 255 0 0
49 26 255 0 0
50 26 255 0 0
51 26 255 0 0
52 26 255 0 0
53 26 255 0 0
54 26 255 0 0
55 26 255 0 0
56 26 255 0 0
57 26 255 0 0
58 26 255 0 0
59 26 255 0 0
60 26 255 0 0
61 26 255 0 0
62 26 255 0 0
63 26 255 0 0
0 27 255 193 7
1 27 255 193 7
2 27 255 193 7
3 27 255 193 7
4 27 255 193 7
5 27 255 193 7
6 27 255 193 7
7 27 255 193 7
8 27 255 193 7
9 27 255 193 7
10 27 255 193 7
11 27 255 193 7
12 27 255 193 7
13 27 255 193 7
14 27 255 193 7
15 27 255 193 7
16 27 255 193 7
17 27 255 193 7
18 27 255 193 7
19 27 255 193 7
20 27 255 193 7
21 27 255 193 7
22 27 255 193 7
23 27 255 193 7
24 27 255 193 7
25 27 255 193 7
26 27 255 193 7
27 27 255 193 7
28 27 255 193 7
29 27 255 193 7
30 27 255 193 7
31 27 255 0 0
32 27 255 0 0
33 27 255 0 0
34 27 255 0 0
35 27 255 0 0
36 27 255 0 0
37 27 255 0 0
38 27 255 0 0
39 27 255 0 0
40 27 255 0 0
41 27 255 0 0
42 27 255 0 0
43 27 255 0 0
44 27 255 0 0
45 27 255 0 0
46 27 255 0 0
47 27 255 0 0
48 27 255 0 0
49 27 255 0 0
50 27 255 0 0
51 27 255 0 0
52 27 255 0 0
53 27 255 0 0
54 27 255 0 0
55 27 255 0 0
56 27 255 0 0
57 27 255 0 0
58 27 255 0 0
59 27 255 0 0
60 27 255 0 0
61 27 255 0 0
62 27 255 0 0
63 27 255 0 0
0 28 255 193 7
1 28 255 193 7
2 28 255 193 7
3 28 255 193 7
4 28 255 193 7
5 28 255 193 7
6 28 255 193 7
7 28 255 193 7
8 28 255 193 7
9 28 255 193 7
10 28 255 193 7
11 28 255 193 7
12 28 255 193 7
13 28 255 193 7
14 28 255 193 7
15 28 255 193 7
16 28 255 193 7
17 28 255 193 7
18 28 255 193 7
19 28 255 193 7
20 28 255 193 7
21 28 255 193 7
22 28 255 193 7
23 28 255 193 7
24 28 255 193 7
25 28 255 193 7
26 28 255 193 7
27 28 255 193 7
28 28 255 193 7
29 28 255 193 7
30 28 255 0 0
31 28 255 0 0
32 28 255 0 0
33 28 255 0 0
34 28 255 0 0
35 28 255 0 0
36 28 255 0 0
37 28 255 0 0
38 28 255 0 0
39 28 255 0 0
40 28 255 0 0
41 28 255 0 0
42 28 255 0 0
43 28 255 0 0
44 28 255 0 0
45 28 255 0 0
46 28 255 0 0
47 28 255 0 0
48 28 255 0 0
49 28 255 0 0
50 28 255 0 0
51 28 255 0 0
52 28 255 0 0
53 28 255 0 0
54 28 255 0 0
55 28 255 0 0
56 28 255 0 0
57 28 255 0 0
58 28 255 0 0
59 28 255 0 0
60 28 255 0 0
61 28 255 0 0
62 28 255 0 0
63 28 255 0 0
0 29 255 193 7
1 29 255 193 7
2 29 255 193 7
3 29 255 193 7
4 29 255 193 7
5 29 255 193 7
6 29 255 193 7
7 29 255 193 7
8 29 255 193 7
9 29 255 193 7
10 29 255 193 7
11 29 255 193 7
12 29 255 193 7
13 29 255 193 7
14 29 255 193 7
15 29 255 193 7
16 29 255 193 7
17 29 255 193 7
18 29 255 193 7
19 29 255 193 7
20 29 255 193 7
21 29 255 193 7
22 29 255 193 7
23 29 255 193 7
24 29 255 193 7
25 29 255 193 7
26 29 255 193 7
27 29 255 193 7
28 29 255 193 7
29 29 255 193 7
30 29 255 0 0
31 29 255 0 0
32 29 255 0 0
33 29 255 0 0
34 29 255 0 0
35 29 255 0 0
36 29 255 0 0
37 29 255 0 0
38 29 255 0 0
39 29 255 0 0
40 29 255 0 0
41 29 255 0 0
42 29 255 0 0
43 29 255 0 0
44 29 255 0 0
45 29 255 0 0
46 29 255 0 0
47 29 255 0 0
48 29 255 0 0
49 29 255 0 0
50 29 255 0 0
51 29 255 0 0
52 29 255 0 0
53 29 255 0 0
54 29 255 0 0
55 29 255 0 0
56 29 255 0 0
57 29 255 0 0
58 29 255 0 0
59 29 255 0 0
60 29 255 0 0
61 29 255 0 0
62 29 255 0 0
63 29 255 0 0
0 30 255 193 7
1 30 255 193 7
2 30 255 193 7
3 30 255 193 7
4 30 255 193 7
5 30 255 193 7
6 30 255 193 7
7 30 255 193 7
8 30 255 193 7
9 30 255 193 7
10 30 255 193 7
11 30 255 193 7
12 30 255 193 7
13 30 255 193 7
14 30 255 193 7
15 30 255 193 7
16 30 255 193 7
17 30 255 193 7
18 30 255 193 7
19 30 255 193 7
20 30 255 193 7
21 30 255 193 7
22 30 255 193 7
23 30 255 193 7
24 30 255 193 7
25 30 255 193 7
26 30 255 193 7
27 30 255 193 7
28 30 255 193 7
29 30 255 193 7
30 30 255 0 0
31 30 255 0 0
32 30 255 0 0
33 30 255 0 0
34 30 255 0 0
35 30 255 0 0
36 30 255 0 0
37 30 255 0 0
38 30 255 0 0
39 30 255 0 0
40 30 255 0 0
41 30 255 0 0
42 30 255 0 0
43 30 255 0 0
44 30 255 0 0
45 30 255 0 0
46 30 255 0 0
47 30 255 0 0
48 30 255 0 0
49 30 255 0 0
50 30 255 0 0
51 30 255 0 0
52 30 255 0 0
53 30 255 0 0
54 30 255 0 0
55 30 255 0 0
56 30 255 0 0
57 30 255 0 0
58 30 255 0 0
59 30 255 0 0
60 30 255 0 0
61 30 255 0 0
62 30 255 0 0
63 30 255 0 0
0 31 255 193 7
1 31 255 193 7
2 31 255 193 7
3 31 255 193 7
4 31 255 193 7
5 31 255 193 7
6 31 255 193 7
7 31 255 193 7
8 31 255 193 7
9 31 255 193 7
10 31 255 193 7
11 31 255 193 7
12 31 255 193 7
13 31 255 193 7
14 31 255 193 7
15 31 255 193 7
16 31 255 193 7
17 31 255 193 7
18 31 255 193 7
19 31 255 193 7
20 31 255 193 7
21 31 255 193 7
22 31 255 193 7
23 31 255 193 7
24 31 255 193 7
25 31 255 193 7
26 31 255 193 7
27 31 255 193 7
28 31 255 193 7
29 31 255 193 7
30 31 255 0 0
31 31 255 0 0
32 31 255 0 0
33 31 255 0 0
34 31 255 0 0
35 31 255 0 0
36 31 255 0 0
37 31 255 0 0
38 31 255 0 0
39 31 255 0 0
40 31 255 0 0
41 31 255 0 0
42 31 255 0 0
43 31 255 0 0
44 31 255 0 0
45 31 255 0 0
46 31 255 0 0
47 31 255 0 0
48 31 255 0 0
49 31 255 0 0
50 31 255 0 0
51 31 255 0 0
52 31 255 0 0
53 31 255 0 0
54 31 255 0 0
55 31 255 0 0
56 31 255 0 0
57 31 255 0 0
58 31 255 0 0
59 31 255 0 0
60 31 255 0 0
61 31 255 0 0
62 31 255 0 0
63 31 255 0 0
