14 7 255 0 0
15 7 255 0 0
16 7 255 0 0
17 7 255 0 0
46 7 255 193 7
47 7 255 193 7
48 7 255 193 7
49 7 255 193 7
12 8 255 0 0
13 8 255 0 0
14 8 255 0 0
15 8 255 0 0
16 8 255 0 0
17 8 255 0 0
18 8 255 0 0
19 8 255 0 0
44 8 255 193 7
45 8 255 193 7
46 8 255 193 7
47 8 255 193 7
48 8 255 193 7
49 8 255 193 7
50 8 255 193 7
51 8 255 193 7
10 9 255 0 0
11 9 255 0 0
12 9 255 0 0
13 9 255 0 0
14 9 255 0 0
15 9 255 0 0
16 9 255 0 0
17 9 255 0 0
18 9 255 0 0
19 9 255 0 0
20 9 255 0 0
21 9 255 0 0
42 9 255 193 7
43 9 255 193 7
44 9 255 193 7
45 9 255 193 7
46 9 255 193 7
47 9 255 193 7
48 9 255 193 7
49 9 255 193 7
50 9 255 193 7
51 9 255 193 7
52 9 255 193 7
53 9 255 193 7
9 10 255 0 0
10 10 255 0 0
11 10 255 0 0
12 10 255 0 0
13 10 255 0 0
14 10 255 0 0
15 10 255 0 0
16 10 255 0 0
17 10 255 0 0
18 10 255 0 0
19 10 255 0 0
20 10 255 0 0
21 10 255 0 0
22 10 255 0 0
41 10 255 193 7
42 10 255 193 7
43 10 255 193 7
44 10 255 193 7
45 10 255 193 7
46 10 255 193 7
47 10 255 193 7
48 10 255 193 7
49 10 255 193 7
50 10 255 193 7
51 10 255 193 7
52 10 255 193 7
53 10 255 193 7
54 10 255 193 7
9 11 255 0 0
10 11 255 0 0
11 11 255 0 0
12 11 255 0 0
13 11 255 0 0
14 11 255 0 0
15 11 255 0 0
16 11 255 0 0
17 11 255 0 0
18 11 255 0 0
19 11 255 0 0
20 11 255 0 0
21 11 255 0 0
22 11 255 0 0
41 11 255 193 7
42 11 255 193 7
43 11 255 193 7
44 11 255 193 7
45 11 255 193 7
46 11 255 193 7
47 11 255 193 7
48 11 255 193 7
49 11 255 193 7
50 11 255 193 7
51 11 255 193 7
52 11 255 193 7
53 11 255 193 7
54 11 255 193 7
8 12 255 0 0
9 12 255 0 0
10 12 255 0 0
11 12 255 0 0
12 12 255 0 0
13 12 255 0 0
14 12 255 0 0
15 12 255 0 0
16 12 255 0 0
17 12 255 0 0
18 12 255 0 0
19 12 255 0 0
20 12 255 0 0
21 12 255 0 0
22 12 255 0 0
23 12 255 0 0
40 12 255 193 7
41 12 255 193 7
42 12 255 193 7
43 12 255 193 7
44 12 255 193 7
45 12 255 193 7
46 12 255 193 7
47 12 255 193 7
48 12 255 193 7
49 12 255 193 7
50 12 255 193 7
51 12 255 193 7
52 12 255 193 7
53 12 255 193 7
54 12 255 193 7
55 12 255 193 7
8 13 255 0 0
9 13 255 0 0
10 13 255 0 0
11 13 255 0 0
12 13 255 0 0
13 13 255 0 0
14 13 255 0 0
15 13 255 0 0
16 13 255 0 0
17 13 255 0 0
18 13 255 0 0
19 13 255 0 0
20 13 255 0 0
21 13 255 0 0
22 13 255 0 0
23 13 255 0 0
40 13 255 193 7
41 13 255 193 7
42 13 255 193 7
43 13 255 193 7
44 13 255 193 7
45 13 255 193 7
46 13 255 193 7
47 13 255 193 7
48 13 255 193 7
49 13 255 193 7
50 13 255 193 7
51 13 255 193 7
52 13 255 193 7
53 13 255 193 7
54 13 255 193 7
55 13 255 193 7
7 14 255 0 0
8 14 255 0 0
9 14 255 0 0
10 14 255 0 0
11 14 255 0 0
12 14 255 0 0
13 14 255 0 0
14 14 255 0 0
15 14 255 0 0
16 14 255 0 0
17 14 255 0 0
18 14 255 0 0
19 14 255 0 0
20 14 255 0 0
21 14 255 0 0
22 14 255 0 0
23 14 255 0 0
24 14 255 0 0
39 14 255 193 7
40 14 255 193 7
41 14 255 193 7
42 14 255 193 7
43 14 255 193 7
44 14 255 193 7
45 14 255 193 7
46 14 255 193 7
47 14 255 193 7
48 14 255 193 7
49 14 255 193 7
50 14 255 193 7
51 14 255 193 7
52 14 255 193 7
53 14 255 193 7
54 14 255 193 7
55 14 255 193 7
56 14 255 193 7
7 15 255 0 0
8 15 255 0 0
9 15 255 0 0
10 15 255 0 0
11 15 255 0 0
12 15 255 0 0
13 15 255 0 0
14 15 255 0 0
15 15 255 0 0
16 15 255 0 0
17 15 255 0 0
18 15 255 0 0
19 15 255 0 0
20 15 255 0 0
21 15 255 0 0
22 15 255 0 0
23 15 255 0 0
24 15 255 0 0
39 15 255 193 7
40 15 255 193 7
41 15 255 193 7
42 15 255 193 7
43 15 255 193 7
44 15 255 193 7
45 15 255 193 7
46 15 255 193 7
47 15 255 193 7
48 15 255 193 7
49 15 255 193 7
50 15 255 193 7
51 15 255 193 7
52 15 255 193 7
53 15 255 193 7
54 15 255 193 7
55 15 255 193 7
56 15 255 193 7
7 16 255 0 0
8 16 255 0 0
9 16 255 0 0
10 16 255 0 0
11 16 255 0 0
12 16 255 0 0
13 16 255 0 0
14 16 255 0 0
15 16 255 0 0
16 16 255 0 0
17 16 255 0 0
18 16 255 0 0
19 16 255 0 0
20 16 255 0 0
21 16 255 0 0
22 16 255 0 0
23 16 255 0 0
24 16 255 0 0
39 16 255 193 7
40 16 255 193 7
41 16 255 193 7
42 16 255 193 7
43 16 255 193 7
44 16 255 193 7
45 16 255 193 7
46 16 255 193 7
47 16 255 193 7
48 16 255 193 7
49 16 255 193 7
50 16 255 193 7
51 16 255 193 7
52 16 255 193 7
53 16 255 193 7
54 16 255 193 7
55 16 255 193 7
56 16 255 193 7
7 17 255 0 0
8 17 255 0 0
9 17 255 0 0
10 17 255 0 0
11 17 255 0 0
12 17 255 0 0
13 17 255 0 0
14 17 255 0 0
15 17 255 0 0
16 17 255 0 0
17 17 255 0 0
18 17 255 0 0
19 17 255 0 0
20 17 255 0 0
21 17 255 0 0
22 17 255 0 0
23 17 255 0 0
24 17 255 0 0
39 17 255 193 7
40 17 255 193 7
41 17 255 193 7
42 17 255 193 7
43 17 255 193 7
44 17 255 193 7
45 17 255 193 7
46 17 255 193 7
47 17 255 193 7
48 17 255 193 7
49 17 255 193 7
50 17 255 193 7
51 17 255 193 7
52 17 255 193 7
53 17 255 193 7
54 17 255 193 7
55 17 255 193 7
56 17 255 193 7
8 18 255 0 0
9 18 255 0 0
10 18 255 0 0
11 18 255 0 0
12 18 255 0 0
13 18 255 0 0
14 18 255 0 0
15 18 255 0 0
16 18 255 0 0
17 18 255 0 0
18 18 255 0 0
19 18 255 0 0
20 18 255 0 0
21 18 255 0 0
22 18 255 0 0
23 18 255 0 0
40 18 255 193 7
41 18 255 193 7
42 18 255 193 7
43 18 255 193 7
44 18 255 193 7
45 18 255 193 7
46 18 255 193 7
47 18 255 193 7
48 18 255 193 7
49 18 255 193 7
50 18 255 193 7
51 18 255 193 7
52 18 255 193 7
53 18 255 193 7
54 18 255 193 7
55 18 255 193 7
8 19 255 0 0
9 19 255 0 0
10 19 255 0 0
11 19 255 0 0
12 19 255 0 0
13 19 255 0 0
14 19 255 0 0
15 19 255 0 0
16 19 255 0 0
17 19 255 0 0
18 19 255 0 0
19 19 255 0 0
20 19 255 0 0
21 19 255 0 0
22 19 255 0 0
23 19 255 0 0
40 19 255 193 7
41 19 255 193 7
42 19 255 193 7
43 19 255 193 7
44 19 255 193 7
45 19 255 193 7
46 19 255 193 7
47 19 255 193 7
48 19 255 193 7
49 19 255 193 7
50 19 255 193 7
51 19 255 193 7
52 19 255 193 7
53 19 255 193 7
54 19 255 193 7
55 19 255 193 7
9 20 255 0 0
10 20 255 0 0
11 20 255 0 0
12 20 255 0 0
13 20 255 0 0
14 20 255 0 0
15 20 255 0 0
16 20 255 0 0
17 20 255 0 0
18 20 255 0 0
19 20 255 0 0
20 20 255 0 0
21 20 255 0 0
22 20 255 0 0
41 20 255 193 7
42 20 255 193 7
43 20 255 193 7
44 20 255 193 7
45 20 255 193 7
46 20 255 193 7
47 20 255 193 7
48 20 255 193 7
49 20 255 193 7
50 20 255 193 7
51 20 255 193 7
52 20 255 193 7
53 20 255 193 7
54 20 255 193 7
9 21 255 0 0
10 21 255 0 0
11 21 255 0 0
12 21 255 0 0
13 21 255 0 0
14 21 255 0 0
15 21 255 0 0
16 21 255 0 0
17 21 255 0 0
18 21 255 0 0
19 21 255 0 0
20 21 255 0 0
21 21 255 0 0
22 21 255 0 0
41 21 255 193 7
42 21 255 193 7
43 21 255 193 7
44 21 255 193 7
45 21 255 193 7
46 21 255 193 7
47 21 255 193 7
48 21 255 193 7
49 21 255 193 7
50 21 255 193 7
51 21 255 193 7
52 21 255 193 7
53 21 255 193 7
54 21 255 193 7
10 22 255 0 0
11 22 255 0 0
12 22 255 0 0
13 22 255 0 0
14 22 255 0 0
15 22 255 0 0
16 22 255 0 0
17 22 255 0 0
18 22 255 0 0
19 22 255 0 0
20 22 255 0 0
21 22 255 0 0
42 22 255 193 7
43 22 255 193 7
44 22 255 193 7
45 22 255 193 7
46 22 255 193 7
47 22 255 193 7
48 22 255 193 7
49 22 255 193 7
50 22 255 193 7
51 22 255 193 7
52 22 255 193 7
53 22 255 193 7
12 23 255 0 0
13 23 255 0 0
14 23 255 0 0
15 23 255 0 0
16 23 255 0 0
17 23 255 0 0
18 23 255 0 0
19 23 255 0 0
44 23 255 193 7
45 23 255 193 7
46 23 255 193 7
47 23 255 193 7
48 23 255 193 7
49 23 255 193 7
50 23 255 193 7
51 23 255 193 7
14 24 255 0 0
15 24 255 0 0
16 24 255 0 0
17 24 255 0 0
46 24 255 193 7
47 24 255 193 7
48 24 255 193 7
49 24 255 193 7
