14 12 255 0 0
15 12 255 0 0
16 12 255 0 0
17 12 255 0 0
46 12 255 193 7
47 12 255 193 7
48 12 255 193 7
49 12 255 193 7
13 13 255 0 0
14 13 255 0 0
15 13 255 0 0
16 13 255 0 0
17 13 255 0 0
18 13 255 0 0
45 13 255 193 7
46 13 255 193 7
47 13 255 193 7
48 13 255 193 7
49 13 255 193 7
50 13 255 193 7
12 14 255 0 0
13 14 255 0 0
14 14 255 0 0
15 14 255 0 0
16 14 255 0 0
17 14 255 0 0
18 14 255 0 0
19 14 255 0 0
44 14 255 193 7
45 14 255 193 7
46 14 255 193 7
47 14 255 193 7
48 14 255 193 7
49 14 255 193 7
50 14 255 193 7
51 14 255 193 7
12 15 255 0 0
13 15 255 0 0
14 15 255 0 0
15 15 255 0 0
16 15 255 0 0
17 15 255 0 0
18 15 255 0 0
19 15 255 0 0
44 15 255 193 7
45 15 255 193 7
46 15 255 193 7
47 15 255 193 7
48 15 255 193 7
49 15 255 193 7
50 15 255 193 7
51 15 255 193 7
12 16 255 0 0
13 16 255 0 0
14 16 255 0 0
15 16 255 0 0
16 16 255 0 0
17 16 255 0 0
18 16 255 0 0
19 16 255 0 0
44 16 255 193 7
45 16 255 193 7
46 16 255 193 7
47 16 255 193 7
48 16 255 193 7
49 16 255 193 7
50 16 255 193 7
51 16 255 193 7
12 17 255 0 0
13 17 255 0 0
14 17 255 0 0
15 17 255 0 0
16 17 255 0 0
17 17 255 0 0
18 17 255 0 0
19 17 255 0 0
44 17 255 193 7
45 17 255 193 7
46 17 255 193 7
47 17 255 193 7
48 17 255 193 7
49 17 255 193 7
50 17 255 193 7
51 17 255 193 7
13 18 255 0 0
14 18 255 0 0
15 18 255 0 0
16 18 255 0 0
17 18 255 0 0
18 18 255 0 0
45 18 255 193 7
46 18 255 193 7
47 18 255 193 7
48 18 255 193 7
49 18 255 193 7
50 18 255 193 7
14 19 255 0 0
15 19 255 0 0
16 19 255 0 0
17 19 255 0 0
46 19 255 193 7
47 19 255 193 7
48 19 255 193 7
49 19 255 193 7
