30 0 148 134 127
29 1 159 148 139
30 1 163 154 147
31 1 172 166 161
28 2 167 158 148
29 2 169 161 153
30 2 173 167 160
31 2 176 172 166
32 2 178 174 169
33 2 178 174 170
28 3 175 168 160
29 3 177 172 165
30 3 179 175 169
31 3 179 176 170
32 3 177 174 168
33 3 178 174 169
34 3 180 177 173
35 3 182 180 177
27 4 178 171 162
28 4 181 177 170
29 4 185 182 176
30 4 185 182 177
31 4 182 180 175
32 4 180 178 173
33 4 178 176 171
34 4 179 177 173
35 4 182 180 177
36 4 183 182 179
27 5 183 178 171
28 5 187 184 178
29 5 189 187 183
30 5 188 186 182
31 5 187 185 181
32 5 184 183 178
33 5 182 181 176
34 5 181 180 175
35 5 181 180 176
36 5 182 181 178
37 5 182 181 179
38 5 181 181 179
26 6 185 179 171
27 6 188 184 178
28 6 191 189 185
29 6 191 190 185
30 6 190 189 185
31 6 189 189 185
32 6 188 188 184
33 6 187 187 183
34 6 185 184 181
35 6 183 183 179
36 6 181 181 177
37 6 181 181 178
38 6 181 181 179
39 6 182 182 180
40 6 180 181 180
25 7 183 172 163
26 7 187 180 173
27 7 191 188 183
28 7 183 182 179
29 7 170 170 166
30 7 173 173 169
31 7 185 185 181
32 7 190 190 186
33 7 188 188 186
34 7 182 182 179
35 7 178 178 175
36 7 182 182 179
37 7 183 184 180
38 7 182 182 179
39 7 179 180 177
40 7 177 178 176
41 7 178 180 178
25 8 181 169 156
26 8 190 181 173
27 8 194 191 186
28 8 178 177 174
29 8 111 111 108
30 8 79 78 75
31 8 137 137 133
32 8 180 180 177
33 8 189 189 186
34 8 168 168 165
35 8 119 120 117
36 8 146 146 143
37 8 175 176 173
38 8 182 183 180
39 8 172 173 171
40 8 154 155 152
41 8 163 165 162
42 8 173 175 173
43 8 177 179 178
24 9 61 55 47
25 9 141 134 122
26 9 181 175 168
27 9 197 192 187
28 9 191 188 184
29 9 155 153 150
30 9 72 73 71
31 9 48 49 47
32 9 145 145 142
33 9 187 187 185
34 9 178 179 176
35 9 119 120 118
36 9 57 57 56
37 9 120 121 118
38 9 173 174 171
39 9 172 173 171
40 9 115 117 115
41 9 91 93 90
42 9 146 148 146
43 9 173 175 173
44 9 176 178 177
45 9 169 170 169
24 10 102 96 87
25 10 100 96 90
26 10 113 112 107
27 10 164 163 159
28 10 190 187 183
29 10 192 190 186
30 10 170 168 163
31 10 144 144 141
32 10 152 153 150
33 10 189 189 187
34 10 193 193 191
35 10 180 181 178
36 10 145 146 144
37 10 113 115 112
38 10 169 170 168
39 10 186 187 185
40 10 166 168 166
41 10 113 115 113
42 10 98 100 98
43 10 161 163 161
44 10 177 179 177
45 10 174 176 174
23 11 60 56 51
24 11 99 95 88
25 11 100 99 94
26 11 81 82 79
27 11 80 81 78
28 11 116 117 114
29 11 168 167 164
30 11 192 191 187
31 11 195 193 189
32 11 193 192 189
33 11 197 197 194
34 11 198 197 195
35 11 195 195 193
36 11 190 191 188
37 11 184 184 182
38 11 188 189 186
39 11 191 192 190
40 11 189 190 188
41 11 178 180 177
42 11 165 166 164
43 11 172 173 172
44 11 179 180 178
45 11 180 181 179
23 12 102 97 90
24 12 97 95 91
25 12 67 68 66
26 12 37 37 36
27 12 28 29 28
28 12 44 45 43
29 12 87 88 86
30 12 139 140 137
31 12 182 182 178
32 12 197 195 191
33 12 200 198 194
34 12 200 199 196
35 12 199 199 196
36 12 198 198 195
37 12 197 197 194
38 12 195 195 193
39 12 195 196 193
40 12 193 194 191
41 12 192 193 191
42 12 190 191 189
43 12 188 189 187
44 12 187 188 186
45 12 182 182 181
22 13 110 104 96
23 13 104 101 95
24 13 90 89 86
25 13 39 39 38
26 13 2 3 3
27 13 1 1 1
28 13 7 7 7
29 13 60 61 59
30 13 95 96 94
31 13 102 103 100
32 13 151 151 148
33 13 188 187 184
34 13 199 197 194
35 13 200 198 194
36 13 199 199 196
37 13 198 198 195
38 13 197 197 195
39 13 197 197 194
40 13 195 196 193
41 13 194 195 192
42 13 194 194 192
43 13 192 193 191
44 13 190 191 189
21 14 59 55 50
22 14 92 88 82
23 14 91 90 86
24 14 85 85 83
25 14 51 52 51
26 14 14 14 14
27 14 2 2 2
28 14 5 5 5
29 14 53 54 52
30 14 83 84 81
31 14 95 96 93
32 14 102 102 100
33 14 117 118 115
34 14 167 167 164
35 14 193 191 188
36 14 200 198 194
37 14 200 198 195
38 14 199 199 196
39 14 198 198 196
40 14 198 198 196
41 14 196 197 194
42 14 196 196 194
43 14 195 196 193
44 14 193 194 192
21 15 92 86 79
22 15 104 100 94
23 15 94 93 89
24 15 87 87 84
25 15 74 74 72
26 15 54 54 53
27 15 34 35 34
28 15 38 39 37
29 15 69 69 67
30 15 86 87 84
31 15 93 94 91
32 15 97 97 94
33 15 105 105 103
34 15 101 101 99
35 15 137 138 135
36 15 178 177 174
37 15 196 194 190
38 15 200 198 195
39 15 199 199 196
40 15 199 200 197
41 15 198 199 196
42 15 198 199 196
43 15 197 198 196
44 15 196 196 194
20 16 58 54 48
21 16 84 80 74
22 16 91 89 85
23 16 89 89 86
24 16 88 88 85
25 16 91 91 88
26 16 82 82 80
27 16 75 75 73
28 16 77 77 75
29 16 86 86 83
30 16 94 95 92
31 16 93 94 91
32 16 96 97 94
33 16 91 92 89
34 16 94 94 91
35 16 99 100 97
36 16 103 103 101
37 16 146 146 144
38 16 186 185 182
39 16 198 196 192
40 16 199 198 194
41 16 200 200 197
42 16 199 199 197
43 16 198 199 196
44 16 196 196 194
20 17 87 81 75
21 17 99 95 89
22 17 91 90 86
23 17 86 86 83
24 17 87 87 84
25 17 88 88 85
26 17 85 85 82
27 17 83 83 80
28 17 90 90 87
29 17 89 90 87
30 17 92 92 89
31 17 89 89 86
32 17 88 89 86
33 17 88 89 86
34 17 95 96 93
35 17 91 91 88
36 17 101 101 99
37 17 100 100 98
38 17 112 112 110
39 17 162 162 159
40 17 189 188 183
41 17 199 197 193
42 17 199 198 193
43 17 199 198 195
44 17 197 197 194
19 18 58 54 48
20 18 87 82 76
21 18 88 86 81
22 18 84 83 80
23 18 83 82 79
24 18 85 84 82
25 18 86 86 83
26 18 85 84 81
27 18 85 85 83
28 18 85 86 83
29 18 87 87 84
30 18 89 89 86
31 18 87 88 85
32 18 86 87 84
33 18 89 89 87
34 18 93 93 90
35 18 93 93 90
36 18 96 96 93
37 18 94 95 92
38 18 90 90 87
39 18 101 102 99
40 18 121 122 119
41 18 168 169 165
42 18 193 192 188
43 18 195 192 187
44 18 197 196 192
19 19 93 86 79
20 19 91 87 82
21 19 88 86 82
22 19 84 83 80
23 19 83 83 80
24 19 85 84 81
25 19 84 84 81
26 19 83 83 80
27 19 83 83 80
28 19 84 84 82
29 19 86 87 84
30 19 87 88 85
31 19 84 85 82
32 19 89 89 86
33 19 88 88 86
34 19 91 91 88
35 19 89 89 86
36 19 89 90 86
37 19 89 89 86
38 19 92 92 89
39 19 94 95 92
40 19 103 104 101
41 19 107 108 105
42 19 149 152 151
43 19 175 177 175
18 20 96 88 79
19 20 91 85 78
20 20 86 83 79
21 20 82 80 77
22 20 82 81 78
23 20 80 80 77
24 20 84 84 81
25 20 83 83 80
26 20 83 82 79
27 20 86 86 83
28 20 85 85 82
29 20 84 84 81
30 20 86 86 83
31 20 87 88 85
32 20 88 88 85
33 20 85 85 83
34 20 87 87 84
35 20 85 85 82
36 20 88 88 85
37 20 88 88 85
38 20 89 89 86
39 20 95 96 93
40 20 98 98 96
41 20 122 124 123
42 20 97 101 100
43 20 65 68 68
17 21 55 46 39
18 21 79 71 64
19 21 84 79 74
20 21 78 76 73
21 21 81 80 76
22 21 78 77 74
23 21 83 82 79
24 21 83 82 79
25 21 82 82 79
26 21 83 82 79
27 21 83 83 80
28 21 81 81 78
29 21 83 83 81
30 21 85 85 82
31 21 85 86 83
32 21 85 85 82
33 21 82 82 79
34 21 83 83 81
35 21 86 86 83
36 21 87 87 84
37 21 85 85 82
38 21 90 90 87
39 21 94 94 91
40 21 114 116 114
41 21 130 132 131
42 21 65 67 66
17 22 58 45 38
18 22 82 71 64
19 22 80 75 70
20 22 80 78 74
21 22 80 79 75
22 22 80 79 76
23 22 80 79 76
24 22 80 79 76
25 22 78 78 75
26 22 79 79 76
27 22 80 79 77
28 22 83 83 80
29 22 82 82 79
30 22 82 82 80
31 22 81 81 79
32 22 82 82 79
33 22 81 80 78
34 22 83 83 80
35 22 84 84 81
36 22 86 86 83
37 22 86 86 83
38 22 89 89 86
39 22 106 107 105
40 22 140 142 140
41 22 64 66 65
18 23 83 72 64
19 23 76 71 65
20 23 78 75 70
21 23 77 75 72
22 23 77 76 72
23 23 78 77 73
24 23 77 76 73
25 23 77 77 73
26 23 78 77 74
27 23 80 80 77
28 23 80 79 77
29 23 81 81 78
30 23 80 80 77
31 23 78 78 75
32 23 81 81 78
33 23 80 80 77
34 23 83 83 80
35 23 82 82 79
36 23 86 86 83
37 23 84 84 81
38 23 90 91 88
39 23 143 145 143
40 23 102 104 103
20 24 79 75 70
21 24 80 76 71
22 24 76 73 70
23 24 77 75 72
24 24 79 78 74
25 24 78 77 74
26 24 77 77 73
27 24 78 77 74
28 24 77 77 73
29 24 78 78 75
30 24 72 72 70
31 24 69 69 67
32 24 71 71 68
33 24 77 76 74
34 24 82 82 79
35 24 83 82 79
36 24 84 83 80
37 24 86 86 83
38 24 132 134 131
39 24 108 109 108
40 24 64 66 65
21 25 47 44 41
22 25 69 66 62
23 25 78 75 71
24 25 76 74 70
25 25 77 75 72
26 25 77 76 72
27 25 76 76 72
28 25 76 76 72
29 25 68 68 66
30 25 42 42 41
31 25 32 33 32
32 25 32 33 31
33 25 54 54 52
34 25 77 76 74
35 25 80 79 76
36 25 82 81 78
37 25 113 114 111
38 25 117 119 117
39 25 64 66 64
23 26 129 124 118
24 26 79 75 71
25 26 76 73 69
26 26 74 72 69
27 26 77 76 72
28 26 74 74 70
29 26 59 59 57
30 26 21 21 20
31 26 4 4 4
32 26 5 5 5
33 26 26 26 25
34 26 65 65 62
35 26 77 77 74
36 26 107 107 104
37 26 133 134 131
38 26 63 64 62
25 27 82 78 73
26 27 76 72 68
27 27 75 72 69
28 27 73 71 68
29 27 65 64 62
30 27 31 31 30
31 27 7 7 6
32 27 5 5 5
33 27 20 19 18
34 27 57 56 54
35 27 89 89 86
36 27 133 134 131
37 27 63 64 63
27 28 77 73 69
28 28 76 73 68
29 28 70 67 64
30 28 58 57 54
31 28 40 39 37
32 28 40 39 37
33 28 47 46 43
34 28 74 72 68
35 28 125 124 121
36 28 86 87 84
28 29 43 40 37
29 29 69 65 61
30 29 72 69 64
31 29 64 62 57
32 29 65 62 58
33 29 72 70 66
34 29 112 110 105
35 29 96 95 91
36 29 61 61 59
30 30 116 110 102
31 30 68 64 59
32 30 72 68 62
33 30 88 84 79
34 30 111 109 103
35 30 58 57 54
32 31 84 78 71
33 31 118 111 105
34 31 48 44 41
