29 0 184 187 186
30 0 189 192 190
28 1 188 191 189
29 1 192 194 192
30 1 194 195 193
31 1 194 196 194
32 1 193 195 193
27 2 189 192 189
28 2 193 192 190
29 2 200 190 188
30 2 202 191 189
31 2 197 195 193
32 2 196 196 194
33 2 194 196 194
34 2 195 197 195
26 3 189 191 189
27 3 193 193 191
28 3 198 192 190
29 3 206 177 174
30 3 209 166 164
31 3 206 182 181
32 3 201 191 189
33 3 197 194 192
34 3 197 197 195
35 3 196 197 196
36 3 195 196 194
25 4 189 190 188
26 4 193 192 190
27 4 198 188 186
28 4 202 182 180
29 4 203 183 182
30 4 208 163 163
31 4 211 147 147
32 4 209 166 165
33 4 207 178 177
34 4 203 188 187
35 4 201 196 195
36 4 199 198 196
37 4 199 200 198
24 5 188 190 188
25 5 192 191 189
26 5 198 188 187
27 5 202 172 170
28 5 206 158 157
29 5 207 161 162
30 5 207 161 162
31 5 209 155 156
32 5 210 137 136
33 5 210 142 141
34 5 209 161 159
35 5 207 185 183
36 5 201 198 196
37 5 198 199 197
38 5 198 200 197
39 5 198 200 198
23 6 188 190 188
24 6 192 192 190
25 6 196 190 188
26 6 201 173 172
27 6 204 157 157
28 6 204 171 172
29 6 205 166 168
30 6 206 156 157
31 6 206 166 166
32 6 205 175 174
33 6 204 184 182
34 6 202 189 187
35 6 202 193 191
36 6 198 198 196
37 6 198 200 197
38 6 198 200 198
39 6 200 202 199
40 6 200 202 200
41 6 199 201 198
22 7 188 189 187
23 7 191 189 187
24 7 195 187 185
25 7 199 174 173
26 7 202 150 149
27 7 204 150 150
28 7 204 166 167
29 7 202 172 172
30 7 200 183 183
31 7 198 189 187
32 7 195 192 190
33 7 194 195 193
34 7 195 196 194
35 7 196 198 195
36 7 197 199 196
37 7 198 200 197
38 7 198 200 197
39 7 199 201 198
40 7 199 201 199
41 7 201 203 200
42 7 201 203 200
43 7 200 200 197
21 8 187 186 184
22 8 191 190 188
23 8 193 183 181
24 8 198 168 166
25 8 199 162 162
26 8 200 152 152
27 8 202 146 146
28 8 200 177 177
29 8 196 185 184
30 8 192 190 188
31 8 188 189 187
32 8 187 190 187
33 8 192 194 192
34 8 194 196 193
35 8 195 197 194
36 8 197 199 196
37 8 198 199 197
38 8 198 200 197
39 8 200 201 198
40 8 200 202 199
41 8 201 203 200
42 8 201 202 199
43 8 201 200 196
44 8 193 189 181
20 9 186 186 184
21 9 188 187 184
22 9 192 184 181
23 9 194 168 165
24 9 198 144 143
25 9 197 166 166
26 9 196 174 174
27 9 197 175 175
28 9 194 186 184
29 9 186 186 184
30 9 173 175 173
31 9 156 159 156
32 9 150 152 150
33 9 170 173 170
34 9 189 192 189
35 9 195 197 194
36 9 197 199 196
37 9 198 199 196
38 9 199 200 197
39 9 199 201 198
40 9 200 201 198
41 9 201 202 199
42 9 200 201 197
43 9 199 197 191
44 9 188 182 173
45 9 171 164 154
19 10 184 184 181
20 10 187 185 182
21 10 190 182 180
22 10 193 160 157
23 10 193 123 121
24 10 196 107 106
25 10 198 143 143
26 10 196 165 165
27 10 193 180 179
28 10 189 188 187
29 10 172 173 171
30 10 121 124 121
31 10 61 63 61
32 10 49 51 49
33 10 105 108 106
34 10 175 178 175
35 10 194 196 193
36 10 197 198 196
37 10 197 199 196
38 10 198 200 197
39 10 198 200 197
40 10 199 201 198
41 10 200 201 198
42 10 199 199 194
43 10 195 191 184
44 10 176 171 163
45 10 177 173 165
18 11 182 180 176
19 11 185 183 179
20 11 188 178 174
21 11 190 160 157
22 11 191 125 123
23 11 193 94 92
24 11 193 93 92
25 11 196 128 128
26 11 195 172 172
27 11 190 185 184
28 11 187 188 185
29 11 165 167 165
30 11 79 82 79
31 11 8 8 8
32 11 7 8 7
33 11 72 75 73
34 11 167 171 168
35 11 192 195 192
36 11 196 198 195
37 11 197 199 196
38 11 198 200 197
39 11 198 199 196
40 11 199 200 197
41 11 198 199 194
42 11 195 193 187
43 11 184 181 175
44 11 146 143 138
45 11 176 174 168
17 12 174 169 163
18 12 180 178 173
19 12 184 181 176
20 12 187 170 165
21 12 190 144 140
22 12 191 129 129
23 12 192 107 107
24 12 191 96 96
25 12 194 117 116
26 12 194 173 172
27 12 190 188 186
28 12 187 188 186
29 12 173 175 173
30 12 116 119 116
31 12 66 69 67
32 12 66 69 67
33 12 134 136 134
34 12 184 187 184
35 12 194 197 194
36 12 196 198 195
37 12 198 199 196
38 12 197 199 196
39 12 199 200 197
40 12 197 198 194
41 12 196 194 188
42 12 181 178 171
43 12 149 149 145
44 12 132 131 126
45 12 158 155 150
17 13 148 138 130
18 13 166 162 156
19 13 180 177 172
20 13 183 175 171
21 13 187 162 157
22 13 191 136 133
23 13 191 119 117
24 13 192 126 125
25 13 192 124 122
26 13 192 172 170
27 13 190 189 186
28 13 189 190 188
29 13 187 188 185
30 13 172 174 171
31 13 163 166 163
32 13 167 170 168
33 13 182 184 181
34 13 192 194 191
35 13 194 196 193
36 13 196 197 194
37 13 196 198 195
38 13 197 198 195
39 13 198 198 195
40 13 196 194 189
41 13 186 182 176
42 13 130 128 123
43 13 152 152 149
44 13 144 142 138
17 14 45 40 36
18 14 92 86 80
19 14 146 142 135
20 14 175 173 167
21 14 182 178 174
22 14 187 169 165
23 14 191 152 150
24 14 191 138 136
25 14 192 128 126
26 14 191 168 166
27 14 189 187 185
28 14 190 191 188
29 14 190 191 189
30 14 189 191 188
31 14 190 192 189
32 14 191 193 190
33 14 193 195 192
34 14 194 195 192
35 14 195 196 193
36 14 195 197 193
37 14 196 197 194
38 14 196 197 193
39 14 195 194 189
40 14 191 188 181
41 14 155 153 149
42 14 133 134 131
43 14 164 164 161
44 14 145 144 140
18 15 50 47 43
19 15 49 46 43
20 15 118 114 108
21 15 165 163 158
22 15 181 178 175
23 15 185 178 175
24 15 189 167 164
25 15 191 148 145
26 15 192 169 166
27 15 189 187 184
28 15 189 190 187
29 15 190 191 188
30 15 190 192 188
31 15 191 193 190
32 15 192 194 190
33 15 193 195 192
34 15 193 195 191
35 15 195 196 193
36 15 196 197 193
37 15 195 196 192
38 15 195 194 190
39 15 193 190 184
40 15 182 180 176
41 15 139 139 136
42 15 163 164 161
43 15 164 164 161
44 15 143 142 137
18 16 53 50 47
19 16 46 44 41
20 16 27 26 24
21 16 72 69 65
22 16 150 147 142
23 16 178 177 173
24 16 185 182 179
25 16 189 177 173
26 16 190 177 174
27 16 189 187 184
28 16 190 190 187
29 16 190 191 188
30 16 191 192 189
31 16 192 193 190
32 16 193 194 191
33 16 194 195 192
34 16 194 195 192
35 16 195 196 192
36 16 195 195 192
37 16 195 194 190
38 16 194 190 184
39 16 189 187 182
40 16 172 172 169
41 16 164 165 162
42 16 168 168 165
43 16 155 155 152
44 16 145 144 139
18 17 58 55 52
19 17 55 53 50
20 17 42 41 39
21 17 20 20 19
22 17 41 39 36
23 17 128 125 119
24 17 171 169 164
25 17 184 183 179
26 17 187 186 183
27 17 188 189 185
28 17 190 190 187
29 17 190 191 187
30 17 191 192 189
31 17 192 192 189
32 17 193 193 190
33 17 193 194 191
34 17 194 195 191
35 17 195 195 191
36 17 194 194 189
37 17 193 189 183
38 17 193 189 184
39 17 182 181 178
40 17 173 174 170
41 17 169 170 167
42 17 164 164 161
43 17 148 148 144
44 17 141 139 135
19 18 58 57 55
20 18 58 57 55
21 18 45 45 43
22 18 33 33 32
23 18 45 45 42
24 18 91 88 83
25 18 157 155 149
26 18 182 181 177
27 18 187 187 183
28 18 189 189 185
29 18 191 191 188
30 18 191 191 188
31 18 192 193 189
32 18 192 193 190
33 18 193 194 190
34 18 194 194 190
35 18 194 193 189
36 18 193 189 183
37 18 192 187 181
38 18 181 179 176
39 18 175 175 172
40 18 171 171 168
41 18 166 166 163
42 18 159 160 156
43 18 138 138 135
44 18 137 136 133
19 19 56 56 54
20 19 59 59 57
21 19 58 58 55
22 19 53 53 51
23 19 52 52 50
24 19 56 55 53
25 19 61 60 56
26 19 133 131 125
27 19 174 173 168
28 19 186 186 182
29 19 190 190 186
30 19 191 191 187
31 19 192 192 189
32 19 192 193 189
33 19 193 193 189
34 19 192 192 188
35 19 192 189 183
36 19 190 185 178
37 19 184 182 178
38 19 177 176 173
39 19 171 171 168
40 19 166 166 163
41 19 160 161 157
42 19 149 150 147
43 19 102 102 99
20 20 57 58 56
21 20 52 52 51
22 20 50 50 49
23 20 56 56 54
24 20 59 59 56
25 20 58 57 55
26 20 57 56 53
27 20 94 91 86
28 20 158 155 150
29 20 183 182 177
30 20 189 189 185
31 20 191 191 187
32 20 191 191 187
33 20 192 191 187
34 20 191 188 182
35 20 189 183 176
36 20 185 182 178
37 20 175 174 171
38 20 172 172 168
39 20 167 167 164
40 20 162 162 159
41 20 154 154 151
42 20 124 125 122
43 20 58 58 56
20 21 55 55 53
21 21 49 49 48
22 21 32 33 32
23 21 43 43 42
24 21 57 57 55
25 21 60 60 57
26 21 59 59 56
27 21 54 53 51
28 21 50 49 46
29 21 129 126 120
30 21 173 171 166
31 21 187 186 181
32 21 189 188 183
33 21 190 186 181
34 21 187 180 173
35 21 185 181 176
36 21 177 176 172
37 21 172 172 168
38 21 168 167 164
39 21 162 162 159
40 21 156 156 153
41 21 135 136 133
42 21 57 58 56
21 22 50 50 48
22 22 38 39 38
23 22 32 32 31
24 22 48 48 46
25 22 59 59 57
26 22 61 60 58
27 22 58 58 55
28 22 43 43 41
29 22 24 23 22
30 22 82 78 74
31 22 157 152 146
32 22 183 176 169
33 22 183 173 165
34 22 185 178 172
35 22 178 176 172
36 22 171 170 166
37 22 167 167 163
38 22 162 162 158
39 22 158 158 155
40 22 144 144 141
41 22 57 57 55
22 23 46 47 45
23 23 42 43 42
24 23 46 47 45
25 23 57 58 57
26 23 62 62 60
27 23 60 60 58
28 23 57 57 55
29 23 41 40 39
30 23 20 20 19
31 23 46 44 41
32 23 141 130 122
33 23 173 162 154
34 23 177 173 168
35 23 173 172 168
36 23 167 166 163
37 23 159 159 156
38 23 154 153 150
39 23 148 147 144
40 23 107 107 104
24 24 52 53 51
25 24 59 59 58
26 24 61 62 60
27 24 62 62 60
28 24 61 60 58
29 24 58 57 55
30 24 46 46 44
31 24 36 35 34
32 24 106 99 94
33 24 163 156 150
34 24 171 168 164
35 24 168 167 163
36 24 153 152 149
37 24 138 138 135
38 24 146 145 142
39 24 117 116 114
40 24 56 56 54
25 25 59 59 57
26 25 62 62 60
27 25 62 62 60
28 25 59 59 57
29 25 54 53 52
30 25 58 58 56
31 25 57 56 54
32 25 91 86 82
33 25 160 154 149
34 25 166 164 159
35 25 157 156 152
36 25 113 113 110
37 25 128 128 124
38 25 121 120 117
39 25 54 54 52
26 26 56 56 55
27 26 60 60 58
28 26 57 57 55
29 26 42 43 41
30 26 40 40 38
31 26 54 54 52
32 26 89 86 83
33 26 158 152 147
34 26 158 156 151
35 26 126 125 121
36 26 99 98 94
37 26 122 121 118
38 26 50 50 48
28 27 57 57 55
29 27 46 47 45
30 27 31 31 30
31 27 33 33 32
32 27 68 67 64
33 27 157 151 146
34 27 146 143 138
35 27 104 102 98
36 27 111 109 105
37 27 88 87 84
29 28 48 48 46
30 28 43 44 42
31 28 37 37 36
32 28 48 48 46
33 28 144 139 134
34 28 137 133 128
35 28 121 118 113
36 28 96 94 91
31 29 48 48 47
32 29 52 52 50
33 29 129 126 121
34 29 134 129 123
35 29 104 100 95
36 29 45 43 40
32 30 53 52 49
33 30 133 129 124
34 30 117 112 107
35 30 43 41 38
34 31 51 48 44
