34 0 166 159 149
33 1 189 189 185
34 1 184 181 174
35 1 176 170 161
31 2 190 190 188
32 2 194 195 193
33 2 193 194 192
34 2 189 189 186
35 2 183 180 175
36 2 179 174 167
30 3 194 195 193
31 3 197 198 196
32 3 195 196 194
33 3 188 189 187
34 3 160 161 159
35 3 163 162 159
36 3 179 176 171
37 3 183 175 169
29 4 198 199 197
30 4 198 199 197
31 4 198 199 196
32 4 196 197 194
33 4 176 177 174
34 4 94 95 93
35 4 76 77 75
36 4 154 154 150
37 4 182 177 173
38 4 185 176 169
28 5 197 198 196
29 5 200 201 199
30 5 200 201 198
31 5 199 199 197
32 5 196 197 194
33 5 187 188 186
34 5 144 145 143
35 5 48 48 47
36 5 85 86 84
37 5 168 167 164
38 5 186 181 177
39 5 185 175 169
27 6 197 199 197
28 6 199 201 199
29 6 200 201 199
30 6 199 200 198
31 6 198 199 197
32 6 197 198 195
33 6 195 196 194
34 6 183 184 181
35 6 144 144 142
36 6 131 132 129
37 6 176 177 174
38 6 187 187 184
39 6 187 182 178
40 6 185 175 168
26 7 198 200 199
27 7 200 202 200
28 7 198 200 198
29 7 188 189 187
30 7 189 190 188
31 7 194 195 193
32 7 197 197 195
33 7 196 196 194
34 7 193 194 191
35 7 187 187 185
36 7 183 184 181
37 7 188 188 186
38 7 189 189 186
39 7 187 186 184
40 7 185 180 175
41 7 184 175 168
25 8 189 191 190
26 8 198 200 199
27 8 201 202 201
28 8 184 186 184
29 8 124 126 124
30 8 124 126 124
31 8 161 163 160
32 8 189 190 188
33 8 196 196 194
34 8 194 194 192
35 8 190 190 188
36 8 189 189 187
37 8 190 190 188
38 8 189 190 187
39 8 189 189 186
40 8 187 186 183
41 8 185 180 175
42 8 182 173 166
24 9 93 95 93
25 9 163 166 165
26 9 196 199 198
27 9 201 204 202
28 9 182 184 181
29 9 96 97 95
30 9 21 21 21
31 9 83 85 83
32 9 169 170 168
33 9 193 193 191
34 9 190 190 188
35 9 164 165 162
36 9 154 155 153
37 9 173 174 172
38 9 188 188 186
39 9 189 189 186
40 9 187 187 184
41 9 185 183 181
42 9 181 176 171
43 9 180 170 164
23 10 78 80 78
24 10 138 139 137
25 10 83 84 82
26 10 159 162 162
27 10 197 200 199
28 10 193 195 193
29 10 143 145 142
30 10 54 55 53
31 10 50 51 50
32 10 152 154 152
33 10 190 191 188
34 10 185 185 183
35 10 131 131 128
36 10 47 48 47
37 10 106 107 105
38 10 170 171 169
39 10 187 188 185
40 10 184 184 182
41 10 163 163 161
42 10 163 162 159
43 10 174 167 163
44 10 176 165 158
22 11 75 76 74
23 11 138 140 137
24 11 107 109 106
25 11 49 50 48
26 11 56 57 55
27 11 159 162 161
28 11 195 197 196
29 11 186 187 186
30 11 158 159 156
31 11 141 142 139
32 11 168 169 167
33 11 190 191 189
34 11 190 191 188
35 11 161 162 159
36 11 76 76 73
37 11 23 24 23
38 11 132 133 131
39 11 181 182 179
40 11 179 180 177
41 11 122 122 120
42 11 85 85 83
43 11 138 135 132
44 11 170 164 159
45 11 176 166 159
21 12 79 80 78
22 12 133 134 131
23 12 107 108 106
24 12 46 47 45
25 12 17 17 17
26 12 24 24 23
27 12 51 51 49
28 12 160 162 161
29 12 197 198 197
30 12 196 197 194
31 12 190 190 188
32 12 189 189 187
33 12 192 192 190
34 12 193 193 190
35 12 182 183 180
36 12 146 146 143
37 12 102 102 99
38 12 138 138 135
39 12 181 181 178
40 12 183 183 180
41 12 141 141 138
42 12 35 34 33
43 12 72 71 70
44 12 159 156 153
45 12 175 169 163
46 12 171 159 151
20 13 64 64 62
21 13 126 127 124
22 13 119 120 117
23 13 63 64 63
24 13 24 25 24
25 13 1 2 2
26 13 1 1 0
27 13 20 20 19
28 13 50 50 49
29 13 160 162 160
30 13 197 198 197
31 13 199 199 197
32 13 195 195 192
33 13 193 192 189
34 13 192 192 189
35 13 190 190 187
36 13 183 184 181
37 13 173 174 171
38 13 173 173 170
39 13 184 184 181
40 13 187 186 183
41 13 173 173 170
42 13 124 123 120
43 13 77 77 75
44 13 145 145 142
45 13 176 172 168
46 13 173 164 158
47 13 163 148 139
19 14 63 64 62
20 14 110 111 108
21 14 120 121 119
22 14 62 63 61
23 14 48 49 48
24 14 34 35 34
25 14 13 13 13
27 14 7 7 6
28 14 37 37 36
29 14 59 59 57
30 14 158 159 157
31 14 197 198 196
32 14 198 198 196
33 14 195 195 192
34 14 193 192 189
35 14 191 191 188
36 14 189 189 186
37 14 186 187 184
38 14 186 186 184
39 14 187 187 184
40 14 188 187 184
41 14 186 185 182
42 14 175 174 171
43 14 161 160 156
44 14 166 165 162
45 14 178 176 172
46 14 177 172 167
47 14 172 161 154
18 15 63 64 62
19 15 105 106 103
20 15 123 124 122
21 15 57 58 56
22 15 22 22 21
23 15 25 25 25
24 15 33 34 34
25 15 29 30 30
26 15 13 13 13
27 15 18 18 18
28 15 41 41 40
29 15 58 57 55
30 15 61 61 58
31 15 158 159 156
32 15 195 195 194
33 15 197 197 195
34 15 194 193 190
35 15 192 192 189
36 15 186 186 183
37 15 175 175 173
38 15 172 173 170
39 15 181 181 178
40 15 187 186 184
41 15 186 186 182
42 15 186 185 181
43 15 184 183 179
44 15 181 180 177
45 15 179 177 173
46 15 177 174 169
17 16 61 62 60
18 16 102 103 100
19 16 130 130 128
20 16 68 69 67
21 16 34 35 34
22 16 6 6 6
23 16 2 2 2
24 16 19 19 19
25 16 39 40 39
26 16 43 44 42
27 16 46 46 45
28 16 52 52 51
29 16 58 58 55
30 16 59 59 56
31 16 60 59 57
32 16 156 157 154
33 16 194 195 193
34 16 196 196 194
35 16 193 192 190
36 16 179 179 176
37 16 137 137 134
38 16 100 101 98
39 16 149 149 146
40 16 180 179 176
41 16 186 185 181
42 16 186 184 180
43 16 184 183 178
44 16 183 181 177
45 16 181 179 174
17 17 94 93 89
18 17 128 128 125
19 17 71 72 70
20 17 45 46 45
21 17 36 38 37
22 17 17 18 18
23 17 2 3 3
24 17 8 8 8
25 17 37 38 37
26 17 56 56 54
27 17 58 58 56
28 17 59 58 56
29 17 59 58 56
30 17 59 58 55
31 17 58 57 54
32 17 59 58 54
33 17 155 154 150
34 17 192 192 190
35 17 194 194 192
36 17 181 181 178
37 17 118 118 115
38 17 15 15 15
39 17 72 72 69
40 17 157 156 153
41 17 184 182 178
42 17 185 183 178
43 17 183 181 177
44 17 182 180 175
16 18 63 59 54
17 18 113 110 103
18 18 74 74 71
19 18 24 25 24
20 18 14 15 14
21 18 22 23 23
22 18 28 30 29
23 18 22 23 22
24 18 22 23 22
25 18 44 44 43
26 18 58 58 55
27 18 59 59 57
28 18 59 58 56
29 18 59 59 56
30 18 58 57 54
31 18 58 57 54
32 18 57 55 52
33 18 58 57 53
34 18 152 151 147
35 18 190 190 187
36 18 188 188 185
37 18 154 153 149
38 18 74 73 70
39 18 32 32 30
40 18 134 133 129
41 18 179 178 174
42 18 185 183 178
43 18 184 181 176
44 18 182 179 175
16 19 54 49 43
17 19 79 75 68
18 19 52 50 47
19 19 22 22 21
20 19 2 2 1
21 19 7 7 7
22 19 31 32 31
23 19 48 49 47
24 19 51 51 49
25 19 54 55 52
26 19 60 59 57
27 19 60 59 57
28 19 59 59 56
29 19 59 59 56
30 19 58 57 54
31 19 56 55 52
32 19 51 50 47
33 19 48 47 44
34 19 49 47 44
35 19 150 149 144
36 19 185 184 181
37 19 179 178 174
38 19 154 152 148
39 19 112 110 105
40 19 143 141 136
41 19 180 178 173
42 19 183 181 176
43 19 183 180 175
17 20 56 52 47
18 20 53 50 46
19 20 38 37 34
20 20 17 17 16
21 20 6 7 6
22 20 30 30 29
23 20 55 55 53
24 20 61 61 59
25 20 60 59 57
26 20 60 60 57
27 20 60 60 57
28 20 59 59 56
29 20 58 58 55
30 20 58 57 55
31 20 52 52 49
32 20 35 35 33
33 20 20 20 18
34 20 21 20 18
35 20 41 40 37
36 20 146 144 139
37 20 183 181 177
38 20 184 182 178
39 20 174 172 167
40 20 177 175 170
41 20 183 180 175
42 20 182 180 175
18 21 50 46 41
19 21 49 47 42
20 21 43 42 39
21 21 36 36 35
22 21 44 45 43
23 21 58 58 56
24 21 61 61 59
25 21 61 61 59
26 21 60 60 58
27 21 59 59 57
28 21 59 59 56
29 21 57 57 54
30 21 55 55 52
31 21 48 48 46
32 21 23 23 22
33 21 2 2 2
35 21 15 14 13
36 21 41 40 37
37 21 143 141 136
38 21 182 179 175
39 21 185 183 179
40 21 184 182 177
41 21 183 181 176
42 21 183 180 175
19 22 52 48 43
20 22 57 54 50
21 22 58 56 53
22 22 59 58 56
23 22 61 61 59
24 22 62 62 60
25 22 61 61 58
26 22 61 60 58
27 22 60 59 57
28 22 56 56 53
29 22 48 48 46
30 22 40 40 38
31 22 38 38 36
32 22 29 30 28
33 22 11 11 10
35 22 4 4 4
36 22 27 26 24
37 22 49 47 44
38 22 137 133 127
39 22 176 173 168
40 22 183 180 176
41 22 183 180 175
20 23 56 52 47
21 23 59 56 52
22 23 61 59 56
23 23 62 61 59
24 23 61 61 59
25 23 61 61 58
26 23 61 61 58
27 23 59 59 56
28 23 53 53 50
29 23 30 30 28
30 23 12 12 11
31 23 17 17 16
32 23 29 29 27
33 23 28 28 26
34 23 17 16 16
35 23 15 14 13
36 23 33 31 29
37 23 49 47 44
38 23 50 47 43
39 23 128 120 112
40 23 168 162 157
21 24 55 51 47
22 24 59 56 52
23 24 61 59 56
24 24 61 61 58
25 24 61 60 58
26 24 57 57 55
27 24 55 55 53
28 24 49 49 47
29 24 26 26 25
30 24 4 4 4
31 24 1 1 1
32 24 17 17 16
33 24 37 37 35
34 24 41 40 38
35 24 42 41 38
36 24 47 45 42
37 24 53 50 46
38 24 49 45 42
39 24 49 44 40
22 25 56 51 47
23 25 59 55 51
24 25 61 59 55
25 25 58 58 55
26 25 44 44 42
27 25 32 32 31
28 25 35 35 33
29 25 33 33 32
30 25 21 21 20
31 25 6 6 5
32 25 12 11 11
33 25 39 38 36
34 25 51 50 47
35 25 52 50 46
36 25 56 53 49
37 25 49 45 42
38 25 49 45 41
23 26 55 51 46
24 26 59 55 51
25 26 55 53 50
26 26 30 30 29
27 26 5 5 5
28 26 8 8 7
29 26 26 26 25
30 26 39 39 37
31 26 31 31 29
32 26 33 33 31
33 26 47 46 43
34 26 55 54 50
35 26 52 50 46
36 26 50 48 44
37 26 48 45 41
24 27 54 50 46
25 27 52 49 45
26 27 34 32 29
27 27 9 9 8
28 27 2 2 2
29 27 16 15 15
30 27 44 44 42
31 27 52 51 48
32 27 52 51 48
33 27 61 59 55
34 27 52 50 46
35 27 50 47 44
26 28 41 37 33
27 28 31 28 25
28 28 21 20 19
29 28 25 24 23
30 28 48 47 45
31 28 55 53 50
32 28 61 59 55
33 28 52 50 46
34 28 51 49 45
27 29 48 44 40
28 29 49 46 42
29 29 50 48 45
30 29 59 56 53
31 29 54 52 48
32 29 53 50 47
28 30 53 47 42
29 30 58 52 47
30 30 53 50 46
31 30 54 51 48
29 31 49 41 35
30 31 51 45 40
