28 0 166 168 166
29 0 178 181 179
27 1 178 180 177
28 1 182 184 181
29 1 188 190 188
30 1 192 194 192
31 1 193 195 193
26 2 179 180 178
27 2 186 184 182
28 2 193 186 184
29 2 195 189 187
30 2 195 195 192
31 2 195 196 194
32 2 196 198 195
25 3 178 180 177
26 3 184 184 182
27 3 192 185 182
28 3 203 174 171
29 3 204 174 173
30 3 200 188 186
31 3 197 194 192
32 3 197 197 196
33 3 198 199 197
24 4 178 179 177
25 4 183 182 179
26 4 191 183 181
27 4 195 183 181
28 4 204 168 167
29 4 210 143 142
30 4 208 165 164
31 4 204 178 177
32 4 201 193 191
33 4 200 199 197
34 4 200 201 199
23 5 177 178 176
24 5 183 180 178
25 5 189 180 178
26 5 199 169 167
27 5 202 158 157
28 5 203 166 167
29 5 208 149 150
30 5 209 139 138
31 5 209 157 156
32 5 205 182 180
33 5 200 198 196
34 5 200 202 199
35 5 202 204 202
36 5 203 206 203
22 6 176 177 175
23 6 181 179 177
24 6 189 180 178
25 6 198 169 167
26 6 200 164 165
27 6 202 158 160
28 6 204 154 155
29 6 203 172 171
30 6 202 181 179
31 6 202 189 187
32 6 200 194 191
33 6 199 200 197
34 6 199 201 198
35 6 202 204 201
36 6 204 206 203
37 6 205 207 204
21 7 176 176 174
22 7 180 177 175
23 7 186 177 176
24 7 195 166 165
25 7 199 153 153
26 7 200 162 163
27 7 198 174 175
28 7 196 182 181
29 7 194 188 186
30 7 194 194 191
31 7 195 196 193
32 7 196 198 195
33 7 198 200 197
34 7 200 202 199
35 7 202 204 201
36 7 203 205 202
37 7 205 207 204
38 7 206 206 203
20 8 174 174 172
21 8 179 175 173
22 8 186 174 172
23 8 192 165 164
24 8 196 143 142
25 8 198 153 153
26 8 194 176 175
27 8 190 183 181
28 8 185 185 183
29 8 187 189 187
30 8 192 194 191
31 8 193 196 193
32 8 196 198 195
33 8 199 200 198
34 8 200 202 199
35 8 202 203 200
36 8 204 205 202
37 8 204 205 202
38 8 205 204 199
39 8 199 194 186
40 8 188 180 168
19 9 172 171 169
20 9 177 173 171
21 9 183 172 170
22 9 190 158 156
23 9 192 161 161
24 9 192 167 166
25 9 192 173 171
26 9 182 178 177
27 9 168 169 166
28 9 153 155 152
29 9 166 169 166
30 9 189 191 188
31 9 194 196 194
32 9 197 199 196
33 9 198 200 197
34 9 200 201 198
35 9 201 203 200
36 9 203 205 201
37 9 203 203 199
38 9 201 197 190
39 9 198 194 186
40 9 204 202 197
18 10 172 169 166
19 10 175 170 168
20 10 181 167 165
21 10 188 147 144
22 10 192 127 126
23 10 191 154 154
24 10 188 172 171
25 10 182 179 177
26 10 154 155 152
27 10 100 103 100
28 10 66 69 67
29 10 127 131 128
30 10 183 186 183
31 10 195 197 194
32 10 197 198 196
33 10 198 200 197
34 10 199 201 198
35 10 201 203 199
36 10 202 202 198
37 10 201 198 192
38 10 201 197 191
39 10 195 193 189
40 10 198 197 194
41 10 205 206 203
17 11 170 166 161
18 11 173 167 163
19 11 179 164 161
20 11 184 142 139
21 11 188 97 95
22 11 190 109 108
23 11 190 161 160
24 11 184 177 175
25 11 172 172 170
26 11 116 118 116
27 11 26 27 27
28 11 40 42 41
29 11 140 143 141
30 11 185 188 185
31 11 195 197 194
32 11 197 198 195
33 11 199 200 197
34 11 199 201 197
35 11 200 200 196
36 11 199 196 191
37 11 196 193 188
38 11 183 183 179
39 11 179 179 176
40 11 191 191 189
41 11 199 199 197
42 11 203 203 201
16 12 161 155 148
17 12 168 164 159
18 12 175 165 161
19 12 182 147 143
20 12 186 119 118
21 12 187 91 90
22 12 189 120 119
23 12 188 171 170
24 12 182 182 179
25 12 167 169 166
26 12 108 111 108
27 12 69 71 70
28 12 124 127 124
29 12 174 177 174
30 12 192 194 191
31 12 195 197 194
32 12 197 198 195
33 12 198 199 196
34 12 199 199 195
35 12 197 195 189
36 12 193 190 185
37 12 163 163 159
38 12 113 114 112
39 12 107 109 107
40 12 172 172 170
41 12 192 193 190
42 12 199 199 197
16 13 162 156 149
17 13 167 163 157
18 13 174 165 160
19 13 182 144 140
20 13 186 119 117
21 13 186 112 112
22 13 188 142 140
23 13 184 176 174
24 13 183 184 181
25 13 177 178 175
26 13 159 161 159
27 13 160 163 160
28 13 176 178 175
29 13 190 192 189
30 13 193 195 192
31 13 196 197 194
32 13 196 197 194
33 13 197 197 193
34 13 196 193 188
35 13 195 192 187
36 13 169 168 165
37 13 92 93 91
38 13 13 13 12
39 13 77 78 76
40 13 165 166 163
41 13 187 188 185
42 13 191 192 189
43 13 198 199 197
17 14 167 164 157
18 14 170 167 162
19 14 177 162 158
20 14 185 140 137
21 14 187 128 126
22 14 186 155 153
23 14 183 180 177
24 14 183 185 182
25 14 185 187 184
26 14 184 186 183
27 14 186 188 185
28 14 190 192 188
29 14 192 194 190
30 14 193 194 191
31 14 195 196 193
32 14 196 196 192
33 14 195 193 187
34 14 195 193 187
35 14 188 188 185
36 14 153 154 152
37 14 42 43 43
38 14 44 44 43
39 14 131 132 129
40 14 179 180 177
41 14 187 187 185
42 14 187 188 185
43 14 187 188 186
44 14 196 197 194
17 15 164 161 155
18 15 170 168 163
19 15 173 170 166
20 15 181 165 162
21 15 186 147 144
22 15 184 165 162
23 15 182 181 178
24 15 183 185 181
25 15 185 187 183
26 15 187 189 185
27 15 189 191 187
28 15 190 192 188
29 15 192 193 190
30 15 193 194 190
31 15 195 194 190
32 15 193 190 185
33 15 195 192 186
34 15 189 188 184
35 15 185 186 183
36 15 165 166 164
37 15 120 121 119
38 15 131 132 129
39 15 168 168 165
40 15 184 184 181
41 15 185 185 182
42 15 184 185 182
43 15 183 183 181
44 15 189 190 187
45 15 191 192 189
18 16 170 168 163
19 16 173 171 167
20 16 176 173 170
21 16 182 170 167
22 16 184 176 172
23 16 183 183 180
24 16 185 186 182
25 16 186 187 184
26 16 187 189 185
27 16 189 190 187
28 16 191 192 189
29 16 192 193 189
30 16 193 193 188
31 16 193 189 183
32 16 194 190 184
33 16 189 188 184
34 16 187 187 184
35 16 187 187 184
36 16 180 181 178
37 16 175 175 172
38 16 177 177 174
39 16 182 182 179
40 16 183 183 181
41 16 182 183 180
42 16 182 182 179
43 16 181 181 179
44 16 181 181 179
45 16 186 186 184
19 17 171 169 164
20 17 174 173 168
21 17 178 177 173
22 17 181 181 178
23 17 183 184 180
24 17 185 186 182
25 17 187 188 184
26 17 188 189 186
27 17 190 190 187
28 17 191 191 188
29 17 192 191 186
30 17 192 188 182
31 17 192 188 182
32 17 187 185 181
33 17 186 185 182
34 17 186 185 182
35 17 185 185 182
36 17 183 184 181
37 17 182 183 180
38 17 181 182 179
39 17 181 181 178
40 17 181 181 179
41 17 179 180 177
42 17 178 179 176
43 17 178 178 176
44 17 176 177 174
45 17 176 177 174
46 17 184 184 182
20 18 174 173 168
21 18 177 176 172
22 18 181 181 177
23 18 183 184 180
24 18 185 186 182
25 18 187 188 184
26 18 188 189 185
27 18 189 189 185
28 18 190 189 184
29 18 191 186 179
30 18 191 186 180
31 18 187 186 181
32 18 184 183 179
33 18 185 184 181
34 18 184 184 181
35 18 183 183 180
36 18 182 182 179
37 18 181 181 178
38 18 179 180 177
39 18 179 179 176
40 18 179 179 176
41 18 177 178 175
42 18 177 177 174
43 18 175 175 172
44 18 174 174 171
45 18 172 173 170
46 18 169 171 169
47 18 173 175 174
21 19 177 176 171
22 19 179 178 174
23 19 183 183 179
24 19 185 186 182
25 19 186 187 183
26 19 188 188 184
27 19 188 187 182
28 19 188 183 176
29 19 189 184 178
30 19 184 182 178
31 19 183 182 178
32 19 182 182 178
33 19 183 182 179
34 19 181 181 178
35 19 181 180 177
36 19 179 179 176
37 19 177 178 175
38 19 177 178 175
39 19 176 177 174
40 19 175 176 173
41 19 175 175 172
42 19 174 174 171
43 19 173 173 170
44 19 173 173 171
45 19 171 173 171
46 19 152 154 153
47 19 168 170 169
22 20 179 177 172
23 20 181 180 176
24 20 185 185 181
25 20 186 186 181
26 20 187 185 180
27 20 187 181 174
28 20 188 182 176
29 20 182 180 176
30 20 182 181 177
31 20 181 181 177
32 20 180 179 176
33 20 180 180 176
34 20 179 179 176
35 20 178 178 175
36 20 177 177 174
37 20 175 176 172
38 20 175 176 173
39 20 175 175 172
40 20 173 173 170
41 20 171 172 168
42 20 171 172 168
43 20 172 172 169
44 20 167 169 166
45 20 152 154 152
46 20 59 60 59
23 21 180 178 172
24 21 182 181 175
25 21 185 182 176
26 21 185 178 170
27 21 186 179 172
28 21 182 179 174
29 21 180 179 175
30 21 180 179 175
31 21 179 178 174
32 21 178 177 174
33 21 177 177 174
34 21 176 175 172
35 21 176 176 173
36 21 175 175 172
37 21 174 174 171
38 21 173 173 170
39 21 171 171 168
40 21 171 171 168
41 21 170 170 167
42 21 170 171 168
43 21 168 169 167
44 21 153 155 153
45 21 59 60 59
23 22 179 174 166
24 22 180 174 166
25 22 179 168 159
26 22 183 174 166
27 22 180 177 172
28 22 178 176 173
29 22 178 177 173
30 22 177 176 172
31 22 176 176 171
32 22 175 175 171
33 22 174 174 171
34 22 174 174 171
35 22 174 174 171
36 22 172 172 169
37 22 171 171 168
38 22 170 170 167
39 22 170 169 166
40 22 169 168 165
41 22 169 169 166
42 22 167 167 165
43 22 153 155 152
44 22 59 60 59
24 23 171 156 144
25 23 175 160 149
26 23 174 167 160
27 23 174 172 167
28 23 177 175 171
29 23 177 175 171
30 23 176 175 171
31 23 174 173 169
32 23 172 172 168
33 23 172 171 168
34 23 172 172 168
35 23 171 171 168
36 23 168 168 165
37 23 169 168 165
38 23 167 167 164
39 23 167 166 163
40 23 167 167 163
41 23 166 167 164
42 23 155 156 154
43 23 59 60 58
25 24 172 160 151
26 24 176 170 163
27 24 172 169 163
28 24 174 172 167
29 24 174 172 168
30 24 174 172 168
31 24 172 171 167
32 24 170 170 166
33 24 169 169 165
34 24 165 165 162
35 24 154 154 151
36 24 145 145 142
37 24 156 156 153
38 24 165 164 161
39 24 166 165 162
40 24 165 165 162
41 24 149 150 147
42 24 58 59 57
26 25 170 164 156
27 25 174 169 163
28 25 170 167 161
29 25 170 168 164
30 25 171 169 165
31 25 170 168 164
32 25 168 167 163
33 25 163 162 159
34 25 136 136 133
35 25 83 84 82
36 25 77 78 76
37 25 135 135 132
38 25 162 162 158
39 25 164 164 161
40 25 151 151 148
41 25 57 58 56
28 26 169 164 158
29 26 168 164 159
30 26 167 165 160
31 26 167 165 161
32 26 165 164 160
33 26 147 146 143
34 26 77 77 74
35 26 15 15 14
36 26 64 64 61
37 26 141 141 138
38 26 160 160 157
39 26 150 150 147
40 26 58 58 56
29 27 165 160 154
30 27 165 161 155
31 27 162 159 154
32 27 161 159 155
33 27 134 133 129
34 27 59 58 56
35 27 60 59 56
36 27 117 116 111
37 27 152 151 147
38 27 147 147 144
39 27 57 58 56
30 28 164 158 152
31 28 161 156 150
32 28 156 153 148
33 28 143 142 137
34 28 122 119 114
35 28 134 131 126
36 28 148 146 141
37 28 143 141 137
38 28 54 54 52
31 29 154 148 140
32 29 158 152 145
33 29 152 147 141
34 29 150 146 140
35 29 151 148 142
36 29 139 137 131
37 29 54 53 50
33 30 150 143 135
34 30 144 138 131
35 30 134 130 125
36 30 51 50 46
34 31 133 124 117
35 31 43 40 36
