32 1 158 151 143
33 1 165 157 151
34 1 170 165 160
31 2 160 154 146
32 2 168 163 156
33 2 178 173 168
34 2 173 169 164
35 2 175 171 166
29 3 164 159 151
30 3 164 159 152
31 3 171 167 160
32 3 177 174 168
33 3 187 185 181
34 3 174 172 169
35 3 168 166 161
36 3 175 172 168
28 4 160 155 149
29 4 166 162 156
30 4 173 170 164
31 4 177 175 170
32 4 184 183 179
33 4 193 193 190
34 4 183 182 179
35 4 163 163 159
36 4 163 160 156
37 4 179 174 169
26 5 163 159 152
27 5 163 159 153
28 5 169 166 161
29 5 176 174 169
30 5 179 178 173
31 5 185 184 180
32 5 188 188 184
33 5 196 196 194
34 5 190 190 187
35 5 181 181 179
36 5 156 155 151
37 5 169 165 161
25 6 157 154 148
26 6 165 162 156
27 6 171 169 164
28 6 176 175 171
29 6 180 180 176
30 6 185 184 181
31 6 187 187 183
32 6 192 192 189
33 6 198 199 197
34 6 189 189 187
35 6 193 194 191
36 6 171 171 168
37 6 159 157 153
38 6 175 171 168
23 7 150 145 139
24 7 155 152 146
25 7 163 161 156
26 7 171 170 166
27 7 171 170 167
28 7 176 176 173
29 7 183 183 180
30 7 181 181 178
31 7 172 173 170
32 7 183 184 181
33 7 198 199 198
34 7 184 185 182
35 7 186 187 185
36 7 187 187 185
37 7 171 170 168
38 7 173 171 167
39 7 176 173 169
22 8 141 135 129
23 8 135 131 125
24 8 148 147 142
25 8 162 161 157
26 8 155 155 151
27 8 140 140 137
28 8 168 168 166
29 8 172 173 170
30 8 138 139 137
31 8 136 138 135
32 8 184 186 184
33 8 199 201 199
34 8 190 191 189
35 8 172 173 171
36 8 179 180 177
37 8 184 184 182
38 8 175 174 171
39 8 177 175 171
40 8 175 171 167
20 9 145 133 124
21 9 138 131 124
22 9 122 118 112
23 9 115 114 109
24 9 149 149 146
25 9 143 143 140
26 9 107 108 105
27 9 143 145 142
28 9 164 165 163
29 9 132 134 132
30 9 118 120 118
31 9 174 175 173
32 9 192 193 191
33 9 190 191 190
34 9 192 195 194
35 9 184 186 184
36 9 154 156 153
37 9 176 177 174
38 9 168 168 166
39 9 173 172 169
40 9 171 168 165
20 10 146 136 127
21 10 131 125 118
22 10 110 109 106
23 10 144 145 142
24 10 159 160 157
25 10 137 138 136
26 10 158 159 157
27 10 177 178 176
28 10 165 167 165
29 10 152 154 152
30 10 178 179 177
31 10 187 189 187
32 10 177 178 176
33 10 152 153 151
34 10 174 177 176
35 10 196 199 198
36 10 159 161 158
37 10 154 155 152
38 10 153 154 151
39 10 153 153 150
40 10 162 160 157
41 10 161 157 153
19 11 166 158 150
20 11 156 149 142
21 11 147 145 140
22 11 158 158 155
23 11 172 173 170
24 11 173 174 172
25 11 176 177 175
26 11 187 188 186
27 11 188 189 187
28 11 186 187 185
29 11 186 186 185
30 11 180 181 179
31 11 156 157 154
32 11 126 127 124
33 11 124 125 122
34 11 147 148 146
35 11 180 183 182
36 11 189 191 189
37 11 162 163 160
38 11 161 162 159
39 11 133 133 131
40 11 148 147 144
41 11 145 141 138
42 11 157 152 149
19 12 173 166 159
20 12 170 166 161
21 12 173 172 169
22 12 179 178 175
23 12 182 183 180
24 12 185 186 183
25 12 189 190 187
26 12 192 193 190
27 12 193 193 191
28 12 185 186 183
29 12 166 168 165
30 12 128 129 127
31 12 75 76 74
32 12 44 45 43
33 12 51 52 50
34 12 110 110 107
35 12 153 154 152
36 12 185 187 186
37 12 192 193 192
38 12 182 182 179
39 12 160 160 157
40 12 146 146 143
41 12 136 134 131
42 12 141 136 132
43 12 159 153 149
19 13 174 169 162
20 13 177 174 169
21 13 180 179 176
22 13 184 184 181
23 13 186 186 183
24 13 189 190 187
25 13 191 191 189
26 13 189 190 187
27 13 175 176 173
28 13 154 155 153
29 13 132 134 132
30 13 70 72 70
31 13 12 12 12
33 13 2 2 2
34 13 44 44 42
35 13 125 125 122
36 13 155 156 153
37 13 188 189 188
38 13 193 193 190
39 13 185 185 182
40 13 165 165 162
41 13 153 152 150
42 13 137 133 129
43 13 151 145 140
18 14 179 172 165
19 14 177 172 166
20 14 181 179 175
21 14 184 184 181
22 14 186 187 184
23 14 189 189 187
24 14 189 190 187
25 14 182 183 180
26 14 158 159 156
27 14 130 131 128
28 14 122 123 121
29 14 124 126 125
30 14 77 80 79
31 14 12 13 12
32 14 1 1 1
33 14 1 1 1
34 14 41 41 39
35 14 114 114 110
36 14 137 137 133
37 14 163 164 161
38 14 192 193 191
39 14 192 192 189
40 14 182 182 179
41 14 172 172 169
42 14 155 153 150
43 14 148 144 139
18 15 182 176 170
19 15 180 176 171
20 15 184 184 180
21 15 186 186 183
22 15 188 188 185
23 15 184 185 182
24 15 167 168 166
25 15 130 132 129
26 15 85 87 84
27 15 49 50 49
28 15 57 58 57
29 15 89 91 90
30 15 107 111 110
31 15 61 64 64
32 15 22 22 22
33 15 47 48 46
34 15 88 88 85
35 15 123 123 119
36 15 139 138 134
37 15 138 138 134
38 15 169 169 167
39 15 191 191 189
40 15 186 185 182
41 15 172 172 169
42 15 167 166 163
43 15 161 159 155
44 15 152 149 144
18 16 179 174 167
19 16 183 180 175
20 16 185 185 182
21 16 185 185 183
22 16 176 177 174
23 16 155 156 153
24 16 133 134 132
25 16 80 82 80
26 16 17 18 17
27 16 1 1 1
28 16 5 5 5
29 16 27 28 28
30 16 105 108 107
31 16 114 117 115
32 16 104 105 103
33 16 110 111 108
34 16 119 119 116
35 16 132 131 128
36 16 134 134 129
37 16 138 137 132
38 16 140 139 135
39 16 175 175 172
40 16 190 189 186
41 16 169 169 165
42 16 155 154 151
43 16 168 166 162
44 16 162 160 155
18 17 177 172 164
19 17 182 180 175
20 17 177 177 174
21 17 159 160 157
22 17 130 131 129
23 17 112 113 111
24 17 117 119 117
25 17 88 91 89
26 17 23 24 24
27 17 1 1 1
29 17 31 32 31
30 17 99 101 98
31 17 128 129 126
32 17 131 131 128
33 17 131 131 127
34 17 131 131 127
35 17 132 131 127
36 17 133 132 128
37 17 134 133 128
38 17 134 132 127
39 17 142 141 136
40 17 176 174 170
41 17 180 178 174
42 17 138 137 133
43 17 157 155 150
44 17 164 161 156
17 18 172 165 155
18 18 171 165 157
19 18 167 165 160
20 18 142 143 139
21 18 99 100 97
22 18 49 50 48
23 18 47 48 46
24 18 57 58 57
25 18 88 92 91
26 18 73 76 75
27 18 28 29 28
28 18 40 41 39
29 18 78 79 77
30 18 117 118 115
31 18 130 130 127
32 18 132 131 128
33 18 131 131 127
34 18 130 129 126
35 18 131 130 126
36 18 130 128 124
37 18 129 127 122
38 18 127 124 119
39 18 129 127 120
40 18 144 142 137
41 18 176 175 170
42 18 161 157 153
43 18 138 136 131
44 18 161 158 153
18 19 155 147 135
19 19 136 133 127
20 19 108 108 105
21 19 39 40 38
22 19 2 2 2
23 19 2 2 2
24 19 6 6 6
25 19 69 71 69
26 19 115 118 115
27 19 104 105 103
28 19 110 111 108
29 19 116 117 113
30 19 125 125 121
31 19 129 129 126
32 19 130 130 126
33 19 129 129 125
34 19 128 127 123
35 19 128 128 124
36 19 125 125 120
37 19 118 116 111
38 19 112 110 105
39 19 104 102 96
40 19 116 113 107
41 19 151 149 144
42 19 175 172 167
43 19 157 154 148
44 19 160 157 151
19 20 142 136 128
20 20 112 111 106
21 20 58 59 57
22 20 12 12 11
24 20 17 17 16
25 20 78 79 76
26 20 119 120 117
27 20 129 129 125
28 20 127 127 124
29 20 128 128 124
30 20 129 129 125
31 20 128 128 125
32 20 128 128 124
33 20 127 127 123
34 20 128 128 124
35 20 124 124 120
36 20 115 114 110
37 20 87 87 82
38 20 54 54 51
39 20 36 35 33
40 20 69 67 63
41 20 114 112 107
42 20 156 154 149
43 20 175 172 167
44 20 168 164 159
45 20 162 159 154
19 21 59 54 48
20 21 134 129 120
21 21 96 95 91
22 21 65 66 64
23 21 49 49 48
24 21 71 72 70
25 21 105 106 103
26 21 126 126 122
27 21 127 127 123
28 21 128 128 125
29 21 127 127 124
30 21 127 126 123
31 21 127 126 123
32 21 125 125 121
33 21 124 124 120
34 21 121 121 117
35 21 119 119 115
36 21 97 97 94
37 21 36 36 34
38 21 6 6 5
39 21 1 1 1
40 21 12 12 11
41 21 82 80 75
42 21 119 116 110
43 21 158 155 149
44 21 172 168 162
45 21 167 163 157
20 22 58 53 47
21 22 135 130 123
22 22 115 114 110
23 22 112 112 109
24 22 115 115 112
25 22 122 122 119
26 22 126 126 123
27 22 128 127 124
28 22 126 126 122
29 22 126 126 123
30 22 124 124 120
31 22 123 123 119
32 22 116 116 112
33 22 103 103 99
34 22 95 94 91
35 22 96 96 93
36 22 96 96 93
37 22 41 41 39
38 22 4 4 4
39 22 2 2 2
40 22 20 19 18
41 22 77 75 70
42 22 111 108 102
43 22 120 116 110
44 22 147 140 133
45 22 156 146 138
21 23 60 55 50
22 23 137 133 126
23 23 123 122 118
24 23 125 124 121
25 23 125 125 122
26 23 127 126 123
27 23 125 124 121
28 23 125 125 121
29 23 124 124 121
30 23 123 123 119
31 23 118 118 114
32 23 85 85 82
33 23 48 48 46
34 23 27 27 26
35 23 34 34 32
36 23 84 84 81
37 23 85 85 82
38 23 53 52 50
39 23 46 45 42
40 23 74 72 67
41 23 102 98 93
42 23 108 104 98
43 23 100 94 88
44 23 100 91 84
45 23 138 127 118
22 24 60 56 51
23 24 135 130 124
24 24 123 121 117
25 24 125 124 121
26 24 123 123 120
27 24 124 124 120
28 24 121 121 117
29 24 120 120 117
30 24 119 118 115
31 24 110 110 107
32 24 51 52 50
33 24 5 5 5
34 24 1 1 1
35 24 4 4 3
36 24 56 55 53
37 24 105 104 100
38 24 100 99 94
39 24 101 99 94
40 24 105 101 96
41 24 101 97 91
42 24 91 86 80
43 24 88 82 76
23 25 132 125 116
24 25 130 126 120
25 25 122 120 116
26 25 124 123 120
27 25 114 114 111
28 25 99 100 97
29 25 85 85 82
30 25 88 88 84
31 25 96 97 94
32 25 79 80 78
33 25 27 27 27
34 25 9 9 9
35 25 19 19 18
36 25 75 73 70
37 25 105 103 98
38 25 111 108 103
39 25 111 107 101
40 25 96 91 86
41 25 83 78 73
42 25 45 41 37
24 26 142 135 126
25 26 130 125 119
26 26 118 117 113
27 26 95 95 92
28 26 41 42 40
29 26 18 18 17
30 26 25 24 23
31 26 48 47 45
32 26 98 98 96
33 26 85 84 82
34 26 67 66 63
35 26 82 81 77
36 26 102 100 95
37 26 110 107 101
38 26 101 97 91
39 26 100 96 90
40 26 48 45 42
25 27 135 128 120
26 27 123 119 113
27 27 78 77 74
28 27 15 15 15
29 27 1 1 1
30 27 1 1 1
31 27 36 36 34
32 27 100 99 96
33 27 111 110 107
34 27 107 105 101
35 27 107 105 99
36 27 99 96 91
37 27 98 94 89
38 27 51 49 45
26 28 127 119 111
27 28 90 84 77
28 28 47 45 42
29 28 25 24 23
30 28 30 30 28
31 28 69 68 66
32 28 106 104 101
33 28 112 109 104
34 28 106 103 98
35 28 102 99 93
36 28 53 51 47
27 29 125 115 105
28 29 105 99 92
29 29 91 88 83
30 29 94 92 88
31 29 102 99 95
32 29 107 103 98
33 29 97 93 88
34 29 92 89 83
28 30 129 118 108
29 30 111 103 95
30 30 109 103 96
31 30 96 92 86
32 30 85 81 76
33 30 50 47 43
29 31 115 100 89
30 31 99 90 82
31 31 51 46 42
