33 0 150 136 129
31 1 157 148 139
32 1 163 155 149
33 1 169 163 157
34 1 179 173 168
29 2 156 148 139
30 2 165 158 150
31 2 169 163 155
32 2 174 169 163
33 2 179 176 170
34 2 184 181 177
35 2 188 185 182
28 3 165 159 151
29 3 169 164 156
30 3 172 168 161
31 3 176 173 167
32 3 178 175 169
33 3 181 179 173
34 3 187 186 182
35 3 193 192 189
36 3 196 194 193
26 4 165 159 152
27 4 168 163 157
28 4 173 170 164
29 4 177 174 168
30 4 179 176 170
31 4 179 177 172
32 4 182 180 174
33 4 184 183 178
34 4 188 187 183
35 4 195 195 192
36 4 198 198 196
37 4 198 199 197
24 5 167 163 155
25 5 168 164 158
26 5 173 170 164
27 5 177 174 169
28 5 179 177 172
29 5 181 180 175
30 5 182 181 176
31 5 184 183 178
32 5 185 184 179
33 5 187 186 182
34 5 190 190 186
35 5 195 194 191
36 5 199 199 197
37 5 200 201 199
38 5 200 201 201
22 6 163 158 151
23 6 169 165 159
24 6 174 171 165
25 6 176 174 169
26 6 179 177 173
27 6 181 180 176
28 6 182 182 178
29 6 184 183 180
30 6 186 185 182
31 6 187 187 183
32 6 188 188 185
33 6 190 190 187
34 6 192 192 189
35 6 195 195 192
36 6 198 198 195
37 6 202 202 200
38 6 203 204 203
39 6 203 205 204
20 7 156 150 143
21 7 164 160 153
22 7 167 164 158
23 7 170 168 163
24 7 176 175 170
25 7 179 179 175
26 7 181 181 177
27 7 182 182 178
28 7 178 178 175
29 7 174 174 171
30 7 181 181 179
31 7 189 190 187
32 7 191 191 189
33 7 192 192 189
34 7 188 188 186
35 7 181 181 178
36 7 179 179 176
37 7 195 196 193
38 7 204 205 204
39 7 205 207 206
40 7 204 206 206
19 8 166 159 152
20 8 165 161 156
21 8 157 155 150
22 8 141 140 136
23 8 131 130 126
24 8 159 159 155
25 8 180 180 177
26 8 179 180 176
27 8 162 163 160
28 8 129 129 126
29 8 102 102 100
30 8 146 147 144
31 8 186 187 184
32 8 191 192 189
33 8 179 181 178
34 8 144 145 143
35 8 97 98 95
36 8 91 92 89
37 8 167 169 166
38 8 201 203 201
39 8 207 209 208
40 8 205 207 206
41 8 197 199 198
17 9 161 145 133
18 9 166 154 145
19 9 170 165 160
20 9 158 156 153
21 9 106 105 102
22 9 49 49 47
23 9 79 80 77
24 9 158 158 155
25 9 181 181 178
26 9 167 168 165
27 9 100 101 99
28 9 31 31 30
29 9 71 72 71
30 9 153 154 151
31 9 188 189 186
32 9 188 190 188
33 9 147 149 147
34 9 51 53 52
35 9 40 41 40
36 9 114 116 115
37 9 179 181 179
38 9 202 204 202
39 9 205 206 205
40 9 203 205 204
41 9 204 206 206
17 10 178 164 153
18 10 175 165 157
19 10 173 169 164
20 10 142 141 138
21 10 81 82 80
22 10 97 97 95
23 10 149 150 147
24 10 178 178 176
25 10 184 184 182
26 10 168 169 166
27 10 124 125 123
28 10 122 124 121
29 10 163 164 162
30 10 187 188 186
31 10 195 196 194
32 10 190 191 190
33 10 167 169 168
34 10 138 140 139
35 10 156 157 156
36 10 182 184 182
37 10 198 200 198
38 10 203 204 202
39 10 199 200 198
40 10 197 199 198
41 10 200 203 203
42 10 204 207 207
18 11 180 171 163
19 11 179 174 169
20 11 169 168 165
21 11 164 164 161
22 11 172 172 169
23 11 183 183 180
24 11 187 186 184
25 11 188 188 185
26 11 185 186 183
27 11 182 183 180
28 11 184 185 182
29 11 192 193 190
30 11 195 196 194
31 11 198 199 197
32 11 197 198 196
33 11 196 197 195
34 11 195 196 195
35 11 197 198 197
36 11 199 200 198
37 11 196 198 196
38 11 184 185 183
39 11 175 176 173
40 11 188 189 187
41 11 193 196 195
42 11 205 208 207
19 12 183 177 170
20 12 185 182 177
21 12 186 185 182
22 12 187 187 184
23 12 189 189 186
24 12 190 189 187
25 12 191 191 188
26 12 191 192 189
27 12 193 193 191
28 12 194 194 192
29 12 196 197 195
30 12 198 198 196
31 12 199 200 197
32 12 200 201 199
33 12 201 202 199
34 12 201 202 200
35 12 199 200 198
36 12 186 187 185
37 12 148 150 148
38 12 93 94 92
39 12 103 104 101
40 12 168 168 165
41 12 190 191 190
42 12 199 201 201
19 13 186 178 171
20 13 187 182 177
21 13 188 186 182
22 13 190 189 186
23 13 190 190 187
24 13 192 191 189
25 13 191 191 189
26 13 193 193 190
27 13 195 196 193
28 13 196 197 194
29 13 198 198 196
30 13 199 199 197
31 13 200 201 199
32 13 200 201 199
33 13 199 199 197
34 13 195 195 193
35 13 182 183 181
36 13 133 135 133
37 13 46 47 46
38 13 5 5 5
39 13 27 27 26
40 13 140 140 137
41 13 185 185 182
42 13 192 193 192
43 13 201 203 202
20 14 188 182 175
21 14 190 187 182
22 14 190 190 186
23 14 192 192 189
24 14 193 193 190
25 14 194 194 192
26 14 194 195 192
27 14 196 197 194
28 14 198 199 196
29 14 199 200 197
30 14 199 199 197
31 14 199 199 197
32 14 192 193 191
33 14 177 178 175
34 14 171 172 170
35 14 173 175 174
36 14 113 115 114
37 14 10 11 10
38 14 4 4 4
39 14 60 59 57
40 14 149 148 145
41 14 180 180 176
42 14 187 188 186
43 14 198 199 198
20 15 189 181 173
21 15 190 186 179
22 15 191 189 185
23 15 193 192 189
24 15 194 194 191
25 15 195 195 192
26 15 196 197 194
27 15 198 198 196
28 15 198 198 196
29 15 198 198 196
30 15 195 195 193
31 15 177 178 175
32 15 135 136 133
33 15 90 91 89
34 15 101 103 101
35 15 152 155 154
36 15 139 142 142
37 15 55 57 56
38 15 80 81 79
39 15 134 134 131
40 15 172 172 168
41 15 179 178 174
42 15 183 183 180
43 15 191 192 189
21 16 191 185 177
22 16 192 189 183
23 16 194 193 189
24 16 195 196 193
25 16 197 197 194
26 16 197 197 195
27 16 196 197 195
28 16 196 197 195
29 16 191 192 190
30 16 177 178 176
31 16 113 115 113
32 16 31 31 30
33 16 5 5 5
34 16 27 27 27
35 16 132 135 134
36 16 166 169 167
37 16 153 154 151
38 16 157 158 155
39 16 169 169 166
40 16 174 174 170
41 16 177 176 172
42 16 177 176 172
43 16 180 180 177
44 16 191 191 188
21 17 191 183 173
22 17 192 187 179
23 17 194 191 186
24 17 195 195 191
25 17 196 196 193
26 17 193 194 191
27 17 184 185 183
28 17 170 171 168
29 17 168 169 167
30 17 164 166 164
31 17 90 93 91
32 17 5 5 5
33 17 7 7 7
34 17 67 68 66
35 17 149 151 148
36 17 175 175 173
37 17 175 175 172
38 17 175 175 171
39 17 175 174 171
40 17 174 173 169
41 17 174 172 168
42 17 171 170 165
43 17 173 172 167
44 17 186 185 180
22 18 188 181 171
23 18 188 183 175
24 18 191 188 183
25 18 188 188 185
26 18 169 170 167
27 18 120 122 119
28 18 82 83 81
29 18 96 97 95
30 18 136 140 138
31 18 126 130 128
32 18 58 59 58
33 18 85 86 84
34 18 137 138 135
35 18 169 170 166
36 18 176 176 173
37 18 176 176 172
38 18 173 173 169
39 18 172 171 167
40 18 171 170 165
41 18 169 167 162
42 18 167 165 159
43 18 169 167 161
44 18 175 174 169
45 18 179 178 173
23 19 186 179 169
24 19 184 181 175
25 19 166 166 162
26 19 96 97 94
27 19 22 22 21
28 19 4 4 4
29 19 30 30 29
30 19 128 130 128
31 19 164 166 163
32 19 155 156 153
33 19 159 160 157
34 19 168 168 165
35 19 174 174 171
36 19 173 173 170
37 19 172 171 168
38 19 171 171 167
39 19 168 168 163
40 19 159 158 153
41 19 146 144 139
42 19 134 132 126
43 19 153 151 145
44 19 166 164 159
45 19 179 178 173
23 20 191 185 176
24 20 187 183 176
25 20 156 156 152
26 20 69 70 68
27 20 3 3 3
28 20 9 10 9
29 20 72 73 71
30 20 151 151 148
31 20 174 174 171
32 20 175 175 171
33 20 175 175 172
34 20 175 174 171
35 20 174 173 170
36 20 172 171 168
37 20 169 169 165
38 20 168 168 164
39 20 158 158 153
40 20 118 118 113
41 20 64 63 60
42 20 57 55 52
43 20 130 127 121
44 20 159 156 151
45 20 169 166 161
24 21 184 178 170
25 21 160 158 152
26 21 115 115 113
27 21 61 61 59
28 21 90 91 89
29 21 139 139 137
30 21 169 169 166
31 21 175 175 172
32 21 174 174 171
33 21 173 173 170
34 21 171 170 167
35 21 170 170 166
36 21 167 167 163
37 21 164 164 160
38 21 160 160 155
39 21 127 127 123
40 21 36 36 34
41 21 1 1 1
42 21 33 32 29
43 21 113 110 104
44 21 150 147 141
45 21 154 150 144
46 21 157 151 144
24 22 186 180 170
25 22 180 175 168
26 22 165 164 161
27 22 155 155 152
28 22 160 160 157
29 22 169 168 165
30 22 173 173 170
31 22 173 173 170
32 22 173 173 169
33 22 171 171 167
34 22 169 169 165
35 22 159 160 156
36 22 142 142 138
37 22 124 124 120
38 22 134 134 130
39 22 125 125 122
40 22 40 40 38
41 22 34 33 31
42 22 85 82 78
43 22 131 127 121
44 22 142 137 130
45 22 132 125 117
46 22 148 139 132
25 23 187 181 174
26 23 177 173 168
27 23 173 172 168
28 23 173 173 170
29 23 174 173 170
30 23 173 172 169
31 23 171 171 167
32 23 170 170 166
33 23 168 168 164
34 23 161 161 157
35 23 120 120 116
36 23 59 59 56
37 23 27 27 26
38 23 84 84 81
39 23 137 137 133
40 23 112 111 107
41 23 113 111 105
42 23 132 128 122
43 23 136 131 125
44 23 129 123 115
45 23 93 87 81
26 24 182 177 170
27 24 172 170 166
28 24 172 171 168
29 24 171 171 168
30 24 170 170 166
31 24 169 169 165
32 24 166 166 163
33 24 162 162 158
34 24 142 143 139
35 24 49 49 47
36 24 1 1 1
37 24 19 19 18
38 24 96 95 91
39 24 144 142 138
40 24 145 143 137
41 24 141 137 131
42 24 129 124 118
43 24 101 96 90
26 25 185 178 170
27 25 177 173 167
28 25 171 169 166
29 25 169 168 166
30 25 159 159 156
31 25 143 143 140
32 25 130 130 126
33 25 133 133 129
34 25 139 140 137
35 25 79 79 77
36 25 43 42 40
37 25 74 73 69
38 25 129 127 122
39 25 146 143 138
40 25 139 135 129
41 25 119 115 109
42 25 45 42 39
27 26 180 174 167
28 26 168 166 161
29 26 162 161 158
30 26 122 122 119
31 26 56 56 54
32 26 30 30 29
33 26 63 62 59
34 26 137 137 134
35 26 135 135 132
36 26 124 122 118
37 26 135 133 128
38 26 139 136 130
39 26 131 127 121
40 26 50 48 44
27 27 180 174 165
28 27 176 171 165
29 27 144 143 139
30 27 56 56 54
31 27 1 1 1
32 27 7 7 7
33 27 85 84 81
34 27 146 145 141
35 27 152 150 146
36 27 147 144 138
37 27 134 130 125
38 27 99 95 90
28 28 171 164 155
29 28 131 125 118
30 28 68 67 64
31 28 44 43 41
32 28 86 85 82
33 28 129 127 123
34 28 147 145 140
35 28 142 139 133
36 28 122 118 112
37 28 49 46 43
28 29 169 159 149
29 29 157 148 140
30 29 136 132 126
31 29 126 123 118
32 29 137 135 129
33 29 141 138 132
34 29 133 129 124
35 29 52 50 47
29 30 169 157 147
30 30 158 149 140
31 30 146 140 133
32 30 135 130 124
33 30 98 94 89
30 31 155 140 128
31 31 120 110 102
32 31 49 44 40
