31 0 165 158 148
32 0 175 171 164
33 0 176 177 174
30 1 175 174 170
31 1 182 179 173
32 1 187 184 178
33 1 190 189 187
34 1 183 181 178
28 2 163 164 161
29 2 174 175 172
30 2 178 178 176
31 2 184 183 179
32 2 194 189 184
33 2 197 190 187
34 2 196 187 185
35 2 183 180 178
27 3 168 169 166
28 3 169 170 168
29 3 159 160 158
30 3 140 141 139
31 3 175 175 172
32 3 195 190 185
33 3 200 189 186
34 3 203 182 180
35 3 196 182 180
36 3 182 175 173
25 4 172 172 169
26 4 169 170 167
27 4 171 172 169
28 4 151 153 150
29 4 86 87 85
30 4 79 80 78
31 4 168 168 165
32 4 195 191 187
33 4 200 191 189
34 4 206 177 175
35 4 204 173 171
36 4 194 177 175
37 4 180 175 172
24 5 164 165 162
25 5 168 168 165
26 5 175 176 173
27 5 170 171 169
28 5 115 116 114
29 5 60 61 59
30 5 136 136 134
31 5 180 180 177
32 5 193 190 186
33 5 200 192 189
34 5 206 178 176
35 5 208 160 161
36 5 203 165 163
37 5 192 173 171
38 5 173 170 168
23 6 163 164 161
24 6 170 170 168
25 6 176 177 174
26 6 178 179 176
27 6 173 173 171
28 6 136 136 134
29 6 147 148 145
30 6 178 178 175
31 6 188 187 185
32 6 192 189 185
33 6 200 194 190
34 6 204 182 181
35 6 206 167 167
36 6 204 161 160
37 6 197 172 170
38 6 182 177 174
39 6 170 172 169
21 7 162 163 160
22 7 159 161 158
23 7 167 167 165
24 7 174 174 172
25 7 176 177 174
26 7 178 178 176
27 7 178 178 176
28 7 175 175 173
29 7 180 181 178
30 7 188 188 185
31 7 190 190 187
32 7 193 191 187
33 7 199 194 190
34 7 203 184 182
35 7 206 165 165
36 7 202 174 173
37 7 194 182 180
38 7 184 182 179
39 7 175 177 174
40 7 165 167 164
20 8 149 150 148
21 8 154 156 153
22 8 154 156 153
23 8 161 163 160
24 8 174 175 172
25 8 175 176 173
26 8 175 176 173
27 8 178 178 176
28 8 181 181 178
29 8 183 184 181
30 8 188 188 185
31 8 189 189 186
32 8 190 189 186
33 8 199 194 190
34 8 202 187 185
35 8 204 165 165
36 8 201 177 176
37 8 190 185 183
38 8 182 183 180
39 8 179 181 178
40 8 173 175 171
41 8 164 165 162
19 9 150 152 150
20 9 154 156 154
21 9 131 132 130
22 9 90 91 90
23 9 135 137 134
24 9 171 172 169
25 9 164 164 162
26 9 143 144 142
27 9 160 161 159
28 9 179 180 178
29 9 184 184 181
30 9 182 182 180
31 9 179 179 177
32 9 186 184 182
33 9 197 192 187
34 9 201 188 185
35 9 202 168 166
36 9 200 178 177
37 9 186 181 180
38 9 168 170 167
39 9 176 178 175
40 9 177 179 176
41 9 168 170 166
42 9 151 149 144
18 10 164 167 166
19 10 153 155 154
20 10 148 150 148
21 10 76 78 76
22 10 72 74 72
23 10 145 146 144
24 10 159 160 157
25 10 112 112 110
26 10 48 49 48
27 10 133 134 132
28 10 180 180 178
29 10 174 175 172
30 10 142 143 140
31 10 122 123 121
32 10 163 162 159
33 10 193 188 184
34 10 200 190 186
35 10 201 156 153
36 10 200 157 156
37 10 188 176 174
38 10 145 145 142
39 10 152 155 151
40 10 177 179 176
41 10 173 174 170
42 10 157 155 149
18 11 172 176 175
19 11 153 156 154
20 11 129 131 129
21 11 77 78 77
22 11 130 131 130
23 11 164 164 162
24 11 142 143 140
25 11 48 48 47
26 11 76 77 74
27 11 151 152 149
28 11 175 176 173
29 11 147 147 144
30 11 56 56 54
31 11 68 68 67
32 11 159 157 155
33 11 192 186 182
34 11 198 189 184
35 11 198 163 159
36 11 199 133 131
37 11 195 168 167
38 11 164 159 157
39 11 112 115 112
40 11 164 167 164
41 11 176 178 174
42 11 166 165 159
43 11 155 150 141
18 12 174 177 176
19 12 159 161 159
20 12 154 155 152
21 12 146 147 144
22 12 161 162 159
23 12 166 166 163
24 12 134 134 131
25 12 87 86 83
26 12 139 139 136
27 12 173 173 171
28 12 167 167 164
29 12 98 98 95
30 12 30 31 30
31 12 114 114 112
32 12 176 174 171
33 12 190 184 179
34 12 193 184 178
35 12 196 179 175
36 12 197 146 143
37 12 197 148 147
38 12 186 174 172
39 12 139 140 138
40 12 140 143 140
41 12 175 177 174
42 12 173 173 168
43 12 163 159 151
18 13 177 179 178
19 13 164 165 163
20 13 168 167 164
21 13 166 166 162
22 13 169 169 166
23 13 168 168 165
24 13 160 161 158
25 13 156 155 152
26 13 169 169 166
27 13 180 179 176
28 13 168 168 165
29 13 110 110 107
30 13 108 107 104
31 13 162 161 158
32 13 185 182 178
33 13 176 169 163
34 13 168 157 149
35 13 185 177 171
36 13 194 171 166
37 13 196 146 143
38 13 194 169 167
39 13 179 177 174
40 13 159 161 158
41 13 173 175 172
42 13 176 177 172
43 13 167 164 157
18 14 178 180 178
19 14 165 166 163
20 14 170 169 166
21 14 168 168 165
22 14 168 168 165
23 14 169 169 166
24 14 171 171 168
25 14 174 174 171
26 14 177 176 173
27 14 180 179 176
28 14 179 178 175
29 14 170 169 165
30 14 171 170 166
31 14 180 177 173
32 14 167 163 158
33 14 124 118 112
34 14 91 86 80
35 14 153 147 139
36 14 183 175 169
37 14 192 172 168
38 14 195 163 161
39 14 191 180 178
40 14 184 184 182
41 14 180 182 179
42 14 179 180 176
43 14 171 169 163
44 14 161 156 147
18 15 177 179 177
19 15 165 166 163
20 15 170 169 166
21 15 166 165 162
22 15 157 158 154
23 15 155 156 153
24 15 168 169 166
25 15 175 174 171
26 15 178 177 174
27 15 181 180 176
28 15 182 181 177
29 15 182 181 177
30 15 176 173 169
31 15 148 145 140
32 15 84 80 76
33 15 55 52 49
34 15 49 47 44
35 15 70 67 63
36 15 144 138 132
37 15 180 174 169
38 15 189 174 170
39 15 192 175 172
40 15 190 187 184
41 15 185 186 183
42 15 182 183 180
43 15 176 174 169
44 15 169 163 154
18 16 177 178 177
19 16 165 166 164
20 16 168 168 164
21 16 150 150 147
22 16 105 105 102
23 16 108 109 106
24 16 163 163 160
25 16 176 175 171
26 16 179 177 173
27 16 181 179 175
28 16 180 178 174
29 16 166 163 158
30 16 127 124 119
31 16 60 58 55
32 16 29 28 26
33 16 12 11 10
34 16 17 16 15
35 16 30 29 27
36 16 63 61 58
37 16 135 131 124
38 16 175 169 163
39 16 187 178 174
40 16 189 185 182
41 16 187 188 185
42 16 184 185 182
43 16 178 177 173
44 16 173 167 159
18 17 177 178 176
19 17 164 164 162
20 17 159 159 156
21 17 108 108 104
22 17 35 35 34
23 17 101 101 97
24 17 164 163 159
25 17 176 174 170
26 17 177 175 171
27 17 176 174 170
28 17 149 146 142
29 17 94 92 88
30 17 61 60 57
31 17 31 30 28
32 17 5 5 5
34 17 3 3 3
35 17 24 24 23
36 17 54 53 51
37 17 76 74 70
38 17 118 114 108
39 17 168 164 158
40 17 184 181 177
41 17 186 187 183
42 17 185 186 183
43 17 181 181 177
44 17 175 169 162
18 18 172 172 170
19 18 160 160 157
20 18 149 149 145
21 18 68 67 65
22 18 61 61 58
23 18 140 139 134
24 18 170 168 163
25 18 175 173 168
26 18 165 163 159
27 18 129 128 124
28 18 82 82 78
29 18 68 68 65
30 18 66 65 63
31 18 42 42 40
32 18 24 24 23
33 18 18 18 17
34 18 31 31 30
35 18 48 47 46
36 18 69 69 66
37 18 70 68 64
38 18 77 75 70
39 18 103 100 94
40 18 163 160 154
41 18 183 181 176
42 18 185 185 181
43 18 184 184 180
44 18 177 173 167
45 18 171 162 153
18 19 168 166 162
19 19 159 158 154
20 19 151 150 145
21 19 111 109 105
22 19 132 129 124
23 19 163 161 156
24 19 170 169 165
25 19 143 143 139
26 19 95 95 91
27 19 70 69 66
28 19 67 67 64
29 19 71 71 68
30 19 66 66 64
31 19 65 65 63
32 19 56 56 54
33 19 58 58 56
34 19 60 60 58
35 19 69 69 66
36 19 68 67 64
37 19 71 70 66
38 19 74 73 68
39 19 78 76 72
40 19 95 92 87
41 19 155 152 146
42 19 177 175 171
43 19 181 181 177
44 19 179 176 170
45 19 174 166 157
18 20 169 167 163
19 20 159 157 153
20 20 165 162 157
21 20 158 155 150
22 20 164 163 158
23 20 158 158 154
24 20 122 122 119
25 20 81 82 79
26 20 67 67 64
27 20 70 70 68
28 20 70 70 67
29 20 69 69 66
30 20 71 71 68
31 20 68 67 65
32 20 70 69 67
33 20 67 67 64
34 20 71 70 68
35 20 69 68 65
36 20 72 72 68
37 20 73 72 69
38 20 72 71 68
39 20 71 70 66
40 20 72 70 67
41 20 76 74 70
42 20 143 139 133
43 20 175 173 167
44 20 175 172 167
45 20 172 164 156
18 21 166 164 160
19 21 159 157 153
20 21 166 164 159
21 21 167 167 163
22 21 138 138 135
23 21 84 85 83
24 21 41 41 39
25 21 40 40 38
26 21 44 44 43
27 21 60 60 59
28 21 71 71 68
29 21 71 71 68
30 21 69 69 66
31 21 71 71 68
32 21 69 68 66
33 21 71 71 69
34 21 68 68 66
35 21 72 71 68
36 21 72 72 69
37 21 71 71 68
38 21 65 64 61
39 21 47 46 43
40 21 44 43 41
41 21 39 38 36
42 21 57 57 54
43 21 133 129 124
44 21 166 161 154
45 21 166 156 148
46 21 154 133 121
18 22 159 155 151
19 22 156 155 152
20 22 153 154 151
21 22 120 121 119
22 22 70 71 69
23 22 26 27 25
24 22 7 7 6
25 22 4 4 4
26 22 13 13 13
27 22 49 51 50
28 22 68 68 66
29 22 69 69 66
30 22 71 71 69
31 22 69 69 66
32 22 72 72 69
33 22 69 69 67
34 22 72 71 69
35 22 70 70 67
36 22 72 72 69
37 22 67 67 65
38 22 45 44 42
39 22 19 18 17
40 22 7 7 6
41 22 5 5 5
42 22 33 33 32
43 22 66 65 62
44 22 117 110 103
45 22 156 143 133
46 22 150 131 119
19 23 129 128 125
20 23 95 97 95
21 23 71 72 70
22 23 57 58 56
23 23 25 26 25
24 23 11 12 12
25 23 12 12 12
26 23 30 31 31
27 23 54 56 55
28 23 67 68 66
29 23 71 71 69
30 23 69 69 66
31 23 72 71 69
32 23 69 69 66
33 23 72 71 69
34 23 69 69 66
35 23 72 72 69
36 23 69 69 66
37 23 66 66 64
38 23 44 43 41
39 23 18 18 17
40 23 10 10 9
41 23 18 18 17
42 23 44 43 41
43 23 71 68 64
44 23 81 74 68
45 23 112 97 87
20 24 62 63 61
21 24 79 81 78
22 24 68 69 67
23 24 56 57 56
24 24 48 49 48
25 24 53 54 53
26 24 59 61 60
27 24 66 67 66
28 24 69 69 67
29 24 68 69 67
30 24 70 70 68
31 24 69 69 66
32 24 72 71 69
33 24 68 68 65
34 24 72 71 69
35 24 70 70 67
36 24 71 71 69
37 24 71 71 68
38 24 63 63 61
39 24 52 52 50
40 24 50 49 48
41 24 54 52 50
42 24 66 62 58
43 24 71 66 61
44 24 59 54 49
22 25 64 65 63
23 25 73 74 72
24 25 71 72 70
25 25 70 71 69
26 25 72 73 71
27 25 70 71 69
28 25 70 70 68
29 25 69 69 67
30 25 67 67 65
31 25 65 65 63
32 25 64 64 62
33 25 67 66 64
34 25 69 68 66
35 25 71 71 69
36 25 71 71 69
37 25 73 72 70
38 25 71 70 68
39 25 72 70 67
40 25 72 69 65
41 25 60 56 53
42 25 57 53 50
23 26 64 65 63
24 26 64 65 64
25 26 76 76 74
26 26 72 72 70
27 26 72 72 70
28 26 70 70 68
29 26 67 68 65
30 26 52 52 50
31 26 33 33 32
32 26 32 33 31
33 26 36 36 35
34 26 61 61 59
35 26 70 70 68
36 26 73 72 70
37 26 71 69 66
38 26 74 71 67
39 26 67 63 60
40 26 63 58 54
25 27 65 65 63
26 27 81 81 79
27 27 73 74 71
28 27 72 72 70
29 27 60 60 58
30 27 25 25 24
31 27 4 4 4
32 27 3 3 3
33 27 18 19 19
34 27 53 54 53
35 27 70 70 67
36 27 72 69 66
37 27 63 60 56
38 27 63 59 55
27 28 64 65 63
28 28 74 75 72
29 28 63 63 61
30 28 39 40 39
31 28 25 25 25
32 28 29 29 29
33 28 41 41 40
34 28 62 62 59
35 28 70 67 63
36 28 64 61 57
37 28 62 57 53
28 29 65 65 63
29 29 76 77 75
30 29 67 67 66
31 29 63 63 61
32 29 63 62 59
33 29 65 63 59
34 29 59 56 53
35 29 60 58 54
30 30 63 62 60
31 30 69 66 62
32 30 61 58 54
33 30 61 58 54
31 31 45 42 38
