31 0 170 166 158
32 0 182 183 179
29 1 175 174 170
30 1 164 162 157
31 1 183 179 172
32 1 190 190 188
33 1 193 193 190
34 1 183 183 180
28 2 147 148 145
29 2 160 160 157
30 2 169 169 166
31 2 186 183 178
32 2 198 194 192
33 2 200 191 189
34 2 194 189 187
35 2 185 185 182
27 3 160 160 157
28 3 156 157 154
29 3 140 141 138
30 3 148 148 145
31 3 187 184 180
32 3 198 194 192
33 3 205 185 183
34 3 203 182 180
35 3 195 186 184
36 3 187 184 182
26 4 159 159 156
27 4 156 157 154
28 4 131 132 129
29 4 79 80 78
30 4 133 133 130
31 4 188 184 180
32 4 200 196 193
33 4 205 186 184
34 4 207 172 171
35 4 205 174 173
36 4 195 181 179
37 4 186 182 180
24 5 165 165 161
25 5 151 151 148
26 5 163 163 160
27 5 156 156 153
28 5 92 93 91
29 5 102 102 100
30 5 159 158 155
31 5 190 186 182
32 5 200 195 193
33 5 206 181 179
34 5 208 165 166
35 5 208 154 155
36 5 205 161 160
37 5 194 175 172
38 5 182 178 176
23 6 149 149 145
24 6 153 153 150
25 6 163 163 160
26 6 168 168 166
27 6 156 157 154
28 6 126 127 125
29 6 159 159 156
30 6 179 178 175
31 6 191 188 184
32 6 201 197 195
33 6 206 184 183
34 6 207 167 168
35 6 206 161 163
36 6 205 158 158
37 6 200 173 171
38 6 187 181 179
39 6 179 181 178
22 7 140 140 137
23 7 149 149 146
24 7 162 162 159
25 7 167 167 164
26 7 169 170 167
27 7 168 168 166
28 7 167 168 165
29 7 176 176 173
30 7 182 182 179
31 7 190 186 182
32 7 201 196 194
33 7 205 182 180
34 7 206 158 158
35 7 205 169 170
36 7 199 180 179
37 7 193 186 184
38 7 187 186 183
39 7 181 183 180
40 7 175 178 174
41 7 167 169 166
21 8 143 144 141
22 8 141 142 139
23 8 146 147 144
24 8 162 163 160
25 8 167 167 164
26 8 167 168 165
27 8 170 171 168
28 8 175 175 172
29 8 179 178 176
30 8 181 180 177
31 8 190 187 183
32 8 201 196 193
33 8 204 182 180
34 8 205 162 162
35 8 203 170 170
36 8 196 187 186
37 8 188 188 186
38 8 184 186 183
39 8 183 185 182
40 8 179 182 178
41 8 175 177 173
42 8 167 168 165
20 9 136 137 135
21 9 129 130 128
22 9 104 105 103
23 9 122 123 120
24 9 159 160 157
25 9 152 152 150
26 9 142 144 141
27 9 166 167 165
28 9 174 174 171
29 9 171 171 168
30 9 171 171 168
31 9 188 184 180
32 9 201 196 193
33 9 202 180 177
34 9 202 162 162
35 9 201 177 177
36 9 194 188 186
37 9 176 177 175
38 9 169 172 169
39 9 180 182 179
40 9 182 184 181
41 9 178 180 177
42 9 170 171 167
43 9 155 152 145
19 10 136 137 135
20 10 138 140 138
21 10 117 118 116
22 10 69 70 69
23 10 129 130 128
24 10 142 143 140
25 10 89 90 88
26 10 104 106 104
27 10 163 164 162
28 10 162 162 159
29 10 125 126 123
30 10 136 135 133
31 10 183 178 175
32 10 200 195 192
33 10 201 175 172
34 10 200 123 121
35 10 201 155 154
36 10 195 182 181
37 10 165 166 163
38 10 111 114 111
39 10 156 159 156
40 10 181 183 180
41 10 181 182 179
42 10 174 175 171
43 10 162 159 152
19 11 149 151 150
20 11 135 137 134
21 11 94 96 93
22 11 114 115 113
23 11 145 146 143
24 11 112 112 109
25 11 63 64 62
26 11 131 132 129
27 11 161 162 159
28 11 125 125 122
29 11 45 45 44
30 11 128 126 123
31 11 185 180 175
32 11 198 193 188
33 11 200 175 171
34 11 198 121 119
35 11 198 124 123
36 11 197 174 173
37 11 180 179 177
38 11 113 114 112
39 11 102 106 103
40 11 169 172 168
41 11 181 183 180
42 11 177 179 175
43 11 169 167 161
44 11 157 151 141
19 12 154 156 153
20 12 145 146 143
21 12 135 135 132
22 12 148 149 146
23 12 148 148 145
24 12 100 100 97
25 12 119 119 116
26 12 161 161 158
27 12 149 149 146
28 12 61 61 59
29 12 82 82 80
30 12 159 157 154
31 12 186 179 174
32 12 193 188 182
33 12 197 184 180
34 12 198 154 151
35 12 197 117 116
36 12 197 151 149
37 12 192 185 183
38 12 161 162 160
39 12 92 94 92
40 12 150 153 150
41 12 181 183 180
42 12 180 181 178
43 12 172 171 165
44 12 166 160 152
19 13 146 147 144
20 13 156 156 152
21 13 156 155 152
22 13 159 159 156
23 13 154 154 151
24 13 147 147 144
25 13 157 157 154
26 13 169 168 165
27 13 146 146 143
28 13 89 89 86
29 13 143 141 138
30 13 172 169 165
31 13 165 157 150
32 13 168 158 150
33 13 189 183 177
34 13 195 179 175
35 13 196 151 147
36 13 196 138 136
37 13 195 174 172
38 13 186 185 183
39 13 165 166 163
40 13 164 167 164
41 13 181 183 179
42 13 181 183 179
43 13 175 175 169
44 13 169 165 157
19 14 139 139 136
20 14 160 159 156
21 14 159 159 155
22 14 159 159 156
23 14 160 161 158
24 14 164 164 161
25 14 170 169 166
26 14 170 170 166
27 14 165 165 161
28 14 162 161 158
29 14 166 163 159
30 14 151 147 142
31 14 97 91 86
32 14 88 83 77
33 14 154 148 141
34 14 184 180 174
35 14 193 182 177
36 14 195 165 162
37 14 195 158 155
38 14 192 184 182
39 14 188 189 186
40 14 185 186 184
41 14 184 186 183
42 14 183 184 180
43 14 178 177 173
44 14 172 168 160
19 15 143 143 140
20 15 159 159 155
21 15 154 153 150
22 15 145 146 143
23 15 156 156 153
24 15 166 166 163
25 15 169 168 164
26 15 173 172 168
27 15 174 173 169
28 15 166 164 160
29 15 135 132 127
30 15 63 60 56
31 15 37 35 33
32 15 37 35 33
33 15 50 48 45
34 15 136 131 125
35 15 176 173 167
36 15 190 184 180
37 15 193 173 170
38 15 194 176 173
39 15 190 189 186
40 15 189 190 187
41 15 186 188 184
42 15 184 186 182
43 15 181 180 176
44 15 174 170 163
18 16 144 144 142
19 16 148 147 144
20 16 155 154 151
21 16 125 125 122
22 16 98 98 96
23 16 149 148 145
24 16 167 166 162
25 16 172 170 166
26 16 171 169 165
27 16 159 157 152
28 16 122 119 113
29 16 55 53 50
30 16 23 23 21
31 16 9 9 8
32 16 10 9 9
33 16 20 19 18
34 16 43 42 39
35 16 107 103 97
36 16 166 163 156
37 16 187 183 179
38 16 192 183 179
39 16 191 188 184
40 16 189 190 187
41 16 188 189 186
42 16 185 186 183
43 16 182 182 177
44 16 177 172 165
18 17 128 127 124
19 17 148 148 144
20 17 137 136 132
21 17 67 67 64
22 17 88 88 84
23 17 153 152 148
24 17 168 166 162
25 17 168 165 161
26 17 151 149 145
27 17 96 94 90
28 17 61 60 56
29 17 37 37 35
30 17 10 10 10
31 17 1 0 0
33 17 9 9 9
34 17 37 36 35
35 17 56 55 52
36 17 87 85 80
37 17 153 150 143
38 17 182 179 174
39 17 188 187 183
40 17 190 190 187
41 17 188 189 186
42 17 186 187 183
43 17 183 183 179
44 17 178 173 167
45 17 173 162 151
18 18 153 152 149
19 18 147 146 142
20 18 114 113 110
21 18 59 58 55
22 18 131 130 125
23 18 162 160 156
24 18 161 159 155
25 18 133 132 128
26 18 73 72 69
27 18 58 58 55
28 18 56 55 53
29 18 47 46 44
30 18 27 27 26
31 18 18 18 17
32 18 17 17 17
33 18 32 32 31
34 18 49 48 46
35 18 58 57 54
36 18 64 63 59
37 18 68 66 62
38 18 133 130 123
39 18 173 170 165
40 18 187 186 182
41 18 188 189 185
42 18 188 188 185
43 18 185 185 181
44 18 180 176 170
45 18 175 165 155
18 19 159 157 152
19 19 146 144 140
20 19 123 121 116
21 19 124 121 116
22 19 156 154 150
23 19 152 151 148
24 19 114 114 110
25 19 68 68 65
26 19 60 60 57
27 19 59 59 56
28 19 58 58 55
29 19 57 56 54
30 19 50 50 48
31 19 46 46 44
32 19 48 48 46
33 19 54 54 52
34 19 57 57 54
35 19 59 59 55
36 19 57 56 52
37 19 60 58 55
38 19 59 58 54
39 19 104 101 95
40 19 164 161 155
41 19 183 182 177
42 19 186 186 182
43 19 185 185 181
44 19 181 178 172
45 19 176 167 157
18 20 158 155 151
19 20 153 150 145
20 20 153 151 145
21 20 155 153 149
22 20 137 137 134
23 20 81 82 79
24 20 60 60 58
25 20 56 56 54
26 20 59 59 56
27 20 60 60 57
28 20 60 59 57
29 20 59 59 57
30 20 60 59 57
31 20 59 59 57
32 20 59 59 56
33 20 60 60 57
34 20 59 59 56
35 20 58 58 55
36 20 59 58 55
37 20 58 57 54
38 20 59 58 54
39 20 66 64 61
40 20 77 75 71
41 20 146 143 138
42 20 178 175 171
43 20 183 182 178
44 20 180 177 171
45 20 175 166 157
18 21 144 141 137
19 21 156 153 149
20 21 152 152 149
21 21 124 126 123
22 21 61 62 59
23 21 33 33 31
24 21 31 31 30
25 21 35 35 34
26 21 50 51 49
27 21 59 59 57
28 21 60 60 58
29 21 61 60 58
30 21 61 60 58
31 21 61 60 58
32 21 60 60 58
33 21 60 59 57
34 21 59 59 56
35 21 59 59 56
36 21 58 58 56
37 21 54 53 51
38 21 45 44 41
39 21 37 36 34
40 21 34 33 32
41 21 44 43 41
42 21 124 121 116
43 21 165 162 156
44 21 176 171 164
45 21 172 161 151
18 22 134 134 131
19 22 139 140 137
20 22 99 100 98
21 22 58 59 57
22 22 25 26 25
23 22 5 5 5
24 22 4 4 4
25 22 9 10 10
26 22 37 38 37
27 22 57 58 56
28 22 61 61 59
29 22 61 61 59
30 22 61 60 58
31 22 60 60 58
32 22 61 60 58
33 22 60 60 58
34 22 60 60 58
35 22 60 60 58
36 22 58 57 55
37 22 48 47 45
38 22 20 20 18
39 22 8 7 7
40 22 4 4 4
41 22 16 15 15
42 22 52 51 49
43 22 101 97 92
44 22 153 143 134
45 22 166 151 140
18 23 94 91 87
19 23 81 83 81
20 23 63 64 62
21 23 57 58 56
22 23 33 34 33
23 23 15 15 15
24 23 12 13 12
25 23 23 24 24
26 23 45 46 46
27 23 59 59 58
28 23 61 61 60
29 23 61 61 59
30 23 61 61 59
31 23 61 61 59
32 23 61 60 58
33 23 60 60 58
34 23 61 61 59
35 23 61 61 59
36 23 60 60 58
37 23 47 46 44
38 23 22 22 21
39 23 9 9 9
40 23 8 8 8
41 23 21 21 20
42 23 48 47 45
43 23 65 62 58
44 23 75 66 60
45 23 150 131 118
20 24 62 63 61
21 24 61 62 60
22 24 55 56 55
23 24 48 49 48
24 24 46 47 46
25 24 52 53 52
26 24 57 58 57
27 24 62 62 60
28 24 62 62 60
29 24 61 62 60
30 24 62 62 60
31 24 62 62 59
32 24 62 61 59
33 24 61 61 59
34 24 62 61 59
35 24 63 63 61
36 24 61 61 59
37 24 57 57 55
38 24 48 48 46
39 24 42 42 40
40 24 41 40 39
41 24 50 48 45
42 24 57 53 50
43 24 58 54 50
44 24 59 52 47
22 25 63 64 62
23 25 62 63 61
24 25 62 63 61
25 25 63 64 62
26 25 63 64 62
27 25 63 63 61
28 25 62 63 61
29 25 61 62 60
30 25 59 59 57
31 25 56 56 54
32 25 56 56 54
33 25 58 58 56
34 25 62 62 60
35 25 62 62 60
36 25 63 63 61
37 25 62 62 60
38 25 61 60 58
39 25 61 59 57
40 25 59 56 53
41 25 57 54 50
42 25 59 55 51
23 26 63 64 63
24 26 64 65 63
25 26 64 64 63
26 26 64 64 62
27 26 63 64 62
28 26 62 63 61
29 26 57 57 55
30 26 39 40 38
31 26 27 27 26
32 26 29 29 28
33 26 37 37 36
34 26 56 56 54
35 26 63 62 60
36 26 63 63 61
37 26 63 62 60
38 26 62 60 57
39 26 62 59 55
40 26 61 57 53
25 27 64 65 63
26 27 64 65 63
27 27 65 65 63
28 27 63 64 62
29 27 50 50 49
30 27 18 19 18
31 27 3 3 3
32 27 4 4 4
33 27 19 20 19
34 27 50 51 49
35 27 62 61 59
36 27 63 62 59
37 27 63 60 56
38 27 63 59 55
27 28 64 65 63
28 28 64 64 62
29 28 56 57 55
30 28 37 37 36
31 28 24 24 24
32 28 26 27 26
33 28 36 36 35
34 28 54 54 52
35 28 61 59 56
36 28 62 58 55
37 28 62 58 54
28 29 64 65 63
29 29 63 64 62
30 29 60 60 59
31 29 57 56 55
32 29 57 56 53
33 29 56 55 52
34 29 59 57 54
35 29 60 58 55
30 30 63 62 60
31 30 59 57 54
32 30 60 57 53
33 30 61 57 52
32 31 49 45 41
