31 0 181 176 168
32 0 176 169 159
33 0 172 169 165
30 1 184 183 180
31 1 186 185 180
32 1 189 184 177
33 1 186 182 178
34 1 185 181 178
28 2 181 182 179
29 2 182 183 180
30 2 183 183 181
31 2 185 186 182
32 2 193 190 185
33 2 194 187 182
34 2 195 186 183
35 2 180 176 173
27 3 178 179 176
28 3 179 180 177
29 3 170 171 169
30 3 144 145 143
31 3 158 159 156
32 3 190 188 185
33 3 196 189 184
34 3 199 185 183
35 3 195 181 178
25 4 176 177 174
26 4 180 181 178
27 4 181 182 179
28 4 166 167 165
29 4 109 110 108
30 4 41 42 41
31 4 124 125 122
32 4 186 186 183
33 4 197 192 188
34 4 201 185 182
35 4 202 176 174
36 4 192 176 174
24 5 175 176 173
25 5 178 179 176
26 5 184 184 182
27 5 183 183 181
28 5 148 149 147
29 5 48 49 47
30 5 95 96 93
31 5 161 161 159
32 5 190 189 187
33 5 196 193 189
34 5 200 188 185
35 5 205 174 173
36 5 199 173 171
37 5 186 174 171
22 6 171 171 169
23 6 175 176 173
24 6 180 180 178
25 6 184 184 181
26 6 184 185 183
27 6 184 184 182
28 6 163 164 161
29 6 136 136 134
30 6 169 169 167
31 6 188 188 186
32 6 194 194 192
33 6 196 194 191
34 6 199 191 187
35 6 204 180 179
36 6 202 170 169
37 6 191 173 171
38 6 174 172 169
21 7 168 169 167
22 7 172 173 171
23 7 177 178 175
24 7 182 182 180
25 7 183 184 181
26 7 184 184 182
27 7 185 185 183
28 7 183 184 181
29 7 182 182 180
30 7 189 190 187
31 7 193 193 190
32 7 195 194 192
33 7 196 195 192
34 7 199 194 189
35 7 202 184 181
36 7 202 173 172
37 7 193 178 176
38 7 179 177 174
39 7 169 170 167
19 8 165 166 164
20 8 167 169 167
21 8 163 164 162
22 8 157 159 157
23 8 167 169 166
24 8 181 182 179
25 8 182 183 180
26 8 181 182 179
27 8 182 182 180
28 8 185 186 184
29 8 188 189 186
30 8 191 192 189
31 8 192 192 190
32 8 194 194 192
33 8 196 196 193
34 8 199 195 191
35 8 200 187 183
36 8 203 173 172
37 8 194 179 177
38 8 180 179 176
39 8 173 174 171
40 8 164 164 160
18 9 160 162 160
19 9 168 169 168
20 9 159 161 158
21 9 118 120 118
22 9 79 81 79
23 9 139 141 138
24 9 177 178 175
25 9 176 177 174
26 9 155 156 153
27 9 146 147 145
28 9 172 173 171
29 9 188 189 186
30 9 191 191 188
31 9 189 189 187
32 9 185 185 183
33 9 187 187 185
34 9 194 192 189
35 9 200 191 186
36 9 201 176 174
37 9 195 176 175
38 9 176 171 169
39 9 172 174 170
40 9 166 166 161
41 9 149 146 139
18 10 166 169 168
19 10 169 171 170
20 10 135 137 135
21 10 44 45 44
22 10 77 79 77
23 10 152 153 151
24 10 172 173 170
25 10 143 144 141
26 10 71 72 70
27 10 53 54 53
28 10 152 153 151
29 10 186 187 185
30 10 184 184 181
31 10 159 160 157
32 10 124 125 122
33 10 143 144 142
34 10 181 179 177
35 10 198 191 187
36 10 200 176 172
37 10 198 163 161
38 10 175 162 160
39 10 157 159 155
40 10 169 170 166
41 10 159 157 151
18 11 174 177 176
19 11 166 168 166
20 11 117 118 116
21 11 83 84 83
22 11 137 139 137
23 11 171 172 170
24 11 168 168 165
25 11 104 105 102
26 11 25 25 24
27 11 94 96 93
28 11 163 164 162
29 11 184 185 182
30 11 166 166 163
31 11 93 93 91
32 11 23 23 22
33 11 106 105 103
34 11 179 177 174
35 11 197 191 187
36 11 197 182 177
37 11 199 155 152
38 11 188 158 156
39 11 147 143 140
40 11 164 165 161
41 11 165 164 159
42 11 155 151 143
18 12 175 177 176
19 12 173 174 172
20 12 161 161 158
21 12 156 156 154
22 12 168 168 166
23 12 176 176 174
24 12 164 164 161
25 12 114 114 111
26 12 98 97 94
27 12 151 151 148
28 12 181 181 178
29 12 182 182 180
30 12 137 137 134
31 12 37 37 36
32 12 49 49 48
33 12 139 138 136
34 12 187 186 183
35 12 196 191 186
36 12 193 181 174
37 12 195 167 162
38 12 195 154 152
39 12 172 158 156
40 12 151 152 148
41 12 168 169 164
42 12 163 160 154
18 13 179 182 180
19 13 177 178 176
20 13 175 175 171
21 13 174 173 170
22 13 176 176 173
23 13 176 177 174
24 13 174 174 171
25 13 165 165 162
26 13 164 164 161
27 13 178 178 175
28 13 186 185 182
29 13 184 184 181
30 13 149 149 145
31 13 101 100 97
32 13 128 128 125
33 13 174 173 170
34 13 191 189 185
35 13 186 179 174
36 13 171 160 152
37 13 182 167 160
38 13 192 158 154
39 13 191 167 164
40 13 169 166 163
41 13 168 169 165
42 13 168 166 160
43 13 158 154 146
18 14 180 182 181
19 14 177 177 175
20 14 177 177 174
21 14 176 175 172
22 14 176 176 173
23 14 176 176 173
24 14 176 176 174
25 14 178 179 176
26 14 180 180 177
27 14 183 183 180
28 14 187 187 184
29 14 187 187 183
30 14 181 180 177
31 14 175 174 171
32 14 181 179 176
33 14 185 183 179
34 14 174 169 165
35 14 138 131 125
36 14 94 88 83
37 14 154 147 139
38 14 183 167 161
39 14 191 165 162
40 14 187 178 175
41 14 177 178 174
42 14 171 171 165
43 14 164 161 153
18 15 181 183 181
19 15 176 177 175
20 15 178 178 174
21 15 175 175 171
22 15 169 169 166
23 15 161 162 159
24 15 162 163 160
25 15 176 176 174
26 15 182 181 178
27 15 184 184 180
28 15 186 185 182
29 15 188 187 183
30 15 188 187 183
31 15 189 188 184
32 15 180 178 174
33 15 151 147 142
34 15 91 87 82
35 15 60 57 54
36 15 58 56 52
37 15 87 83 78
38 15 157 151 145
39 15 182 168 163
40 15 188 174 171
41 15 184 183 180
42 15 177 177 173
43 15 170 167 161
18 16 180 182 181
19 16 175 176 174
20 16 178 177 174
21 16 171 170 167
22 16 143 143 139
23 16 99 100 97
24 16 113 113 111
25 16 169 169 166
26 16 181 180 177
27 16 185 183 180
28 16 187 185 181
29 16 187 185 182
30 16 185 182 178
31 16 169 166 161
32 16 128 125 120
33 16 70 68 64
34 16 30 29 27
35 16 18 17 16
36 16 20 20 18
37 16 54 52 49
38 16 96 93 88
39 16 157 152 145
40 16 181 171 166
41 16 185 181 178
42 16 181 182 178
43 16 174 172 167
44 16 169 163 155
19 17 173 174 171
20 17 176 175 172
21 17 154 153 150
22 17 85 84 82
23 17 25 26 24
24 17 97 97 94
25 17 167 166 162
26 17 182 181 177
27 17 184 182 178
28 17 186 184 180
29 17 178 175 172
30 17 147 145 141
31 17 102 100 95
32 17 70 69 65
33 17 27 26 25
34 17 3 3 3
35 17 1 1 1
36 17 15 15 15
37 17 54 53 51
38 17 84 82 78
39 17 104 101 95
40 17 157 152 146
41 17 179 175 170
42 17 181 180 176
43 17 178 176 171
44 17 171 165 158
19 18 174 174 171
20 18 172 172 168
21 18 141 140 137
22 18 43 42 40
23 18 53 52 50
24 18 139 138 134
25 18 175 173 169
26 18 182 180 175
27 18 179 177 173
28 18 159 157 153
29 18 121 119 115
30 18 95 94 91
31 18 87 86 83
32 18 71 70 68
33 18 37 37 35
34 18 23 23 22
35 18 32 32 31
36 18 47 47 45
37 18 73 73 70
38 18 85 84 79
39 18 87 85 80
40 18 103 100 95
41 18 155 151 145
42 18 178 176 171
43 18 179 179 175
44 18 173 169 163
19 19 173 172 168
20 19 171 170 166
21 19 153 151 146
22 19 109 107 102
23 19 132 130 125
24 19 165 163 158
25 19 177 176 171
26 19 171 171 167
27 19 137 137 134
28 19 101 100 97
29 19 94 93 90
30 19 87 87 83
31 19 87 87 84
32 19 82 82 79
33 19 70 70 68
34 19 65 65 63
35 19 71 71 69
36 19 77 76 73
37 19 81 80 77
38 19 83 82 78
39 19 88 86 81
40 19 83 81 77
41 19 100 97 92
42 19 154 151 145
43 19 175 173 168
44 19 172 169 163
45 19 168 159 151
19 20 169 167 163
20 20 174 172 167
21 20 170 168 163
22 20 164 161 156
23 20 171 169 165
24 20 172 171 168
25 20 146 146 143
26 20 106 106 103
27 20 85 85 81
28 20 90 90 87
29 20 89 89 86
30 20 89 89 86
31 20 89 89 86
32 20 88 88 85
33 20 86 86 83
34 20 86 85 83
35 20 86 86 83
36 20 86 86 83
37 20 83 82 79
38 20 84 83 79
39 20 85 84 80
40 20 80 79 75
41 20 77 76 72
42 20 99 97 92
43 20 152 149 143
44 20 170 166 160
45 20 165 157 149
19 21 174 171 168
20 21 171 169 165
21 21 175 173 169
22 21 172 171 166
23 21 158 158 154
24 21 120 121 118
25 21 72 72 70
26 21 58 58 56
27 21 61 61 59
28 21 79 79 77
29 21 88 88 85
30 21 89 89 86
31 21 90 89 86
32 21 88 87 85
33 21 88 87 85
34 21 87 87 84
35 21 89 88 86
36 21 88 88 85
37 21 86 86 83
38 21 83 83 80
39 21 70 69 66
40 21 53 52 49
41 21 44 43 41
42 21 48 47 45
43 21 92 90 86
44 21 148 144 138
45 21 163 154 146
46 21 150 136 126
19 22 163 160 156
20 22 166 165 161
21 22 167 167 164
22 22 138 140 137
23 22 90 92 89
24 22 43 43 41
25 22 16 16 16
26 22 14 14 14
27 22 21 22 21
28 22 66 67 65
29 22 87 88 86
30 22 90 90 87
31 22 89 89 86
32 22 90 90 87
33 22 86 85 82
34 22 86 85 83
35 22 88 87 85
36 22 89 88 85
37 22 89 89 86
38 22 75 74 71
39 22 43 42 39
40 22 15 15 14
41 22 7 6 6
42 22 19 19 18
43 22 65 64 62
44 22 97 92 87
45 22 141 129 120
46 22 161 145 134
20 23 137 138 135
21 23 118 120 118
22 23 90 91 88
23 23 69 70 68
24 23 24 24 24
25 23 9 10 10
26 23 15 16 16
27 23 36 37 37
28 23 73 74 73
29 23 86 87 84
30 23 88 88 85
31 23 88 87 85
32 23 88 87 85
33 23 87 87 84
34 23 88 87 85
35 23 87 87 84
36 23 86 85 83
37 23 86 86 83
38 23 71 70 68
39 23 34 33 32
40 23 15 15 15
41 23 23 22 21
42 23 47 45 43
43 23 76 73 69
44 23 74 69 64
45 23 92 81 73
21 24 128 129 126
22 24 101 102 100
23 24 81 82 80
24 24 59 60 59
25 24 56 57 56
26 24 58 60 59
27 24 71 73 72
28 24 84 85 83
29 24 87 88 85
30 24 88 88 86
31 24 88 88 86
32 24 88 88 85
33 24 88 87 85
34 24 87 87 84
35 24 88 88 85
36 24 88 87 85
37 24 87 87 84
38 24 82 81 79
39 24 68 68 66
40 24 61 60 58
41 24 66 63 60
42 24 74 70 66
43 24 83 78 73
44 24 59 53 49
22 25 64 65 63
23 25 103 105 103
24 25 90 91 89
25 25 84 85 83
26 25 86 87 85
27 25 87 88 85
28 25 87 88 85
29 25 87 88 85
30 25 87 87 85
31 25 83 84 81
32 25 83 83 80
33 25 83 82 80
34 25 87 87 84
35 25 88 88 85
36 25 87 87 84
37 25 86 86 83
38 25 87 86 84
39 25 88 85 82
40 25 84 80 76
41 25 90 85 80
42 25 58 54 50
24 26 124 125 123
25 26 98 99 96
26 26 89 90 88
27 26 89 89 87
28 26 88 89 86
29 26 87 88 85
30 26 74 74 72
31 26 55 55 53
32 26 47 48 46
33 26 48 48 46
34 26 72 72 70
35 26 85 85 82
36 26 86 85 83
37 26 86 85 82
38 26 89 86 82
39 26 95 90 85
40 26 62 58 54
25 27 138 139 137
26 27 100 101 98
27 27 91 91 89
28 27 88 88 86
29 27 79 80 78
30 27 44 44 42
31 27 11 11 11
32 27 6 6 6
33 27 22 22 22
34 27 65 66 64
35 27 83 83 80
36 27 88 86 82
37 27 90 86 82
38 27 119 112 105
27 28 108 108 106
28 28 94 94 92
29 28 79 79 77
30 28 46 46 45
31 28 29 29 29
32 28 34 35 34
33 28 51 51 50
34 28 75 75 72
35 28 83 80 77
36 28 97 92 86
28 29 142 142 140
29 29 99 100 97
30 29 78 78 76
31 29 73 72 70
32 29 74 73 69
33 29 77 75 71
34 29 88 85 81
35 29 61 57 53
30 30 93 92 89
31 30 84 81 77
32 30 93 89 83
33 30 61 57 53
