33 0 148 134 127
31 1 157 148 139
32 1 162 155 148
33 1 169 162 156
34 1 179 173 168
29 2 155 147 137
30 2 164 157 149
31 2 169 163 155
32 2 174 169 163
33 2 179 176 170
34 2 184 181 177
35 2 189 185 182
28 3 164 158 151
29 3 168 162 155
30 3 172 168 161
31 3 176 173 166
32 3 178 175 169
33 3 182 179 174
34 3 188 187 183
35 3 193 192 190
36 3 196 194 193
26 4 165 159 152
27 4 168 163 156
28 4 173 169 163
29 4 177 174 168
30 4 179 176 170
31 4 179 177 172
32 4 182 180 175
33 4 184 183 178
34 4 189 188 184
35 4 196 196 193
36 4 198 198 196
37 4 198 199 197
24 5 165 159 152
25 5 169 165 158
26 5 173 170 164
27 5 176 174 168
28 5 179 177 172
29 5 181 180 175
30 5 182 181 176
31 5 184 183 178
32 5 185 184 180
33 5 187 187 183
34 5 191 190 187
35 5 195 195 192
36 5 200 200 198
37 5 200 201 200
38 5 200 201 201
22 6 159 154 146
23 6 168 164 157
24 6 172 169 163
25 6 176 174 169
26 6 178 177 172
27 6 180 179 175
28 6 182 182 178
29 6 184 183 180
30 6 186 185 182
31 6 187 187 184
32 6 189 188 185
33 6 191 191 187
34 6 192 192 189
35 6 195 195 192
36 6 199 199 196
37 6 202 203 202
38 6 203 204 203
39 6 203 205 204
21 7 164 159 153
22 7 166 163 157
23 7 169 167 162
24 7 175 174 170
25 7 179 178 174
26 7 181 181 177
27 7 181 181 178
28 7 178 178 175
29 7 174 174 171
30 7 183 183 181
31 7 190 190 187
32 7 191 192 189
33 7 191 192 189
34 7 186 187 184
35 7 179 179 176
36 7 182 182 179
37 7 199 200 198
38 7 205 206 205
39 7 205 207 206
40 7 203 205 205
19 8 163 156 149
20 8 165 161 155
21 8 157 154 150
22 8 142 141 136
23 8 133 132 128
24 8 161 160 157
25 8 180 180 177
26 8 178 178 175
27 8 159 160 156
28 8 124 125 122
29 8 104 104 102
30 8 158 159 156
31 8 189 189 187
32 8 190 191 188
33 8 172 173 171
34 8 131 132 130
35 8 88 89 86
36 8 111 112 109
37 8 184 186 183
38 8 205 206 204
39 8 207 209 208
40 8 203 205 205
17 9 156 138 126
18 9 167 155 146
19 9 169 164 158
20 9 158 156 152
21 9 108 107 104
22 9 51 51 49
23 9 86 86 83
24 9 160 161 158
25 9 180 181 178
26 9 161 162 159
27 9 88 89 86
28 9 31 32 31
29 9 91 92 90
30 9 165 166 163
31 9 190 191 189
32 9 182 184 182
33 9 123 125 123
34 9 33 34 33
35 9 62 64 63
36 9 144 146 144
37 9 192 193 192
38 9 205 206 204
39 9 204 206 205
40 9 201 203 203
41 9 204 207 207
17 10 178 162 151
18 10 174 164 155
19 10 173 169 163
20 10 141 140 137
21 10 79 79 77
22 10 100 100 98
23 10 152 152 149
24 10 179 179 177
25 10 183 183 180
26 10 161 162 160
27 10 115 117 114
28 10 132 134 132
29 10 170 172 169
30 10 190 191 188
31 10 195 196 194
32 10 185 186 185
33 10 156 158 157
34 10 140 142 140
35 10 167 168 167
36 10 191 192 191
37 10 200 201 200
38 10 202 203 201
39 10 199 199 198
40 10 196 198 197
41 10 204 207 207
18 11 179 171 163
19 11 178 174 168
20 11 168 167 164
21 11 163 163 160
22 11 172 172 169
23 11 183 183 181
24 11 186 186 184
25 11 187 187 185
26 11 184 185 182
27 11 181 182 179
28 11 186 187 184
29 11 193 194 192
30 11 196 196 194
31 11 198 199 197
32 11 197 198 196
33 11 196 197 195
34 11 196 197 195
35 11 199 200 198
36 11 199 200 198
37 11 191 192 190
38 11 178 179 177
39 11 177 178 176
40 11 191 192 190
41 11 197 199 199
42 11 205 207 207
19 12 182 176 170
20 12 184 182 178
21 12 186 185 182
22 12 187 186 183
23 12 189 189 186
24 12 190 189 186
25 12 190 190 188
26 12 191 192 189
27 12 193 193 191
28 12 194 195 192
29 12 197 197 195
30 12 198 199 196
31 12 199 200 198
32 12 201 202 199
33 12 201 202 200
34 12 201 202 200
35 12 195 196 194
36 12 172 174 172
37 12 121 123 120
38 12 84 85 82
39 12 123 124 121
40 12 179 179 176
41 12 192 193 192
42 12 203 205 204
19 13 185 178 170
20 13 187 182 177
21 13 188 186 183
22 13 189 189 186
23 13 190 190 187
24 13 191 191 188
25 13 191 191 189
26 13 193 193 191
27 13 195 196 193
28 13 196 197 194
29 13 198 199 196
30 13 199 200 198
31 13 201 201 199
32 13 199 200 198
33 13 197 198 196
34 13 191 192 190
35 13 170 172 170
36 13 94 96 95
37 13 19 20 19
38 13 7 7 7
39 13 56 55 54
40 13 162 162 159
41 13 186 187 185
42 13 197 199 197
20 14 188 183 176
21 14 190 187 183
22 14 190 190 186
23 14 192 191 189
24 14 193 193 190
25 14 194 195 192
26 14 195 195 192
27 14 196 197 194
28 14 199 199 197
29 14 199 200 198
30 14 199 199 197
31 14 196 197 195
32 14 186 186 184
33 14 171 172 170
34 14 172 174 172
35 14 162 164 163
36 14 64 67 66
37 14 2 2 2
38 14 12 12 11
39 14 86 86 83
40 14 162 161 158
41 14 182 182 178
42 14 189 190 188
43 14 199 200 198
20 15 189 182 174
21 15 190 186 181
22 15 191 190 186
23 15 192 192 190
24 15 194 194 191
25 15 195 195 193
26 15 197 197 194
27 15 198 198 196
28 15 198 198 196
29 15 197 197 195
30 15 189 190 187
31 15 160 161 158
32 15 107 109 106
33 15 87 88 86
34 15 115 117 116
35 15 158 161 161
36 15 112 115 115
37 15 52 53 52
38 15 94 94 92
39 15 146 147 143
40 15 175 175 171
41 15 179 178 175
42 15 182 182 179
43 15 194 195 193
21 16 191 185 178
22 16 192 190 185
23 16 194 194 190
24 16 196 196 193
25 16 197 197 194
26 16 197 197 195
27 16 196 196 194
28 16 192 193 191
29 16 185 186 184
30 16 156 157 155
31 16 72 73 71
32 16 14 14 14
33 16 8 8 8
34 16 56 57 56
35 16 152 155 154
36 16 161 163 161
37 16 152 152 150
38 16 160 160 157
39 16 170 170 167
40 16 175 174 171
41 16 176 176 171
42 16 176 176 172
43 16 183 183 180
44 16 191 191 188
21 17 191 184 175
22 17 192 188 181
23 17 194 193 189
24 17 195 195 191
25 17 194 194 191
26 17 191 191 189
27 17 179 180 177
28 17 169 170 167
29 17 168 170 168
30 17 144 147 145
31 17 44 46 45
33 17 16 16 15
34 17 96 97 94
35 17 161 162 159
36 17 175 175 172
37 17 175 175 172
38 17 174 174 170
39 17 173 173 169
40 17 173 172 168
41 17 171 170 165
42 17 170 169 164
43 17 174 173 169
44 17 187 186 182
22 18 188 181 172
23 18 189 185 178
24 18 191 190 186
25 18 181 181 178
26 18 150 151 148
27 18 95 97 94
28 18 87 88 85
29 18 110 113 111
30 18 140 144 142
31 18 99 102 100
32 18 56 57 55
33 18 99 100 98
34 18 149 150 147
35 18 172 172 169
36 18 175 175 171
37 18 174 173 170
38 18 172 172 168
39 18 171 170 166
40 18 170 168 164
41 18 167 165 160
42 18 167 165 159
43 18 168 167 161
44 18 178 177 172
22 19 179 171 160
23 19 187 182 173
24 19 179 178 173
25 19 142 142 139
26 19 54 55 53
27 19 6 6 6
28 19 8 8 7
29 19 58 59 58
30 19 147 149 147
31 19 158 160 157
32 19 152 153 150
33 19 160 160 157
34 19 170 170 166
35 19 173 173 170
36 19 172 171 168
37 19 170 170 166
38 19 169 169 165
39 19 166 166 161
40 19 157 156 151
41 19 143 142 136
42 19 134 132 126
43 19 156 153 148
44 19 167 165 160
45 19 180 178 174
23 20 189 183 174
24 20 174 172 166
25 20 130 130 127
26 20 34 34 33
27 20 1 1 1
28 20 20 20 19
29 20 101 102 100
30 20 161 162 159
31 20 173 173 170
32 20 173 173 170
33 20 174 173 170
34 20 173 173 170
35 20 172 171 168
36 20 170 170 166
37 20 168 168 164
38 20 166 166 162
39 20 153 153 149
40 20 110 110 105
41 20 58 58 54
42 20 51 49 46
43 20 133 131 125
44 20 159 157 152
45 20 172 169 164
23 21 187 181 172
24 21 178 173 166
25 21 143 142 138
26 21 92 92 90
27 21 63 63 62
28 21 104 105 102
29 21 150 150 147
30 21 170 170 167
31 21 173 173 170
32 21 172 172 168
33 21 172 171 168
34 21 170 170 166
35 21 169 169 165
36 21 165 165 161
37 21 162 162 158
38 21 158 158 154
39 21 115 115 111
40 21 28 28 27
41 21 1 1 1
42 21 25 24 22
43 21 114 111 106
44 21 150 147 141
45 21 157 153 147
46 21 159 153 146
24 22 182 176 167
25 22 173 170 164
26 22 159 159 156
27 22 155 155 152
28 22 161 161 158
29 22 169 169 166
30 22 172 171 168
31 22 171 171 168
32 22 171 171 167
33 22 168 168 165
34 22 165 165 162
35 22 155 155 151
36 22 138 138 135
37 22 121 121 117
38 22 135 136 132
39 22 115 115 111
40 22 28 28 26
41 22 19 19 18
42 22 84 82 77
43 22 130 127 120
44 22 142 138 131
45 22 134 127 119
46 22 151 143 135
25 23 183 178 171
26 23 172 170 166
27 23 171 170 167
28 23 172 171 168
29 23 172 171 168
30 23 171 170 167
31 23 170 169 166
32 23 168 168 165
33 23 166 166 162
34 23 156 156 152
35 23 108 109 105
36 23 52 52 50
37 23 27 27 26
38 23 93 93 90
39 23 135 135 131
40 23 104 103 99
41 23 111 108 103
42 23 132 128 122
43 23 139 134 128
44 23 129 124 117
45 23 101 94 87
25 24 186 180 172
26 24 180 175 169
27 24 170 169 165
28 24 170 169 166
29 24 169 169 166
30 24 168 167 164
31 24 166 166 163
32 24 164 164 160
33 24 160 160 157
34 24 132 132 129
35 24 34 34 33
37 24 15 15 14
38 24 96 95 91
39 24 145 143 139
40 24 144 142 136
41 24 139 135 130
42 24 128 122 116
43 24 99 94 87
44 24 41 38 34
26 25 182 176 169
27 25 171 168 162
28 25 168 167 164
29 25 166 166 163
30 25 154 154 150
31 25 138 138 135
32 25 127 127 123
33 25 133 133 130
34 25 135 136 133
35 25 65 66 64
36 25 31 31 30
37 25 77 76 72
38 25 132 131 125
39 25 147 145 139
40 25 138 135 128
41 25 120 115 109
42 25 45 42 39
26 26 181 174 165
27 26 177 171 165
28 26 166 163 159
29 26 157 157 154
30 26 107 108 105
31 26 46 46 45
32 26 33 32 30
33 26 71 70 67
34 26 139 139 136
35 26 129 128 125
36 26 120 118 114
37 26 137 135 130
38 26 139 135 130
39 26 130 126 120
40 26 48 46 42
27 27 173 167 159
28 27 168 164 158
29 27 133 131 128
30 27 37 37 36
32 27 10 9 9
33 27 94 93 90
34 27 149 147 144
35 27 151 149 145
36 27 147 144 139
37 27 134 131 125
38 27 98 94 89
28 28 166 158 150
29 28 117 112 106
30 28 58 56 54
31 28 32 31 29
32 28 81 80 77
33 28 133 132 128
34 28 148 145 141
35 28 141 138 133
36 28 119 115 109
37 28 48 46 43
28 29 168 159 149
29 29 154 146 137
30 29 135 131 126
31 29 128 126 120
32 29 141 138 133
33 29 144 141 135
34 29 132 128 122
35 29 55 52 49
29 30 166 155 146
30 30 153 145 137
31 30 147 141 134
32 30 131 127 121
33 30 97 93 88
30 31 149 134 122
31 31 118 108 100
32 31 49 45 41
