30 0 156 145 139
29 1 167 159 155
30 1 165 156 150
31 1 173 168 162
28 2 87 81 78
29 2 158 151 143
30 2 173 167 160
31 2 176 171 166
32 2 178 174 169
33 2 178 174 171
28 3 106 98 92
29 3 174 168 161
30 3 179 175 168
31 3 179 176 170
32 3 177 174 168
33 3 177 174 170
34 3 180 177 174
27 4 58 51 50
28 4 146 138 132
29 4 184 179 173
30 4 185 182 177
31 4 183 181 175
32 4 181 178 173
33 4 178 176 171
34 4 179 177 172
35 4 181 180 177
36 4 182 181 179
26 5 62 53 52
27 5 90 83 80
28 5 172 166 160
29 5 189 186 181
30 5 189 187 182
31 5 188 186 182
32 5 185 183 179
33 5 182 181 176
34 5 181 180 175
35 5 180 179 175
36 5 181 180 177
37 5 180 180 178
38 5 179 180 178
26 6 60 50 49
27 6 138 130 126
28 6 187 183 178
29 6 191 189 185
30 6 190 189 185
31 6 190 189 185
32 6 189 188 184
33 6 187 187 183
34 6 184 184 180
35 6 182 182 178
36 6 181 180 177
37 6 180 180 177
38 6 179 179 177
39 6 179 180 178
25 7 60 53 52
26 7 81 70 69
27 7 164 157 150
28 7 191 187 182
29 7 183 182 179
30 7 171 170 166
31 7 176 175 171
32 7 186 186 182
33 7 189 189 186
34 7 185 185 182
35 7 179 179 176
36 7 180 180 177
37 7 182 182 179
38 7 179 180 177
39 7 177 177 174
40 7 174 175 174
41 7 175 176 175
24 8 60 51 50
25 8 58 50 48
26 8 109 99 94
27 8 182 173 165
28 8 194 189 183
29 8 183 182 179
30 8 126 126 123
31 8 88 88 85
32 8 149 149 146
33 8 184 184 181
34 8 182 183 180
35 8 145 146 143
36 8 139 140 137
37 8 170 171 168
38 8 179 179 177
39 8 168 169 166
40 8 156 157 154
41 8 163 165 163
42 8 171 173 172
43 8 173 174 173
24 9 58 49 48
25 9 89 80 78
26 9 127 122 114
27 9 167 161 152
28 9 193 188 182
29 9 196 192 188
30 9 169 166 162
31 9 95 94 92
32 9 76 76 74
33 9 156 156 153
34 9 185 185 183
35 9 162 162 159
36 9 92 93 91
37 9 106 106 104
38 9 162 163 161
39 9 168 169 167
40 9 119 121 119
41 9 114 115 113
42 9 155 157 155
43 9 171 173 172
44 9 169 170 169
23 10 57 49 48
24 10 72 61 59
25 10 109 102 97
26 10 138 134 126
27 10 127 125 120
28 10 150 150 146
29 10 183 181 178
30 10 193 190 186
31 10 179 176 171
32 10 150 148 145
33 10 154 155 152
34 10 189 189 186
35 10 191 191 188
36 10 168 169 167
37 10 127 128 126
38 10 149 150 148
39 10 182 183 181
40 10 165 167 165
41 10 112 114 112
42 10 118 120 118
43 10 165 166 165
44 10 171 172 171
22 11 58 49 48
23 11 57 50 49
24 11 88 78 75
25 11 126 122 116
26 11 119 118 114
27 11 105 105 102
28 11 99 99 97
29 11 111 111 109
30 11 157 157 154
31 11 189 188 184
32 11 196 194 190
33 11 194 192 188
34 11 196 196 193
35 11 196 196 194
36 11 194 194 192
37 11 187 187 184
38 11 183 184 181
39 11 189 190 187
40 11 188 189 186
41 11 176 177 175
42 11 161 162 160
43 11 168 169 168
44 11 173 174 172
22 12 71 61 59
23 12 81 71 69
24 12 115 110 104
25 12 129 126 121
26 12 95 95 93
27 12 46 46 45
28 12 33 34 33
29 12 44 45 43
30 12 97 98 96
31 12 127 127 124
32 12 172 172 169
33 12 195 193 190
34 12 201 199 195
35 12 200 199 196
36 12 199 198 195
37 12 198 198 195
38 12 195 195 192
39 12 195 195 192
40 12 192 193 190
41 12 191 192 190
42 12 188 189 186
43 12 184 185 183
44 12 183 183 181
21 13 55 50 49
22 13 67 59 57
23 13 100 94 89
24 13 128 125 119
25 13 111 111 108
26 13 53 54 53
27 13 5 6 6
28 13 1 1 1
29 13 7 7 7
30 13 56 56 55
31 13 114 115 113
32 13 127 128 125
33 13 147 148 145
34 13 180 180 176
35 13 197 195 191
36 13 200 198 194
37 13 199 198 195
38 13 198 198 195
39 13 197 197 194
40 13 195 195 193
41 13 193 194 191
42 13 192 193 190
43 13 190 191 188
44 13 188 188 186
21 14 53 47 45
22 14 77 69 66
23 14 122 118 112
24 14 121 119 115
25 14 109 110 107
26 14 68 68 67
27 14 22 22 22
28 14 2 2 2
29 14 4 4 3
30 14 61 62 60
31 14 110 111 109
32 14 120 121 118
33 14 125 126 122
34 14 127 127 124
35 14 153 154 151
36 14 189 187 184
37 14 200 198 194
38 14 199 198 194
39 14 198 198 195
40 14 198 198 195
41 14 196 196 194
42 14 195 195 193
43 14 193 194 191
44 14 191 192 190
20 15 50 44 42
21 15 59 55 52
22 15 113 108 102
23 15 127 124 118
24 15 114 114 110
25 15 113 113 110
26 15 99 99 97
27 15 70 71 70
28 15 46 46 45
29 15 51 52 50
30 15 87 87 85
31 15 110 110 108
32 15 117 118 115
33 15 118 118 115
34 15 118 118 115
35 15 122 123 120
36 15 129 130 127
37 15 169 169 166
38 15 194 192 189
39 15 199 197 194
40 15 199 198 195
41 15 198 198 195
42 15 197 198 195
43 15 196 196 194
44 15 194 194 192
20 16 51 47 45
21 16 94 88 83
22 16 128 124 117
23 16 114 112 108
24 16 112 112 109
25 16 112 112 109
26 16 109 109 107
27 16 101 102 99
28 16 100 101 98
29 16 98 98 95
30 16 109 110 107
31 16 112 113 110
32 16 115 115 112
33 16 118 119 116
34 16 117 118 115
35 16 116 117 114
36 16 116 117 114
37 16 120 120 117
38 16 146 147 144
39 16 180 179 176
40 16 196 194 190
41 16 199 197 193
42 16 198 198 195
43 16 197 197 195
44 16 196 196 194
19 17 51 48 46
20 17 52 49 46
21 17 113 109 103
22 17 118 115 110
23 17 109 109 105
24 17 109 109 105
25 17 109 109 106
26 17 110 110 107
27 17 110 110 107
28 17 111 111 108
29 17 111 112 108
30 17 111 112 109
31 17 115 116 113
32 17 114 114 111
33 17 114 115 112
34 17 116 117 114
35 17 119 119 116
36 17 116 116 113
37 17 117 118 115
38 17 117 118 115
39 17 119 119 116
40 17 152 152 149
41 17 186 185 181
42 17 197 195 191
43 17 197 196 192
44 17 196 195 192
19 18 51 49 46
20 18 106 101 94
21 18 122 117 111
22 18 111 109 105
23 18 107 106 102
24 18 108 108 104
25 18 109 109 106
26 18 110 110 106
27 18 110 109 106
28 18 109 109 105
29 18 112 112 109
30 18 111 111 108
31 18 112 112 109
32 18 113 114 110
33 18 113 113 110
34 18 114 114 111
35 18 114 114 111
36 18 116 117 113
37 18 115 116 112
38 18 115 116 112
39 18 117 118 115
40 18 120 120 117
41 18 129 130 126
42 18 168 169 166
43 18 190 189 186
44 18 192 190 185
18 19 51 49 46
19 19 82 77 72
20 19 117 112 105
21 19 110 107 103
22 19 107 106 102
23 19 107 106 102
24 19 107 107 103
25 19 107 106 103
26 19 108 108 105
27 19 107 107 103
28 19 108 108 105
29 19 109 109 106
30 19 108 109 105
31 19 108 109 105
32 19 110 110 107
33 19 109 109 106
34 19 109 109 106
35 19 112 112 109
36 19 110 110 107
37 19 111 112 108
38 19 114 114 111
39 19 113 114 110
40 19 118 118 115
41 19 121 121 118
42 19 125 126 124
43 19 149 152 151
44 19 175 176 174
18 20 50 47 43
19 20 105 99 92
20 20 113 109 103
21 20 108 106 102
22 20 105 104 100
23 20 106 105 101
24 20 106 105 102
25 20 105 104 101
26 20 105 104 101
27 20 107 106 103
28 20 106 106 103
29 20 106 106 103
30 20 107 108 104
31 20 108 108 105
32 20 106 107 104
33 20 110 111 108
34 20 108 108 106
35 20 109 109 106
36 20 110 111 108
37 20 109 110 106
38 20 110 110 107
39 20 111 111 108
40 20 115 115 112
41 20 116 117 114
42 20 131 134 132
43 20 102 105 104
44 20 63 66 66
18 21 107 96 86
19 21 116 109 102
20 21 106 104 99
21 21 104 102 99
22 21 103 102 98
23 21 104 104 99
24 21 103 102 98
25 21 104 103 100
26 21 105 104 101
27 21 105 104 101
28 21 105 105 102
29 21 106 106 102
30 21 106 106 103
31 21 107 107 104
32 21 106 106 103
33 21 108 108 105
34 21 109 109 106
35 21 107 107 104
36 21 109 109 106
37 21 112 112 109
38 21 111 111 108
39 21 111 111 107
40 21 115 115 112
41 21 133 135 133
42 21 113 115 114
43 21 64 66 66
17 22 49 38 32
18 22 101 87 78
19 22 103 97 90
20 22 101 98 94
21 22 101 99 96
22 22 102 100 97
23 22 103 102 98
24 22 102 101 97
25 22 102 102 98
26 22 103 102 99
27 22 103 103 100
28 22 104 103 100
29 22 104 103 100
30 22 105 104 101
31 22 104 104 100
32 22 105 105 102
33 22 106 106 103
34 22 105 105 102
35 22 107 106 103
36 22 107 106 103
37 22 109 109 106
38 22 111 111 108
39 22 114 114 111
40 22 129 131 129
41 22 129 132 130
42 22 64 66 65
18 23 109 94 83
19 23 102 94 87
20 23 99 95 90
21 23 98 96 92
22 23 101 99 95
23 23 100 99 95
24 23 102 101 97
25 23 100 100 96
26 23 101 101 97
27 23 100 100 96
28 23 102 101 98
29 23 102 101 98
30 23 102 102 99
31 23 103 103 100
32 23 102 102 99
33 23 102 102 99
34 23 104 104 101
35 23 104 104 101
36 23 104 103 100
37 23 107 106 103
38 23 110 109 106
39 23 122 123 120
40 23 135 137 135
41 23 63 65 64
20 24 113 107 101
21 24 100 96 90
22 24 98 95 90
23 24 99 97 93
24 24 100 98 94
25 24 99 98 94
26 24 99 99 94
27 24 99 99 94
28 24 101 101 97
29 24 99 99 96
30 24 96 96 93
31 24 90 91 88
32 24 87 88 85
33 24 93 92 90
34 24 101 101 97
35 24 103 103 100
36 24 105 104 101
37 24 107 106 102
38 24 117 117 114
39 24 138 139 137
40 24 64 65 64
21 25 46 43 40
22 25 104 100 94
23 25 96 92 88
24 25 96 93 89
25 25 98 96 92
26 25 99 98 94
27 25 99 98 94
28 25 98 97 93
29 25 95 95 91
30 25 68 68 66
31 25 45 45 44
32 25 40 41 39
33 25 52 52 50
34 25 86 86 83
35 25 99 99 95
36 25 103 103 99
37 25 109 108 104
38 25 135 136 133
39 25 97 98 96
23 26 128 122 117
24 26 97 93 88
25 26 95 91 87
26 26 95 93 89
27 26 95 94 90
28 26 95 94 90
29 26 88 87 84
30 26 45 46 44
31 26 10 10 10
32 26 4 4 4
33 26 14 14 14
34 26 65 65 63
35 26 97 97 93
36 26 104 104 100
37 26 133 134 131
38 26 88 89 87
39 26 63 64 63
25 27 128 123 116
26 27 100 96 91
27 27 93 90 85
28 27 93 91 87
29 27 91 89 86
30 27 55 55 53
31 27 15 15 14
32 27 8 8 8
33 27 20 19 18
34 27 60 60 57
35 27 95 94 90
36 27 124 124 121
37 27 96 97 94
38 27 63 64 63
27 28 101 96 91
28 28 93 89 84
29 28 91 87 83
30 28 79 77 73
31 28 58 57 54
32 28 54 53 50
33 28 62 60 57
34 28 82 80 75
35 28 112 111 107
36 28 104 104 101
37 28 63 63 61
29 29 105 100 94
30 29 91 87 82
31 29 85 82 77
32 29 84 81 76
33 29 88 85 80
34 29 103 101 96
35 29 114 112 108
36 29 61 60 57
30 30 42 39 35
31 30 92 87 80
32 30 85 81 75
33 30 93 89 83
34 30 112 110 104
35 30 57 55 52
32 31 113 106 98
33 31 114 107 100
34 31 81 77 73
