29 0 183 187 185
30 0 188 191 189
31 0 191 193 191
28 1 188 191 189
29 1 192 194 192
30 1 195 196 194
31 1 194 196 194
32 1 194 195 193
27 2 190 192 190
28 2 192 194 192
29 2 198 193 191
30 2 203 190 188
31 2 200 194 192
32 2 196 196 194
33 2 194 195 193
34 2 193 195 193
26 3 189 191 189
27 3 193 194 192
28 3 197 195 193
29 3 202 188 186
30 3 209 167 165
31 3 208 174 172
32 3 203 187 185
33 3 198 193 191
34 3 196 196 193
35 3 196 197 195
36 3 194 196 194
25 4 189 191 189
26 4 193 194 192
27 4 196 193 191
28 4 202 185 183
29 4 203 182 181
30 4 205 179 179
31 4 210 155 155
32 4 211 155 154
33 4 208 172 171
34 4 205 183 181
35 4 201 193 191
36 4 199 196 194
37 4 197 197 195
38 4 195 197 195
24 5 188 190 188
25 5 192 193 191
26 5 196 194 192
27 5 200 185 183
28 5 205 165 163
29 5 207 160 160
30 5 207 162 163
31 5 208 158 160
32 5 209 150 151
33 5 210 136 135
34 5 210 145 144
35 5 208 169 167
36 5 204 190 188
37 5 197 197 195
38 5 196 198 196
39 5 195 197 195
40 5 194 197 194
24 6 193 194 192
25 6 195 194 192
26 6 198 188 187
27 6 203 168 167
28 6 206 158 159
29 6 205 172 174
30 6 205 164 166
31 6 206 157 158
32 6 206 167 168
33 6 205 176 175
34 6 203 183 181
35 6 203 189 187
36 6 201 193 191
37 6 197 197 195
38 6 196 198 195
39 6 197 200 197
40 6 197 200 197
41 6 197 199 196
23 7 191 191 190
24 7 194 192 190
25 7 197 187 185
26 7 201 171 170
27 7 204 147 147
28 7 205 151 152
29 7 205 167 168
30 7 203 174 174
31 7 200 184 183
32 7 197 189 188
33 7 195 193 191
34 7 194 195 192
35 7 195 197 194
36 7 196 197 195
37 7 196 198 195
38 7 196 198 195
39 7 196 198 196
40 7 197 199 196
41 7 198 200 197
42 7 198 200 197
43 7 197 198 196
22 8 190 191 189
23 8 193 192 189
24 8 196 185 182
25 8 199 166 164
26 8 200 162 162
27 8 201 157 157
28 8 202 147 147
29 8 200 178 177
30 8 197 188 187
31 8 192 190 188
32 8 189 190 188
33 8 188 191 188
34 8 191 194 191
35 8 193 196 193
36 8 195 197 194
37 8 196 198 195
38 8 196 198 195
39 8 197 199 196
40 8 198 199 196
41 8 198 200 197
42 8 198 200 197
43 8 198 199 196
44 8 197 197 192
45 8 191 186 179
21 9 188 189 186
22 9 192 190 188
23 9 194 185 183
24 9 196 169 166
25 9 199 142 141
26 9 198 164 164
27 9 198 176 176
28 9 198 175 174
29 9 195 186 185
30 9 189 189 187
31 9 177 178 176
32 9 160 163 160
33 9 150 153 150
34 9 166 169 167
35 9 187 190 187
36 9 195 197 194
37 9 196 198 195
38 9 196 198 195
39 9 197 198 195
40 9 197 199 196
41 9 198 200 197
42 9 198 199 196
43 9 198 199 195
44 9 196 194 188
45 9 185 179 170
20 10 187 187 184
21 10 190 189 186
22 10 193 185 182
23 10 193 163 161
24 10 194 124 122
25 10 197 106 105
26 10 198 134 134
27 10 197 162 162
28 10 196 179 177
29 10 191 189 187
30 10 180 182 180
31 10 139 141 139
32 10 71 74 72
33 10 48 50 49
34 10 86 89 87
35 10 163 167 164
36 10 191 194 191
37 10 195 197 194
38 10 197 198 196
39 10 196 198 195
40 10 197 199 195
41 10 197 199 196
42 10 197 199 195
43 10 197 197 193
44 10 193 189 182
45 10 178 173 165
19 11 185 184 179
20 11 187 186 182
21 11 190 182 179
22 11 191 164 160
23 11 193 134 132
24 11 193 98 96
25 11 194 96 96
26 11 196 113 112
27 11 197 163 163
28 11 193 184 183
29 11 190 190 188
30 11 179 181 178
31 11 122 125 122
32 11 22 23 23
33 11 2 3 3
34 11 35 37 37
35 11 141 145 143
36 11 188 191 188
37 11 195 197 194
38 11 197 198 196
39 11 196 197 194
40 11 197 198 195
41 11 197 198 195
42 11 197 197 194
43 11 195 192 186
44 11 182 178 172
45 11 158 152 145
18 12 175 169 162
19 12 182 179 174
20 12 187 185 180
21 12 188 177 173
22 12 191 152 148
23 12 193 136 135
24 12 193 118 119
25 12 192 102 101
26 12 193 98 98
27 12 196 155 155
28 12 192 185 184
29 12 191 191 189
30 12 185 186 183
31 12 150 153 150
32 12 82 85 83
33 12 61 63 62
34 12 93 96 94
35 12 168 170 168
36 12 192 194 191
37 12 196 197 194
38 12 196 197 194
39 12 197 198 195
40 12 196 197 194
41 12 197 198 194
42 12 195 194 189
43 12 186 182 176
44 12 141 138 132
45 12 48 46 43
18 13 140 130 121
19 13 161 155 148
20 13 180 177 171
21 13 184 179 174
22 13 188 173 169
23 13 191 152 149
24 13 193 122 119
25 13 192 127 126
26 13 192 122 122
27 13 195 150 148
28 13 192 185 183
29 13 191 191 189
30 13 190 191 188
31 13 183 185 182
32 13 166 168 165
33 13 164 167 165
34 13 172 174 172
35 13 189 191 188
36 13 194 196 192
37 13 195 196 193
38 13 196 197 194
39 13 196 198 194
40 13 196 197 193
41 13 195 195 190
42 13 190 187 181
43 13 161 159 154
44 13 131 129 125
18 14 51 47 44
19 14 70 64 59
20 14 131 126 119
21 14 172 169 163
22 14 182 180 175
23 14 186 178 174
24 14 190 165 161
25 14 193 150 147
26 14 192 133 132
27 14 193 141 139
28 14 192 181 179
29 14 190 190 188
30 14 190 191 188
31 14 191 193 190
32 14 191 192 190
33 14 191 193 190
34 14 192 193 190
35 14 193 195 192
36 14 194 195 192
37 14 195 196 193
38 14 195 197 193
39 14 195 196 193
40 14 195 196 192
41 14 192 190 184
42 14 175 173 167
43 14 144 143 140
44 14 145 144 140
18 15 54 51 47
19 15 52 49 46
20 15 43 41 38
21 15 87 83 78
22 15 152 149 144
23 15 178 176 171
24 15 185 182 178
25 15 188 178 175
26 15 192 164 161
27 15 194 150 147
28 15 192 177 175
29 15 190 190 187
30 15 190 191 188
31 15 191 192 189
32 15 191 193 190
33 15 192 194 191
34 15 192 194 191
35 15 194 196 192
36 15 194 196 192
37 15 194 195 192
38 15 195 196 192
39 15 195 195 191
40 15 194 193 187
41 15 185 181 175
42 15 152 152 148
43 15 123 122 118
44 15 159 158 154
18 16 58 55 52
19 16 55 53 50
20 16 41 39 37
21 16 17 16 15
22 16 36 34 32
23 16 125 121 116
24 16 167 164 159
25 16 183 182 178
26 16 187 183 180
27 16 191 177 174
28 16 192 181 178
29 16 190 189 186
30 16 191 191 188
31 16 191 192 189
32 16 192 193 190
33 16 193 194 191
34 16 193 194 191
35 16 194 195 192
36 16 194 195 192
37 16 194 195 192
38 16 195 195 191
39 16 194 192 188
40 16 191 187 181
41 16 165 163 159
42 16 147 147 143
43 16 129 128 124
18 17 60 58 56
19 17 59 57 55
20 17 52 51 49
21 17 30 29 28
22 17 9 9 9
23 17 23 22 21
24 17 80 77 72
25 17 147 144 138
26 17 177 176 171
27 17 186 185 181
28 17 188 188 184
29 17 190 190 187
30 17 191 191 188
31 17 191 192 188
32 17 192 192 189
33 17 193 194 191
34 17 193 194 191
35 17 194 195 191
36 17 194 195 191
37 17 194 195 191
38 17 194 193 188
39 17 192 188 182
40 17 181 178 173
41 17 155 155 152
42 17 135 135 131
43 17 145 143 139
19 18 60 60 57
20 18 60 59 57
21 18 52 52 50
22 18 36 36 34
23 18 26 25 24
24 18 44 43 42
25 18 54 53 50
26 18 108 104 99
27 18 164 162 157
28 18 183 183 178
29 18 189 189 185
30 18 190 190 187
31 18 192 192 189
32 18 192 192 189
33 18 193 194 190
34 18 194 194 191
35 18 193 194 190
36 18 194 194 190
37 18 193 193 189
38 18 192 188 182
39 18 189 185 179
40 18 165 164 161
41 18 149 149 146
42 18 107 106 104
43 18 157 156 153
19 19 61 61 59
20 19 61 61 58
21 19 59 59 56
22 19 56 56 54
23 19 51 51 49
24 19 52 52 50
25 19 56 55 53
26 19 57 56 53
27 19 72 70 65
28 19 138 135 130
29 19 176 174 169
30 19 187 187 183
31 19 190 190 187
32 19 192 192 188
33 19 193 193 189
34 19 193 193 189
35 19 193 193 189
36 19 192 192 188
37 19 191 189 183
38 19 190 185 178
39 19 176 175 171
40 19 156 156 152
41 19 132 132 130
42 19 58 58 56
19 20 59 60 58
20 20 58 59 57
21 20 49 49 47
22 20 53 53 51
23 20 57 57 55
24 20 59 59 57
25 20 58 58 55
26 20 58 58 55
27 20 58 58 55
28 20 58 57 54
29 20 97 94 89
30 20 158 156 151
31 20 182 181 176
32 20 189 188 184
33 20 191 192 188
34 20 192 192 188
35 20 192 192 187
36 20 191 189 184
37 20 188 182 175
38 20 180 177 172
39 20 163 162 159
40 20 146 146 143
41 20 81 81 79
19 21 58 59 57
20 21 55 56 54
21 21 33 34 33
22 21 27 27 27
23 21 47 48 46
24 21 59 59 56
25 21 60 60 58
26 21 60 59 57
27 21 59 59 56
28 21 58 58 55
29 21 50 49 47
30 21 39 39 36
31 21 116 113 108
32 21 168 166 160
33 21 187 185 180
34 21 189 188 183
35 21 190 188 182
36 21 188 182 175
37 21 185 180 174
38 21 166 165 161
39 21 151 151 148
40 21 106 106 104
41 21 59 59 58
19 22 51 52 50
20 22 55 56 54
21 22 43 44 43
22 22 24 25 24
23 22 27 28 27
24 22 53 53 52
25 22 60 60 58
26 22 61 61 58
27 22 61 60 58
28 22 59 59 57
29 22 52 51 49
30 22 29 28 26
31 22 14 14 13
32 22 55 53 50
33 22 139 134 128
34 22 179 173 166
35 22 185 177 168
36 22 182 173 165
37 22 168 166 162
38 22 156 155 152
39 22 136 136 134
40 22 59 59 57
21 23 51 51 50
22 23 44 45 44
23 23 39 40 39
24 23 50 51 50
25 23 60 60 59
26 23 62 62 60
27 23 61 60 58
28 23 61 61 58
29 23 59 59 57
30 23 47 47 45
31 23 22 22 21
32 23 9 9 8
33 23 31 30 29
34 23 106 99 93
35 23 166 155 145
36 23 170 165 159
37 23 153 153 149
38 23 143 143 140
39 23 86 86 84
22 24 51 52 50
23 24 53 53 52
24 24 58 59 57
25 24 61 62 60
26 24 62 62 60
27 24 62 62 60
28 24 61 61 59
29 24 61 60 58
30 24 60 59 57
31 24 51 50 49
32 24 35 35 34
33 24 29 29 28
34 24 99 95 90
35 24 156 149 142
36 24 153 150 146
37 24 137 136 133
38 24 108 107 105
39 24 59 58 57
24 25 58 59 57
25 25 61 62 60
26 25 63 64 62
27 25 63 63 61
28 25 60 60 58
29 25 54 54 52
30 25 57 57 55
31 25 60 60 58
32 25 59 59 57
33 25 56 55 53
34 25 138 134 129
35 25 155 151 145
36 25 131 130 126
37 25 118 118 115
38 25 50 50 48
26 26 60 60 58
27 26 62 62 60
28 26 57 58 56
29 26 38 39 37
30 26 32 32 31
31 26 48 48 46
32 26 61 60 58
33 26 69 68 65
34 26 152 147 142
35 26 137 134 129
36 26 125 124 121
37 26 77 77 75
27 27 59 59 57
28 27 59 59 57
29 27 47 47 46
30 27 24 25 24
31 27 20 21 20
32 27 47 47 45
33 27 82 80 77
34 27 153 147 141
35 27 119 116 111
36 27 85 84 81
37 27 47 47 46
29 28 52 52 50
30 28 45 45 44
31 28 33 34 33
32 28 37 38 37
33 28 100 98 94
34 28 144 139 133
35 28 109 106 103
36 28 47 46 44
30 29 54 54 53
31 29 52 52 51
32 29 54 54 52
33 29 121 118 114
34 29 129 125 120
35 29 45 43 41
32 30 79 77 73
33 30 139 135 129
34 30 96 93 89
35 30 49 48 46
33 31 147 140 132
34 31 51 49 47
