30 0 156 154 149
31 0 184 186 184
32 0 189 192 190
29 1 135 131 124
30 1 160 159 154
31 1 193 195 193
32 1 195 196 194
33 1 192 193 191
28 2 45 44 41
29 2 101 98 93
30 2 180 179 175
31 2 199 197 195
32 2 203 193 191
33 2 198 192 190
34 2 193 192 190
35 2 186 187 185
27 3 129 128 123
28 3 79 78 75
29 3 124 121 117
30 3 190 190 187
31 3 202 198 196
32 3 206 184 182
33 3 207 178 176
34 3 201 187 186
35 3 194 191 189
36 3 189 189 187
26 4 160 158 154
27 4 91 90 87
28 4 94 93 90
29 4 141 138 134
30 4 197 196 194
31 4 203 193 191
32 4 206 181 179
33 4 208 174 173
34 4 208 165 165
35 4 204 179 178
36 4 197 186 185
37 4 191 188 186
38 4 183 182 180
25 5 157 155 151
26 5 95 94 91
27 5 106 106 103
28 5 78 77 75
29 5 173 171 168
30 5 201 199 197
31 5 205 187 185
32 5 207 161 161
33 5 207 166 167
34 5 209 153 155
35 5 209 147 147
36 5 207 157 156
37 5 199 178 176
38 5 191 186 184
39 5 184 186 183
25 6 88 88 84
26 6 110 110 107
27 6 104 105 102
28 6 118 116 113
29 6 192 190 187
30 6 202 199 197
31 6 205 182 181
32 6 207 163 163
33 6 207 170 171
34 6 206 159 161
35 6 206 159 160
36 6 205 167 165
37 6 201 178 177
38 6 193 187 185
39 6 187 188 186
40 6 184 187 184
41 6 177 180 176
24 7 85 84 81
25 7 102 102 99
26 7 119 119 116
27 7 112 113 110
28 7 149 148 144
29 7 198 197 194
30 7 203 194 192
31 7 205 171 170
32 7 206 151 151
33 7 206 162 163
34 7 204 174 174
35 7 200 185 184
36 7 195 190 188
37 7 192 191 189
38 7 190 190 188
39 7 187 189 186
40 7 185 187 184
41 7 183 185 182
42 7 179 181 178
23 8 88 87 84
24 8 92 92 89
25 8 114 115 112
26 8 117 118 115
27 8 127 127 123
28 8 168 166 162
29 8 200 198 196
30 8 203 187 185
31 8 203 162 161
32 8 204 164 164
33 8 205 165 165
34 8 201 184 184
35 8 194 191 189
36 8 189 191 188
37 8 188 190 187
38 8 188 191 188
39 8 188 190 187
40 8 187 189 186
41 8 185 187 184
42 8 182 184 180
43 8 179 181 177
44 8 168 166 161
22 9 98 96 93
23 9 80 80 77
24 9 92 92 90
25 9 105 106 103
26 9 111 112 109
27 9 127 126 123
28 9 184 182 178
29 9 200 196 194
30 9 201 178 176
31 9 202 150 149
32 9 202 170 170
33 9 201 178 177
34 9 197 189 187
35 9 188 188 186
36 9 171 173 171
37 9 164 167 164
38 9 179 182 179
39 9 187 190 187
40 9 188 189 186
41 9 187 189 185
42 9 184 186 182
43 9 182 183 179
44 9 175 173 168
45 9 154 148 138
21 10 51 50 48
22 10 80 80 77
23 10 77 77 75
24 10 88 89 86
25 10 79 79 77
26 10 103 104 101
27 10 122 119 116
28 10 193 191 188
29 10 199 191 188
30 10 199 161 158
31 10 200 114 113
32 10 201 132 132
33 10 201 165 165
34 10 196 186 185
35 10 183 184 182
36 10 135 138 135
37 10 72 75 73
38 10 132 135 132
39 10 177 180 177
40 10 188 190 187
41 10 187 189 186
42 10 185 187 183
43 10 183 184 181
44 10 177 174 168
45 10 163 156 147
21 11 64 64 62
22 11 83 83 81
23 11 80 81 79
24 11 68 68 66
25 11 89 89 87
26 11 83 84 81
27 11 143 138 133
28 11 194 192 188
29 11 197 183 180
30 11 197 146 143
31 11 198 114 114
32 11 198 110 110
33 11 200 152 151
34 11 197 185 184
35 11 187 188 186
36 11 148 150 148
37 11 46 47 46
38 11 58 61 59
39 11 151 155 152
40 11 185 187 185
41 11 187 189 186
42 11 186 187 184
43 11 184 185 181
44 11 178 176 171
45 11 172 166 157
20 12 48 48 45
21 12 53 53 50
22 12 88 88 85
23 12 89 89 87
24 12 83 83 80
25 12 96 96 94
26 12 63 61 59
27 12 170 164 158
28 12 192 190 185
29 12 196 186 181
30 12 197 163 159
31 12 198 138 137
32 12 196 111 111
33 12 196 124 124
34 12 198 175 174
35 12 192 191 189
36 12 176 178 175
37 12 121 123 121
38 12 62 65 63
39 12 138 142 139
40 12 184 186 183
41 12 188 190 187
42 12 187 188 185
43 12 184 185 181
44 12 180 178 172
45 12 173 168 159
20 13 69 68 65
21 13 90 90 87
22 13 106 106 103
23 13 98 98 95
24 13 110 110 107
25 13 90 90 87
26 13 99 95 91
27 13 144 135 127
28 13 173 167 160
29 13 189 185 180
30 13 193 183 178
31 13 196 167 163
32 13 196 136 133
33 13 196 132 131
34 13 196 158 156
35 13 194 187 185
36 13 189 190 188
37 13 176 177 174
38 13 159 161 159
39 13 171 174 171
40 13 187 189 186
41 13 188 190 186
42 13 187 189 185
43 13 185 186 182
44 13 180 178 172
45 13 175 169 159
20 14 67 67 64
21 14 107 106 103
22 14 109 109 106
23 14 114 114 111
24 14 117 116 112
25 14 107 105 101
26 14 106 101 96
27 14 58 54 50
28 14 97 91 84
29 14 157 152 145
30 14 181 177 172
31 14 191 184 180
32 14 195 176 173
33 14 196 160 158
34 14 195 147 145
35 14 195 176 173
36 14 192 191 188
37 14 191 192 189
38 14 189 190 188
39 14 188 190 187
40 14 190 191 188
41 14 188 190 186
42 14 187 189 185
43 14 185 186 181
44 14 181 178 172
45 14 177 171 161
19 15 53 52 49
20 15 74 73 70
21 15 104 104 101
22 15 105 105 102
23 15 120 119 116
24 15 121 120 115
25 15 111 108 103
26 15 63 61 57
27 15 39 37 34
28 15 34 32 30
29 15 41 39 36
30 15 128 123 117
31 15 169 166 160
32 15 186 183 179
33 15 192 184 181
34 15 194 171 168
35 15 196 170 167
36 15 194 187 185
37 15 191 192 189
38 15 191 192 189
39 15 190 192 188
40 15 190 192 188
41 15 189 190 187
42 15 188 189 186
43 15 186 186 182
44 15 182 178 172
45 15 177 170 161
19 16 78 75 72
20 16 98 96 92
21 16 85 84 81
22 16 107 106 103
23 16 123 121 117
24 16 117 114 110
25 16 75 73 69
26 16 35 34 32
27 16 13 12 11
28 16 9 8 8
29 16 12 12 11
30 16 28 27 25
31 16 77 74 69
32 16 147 143 137
33 16 180 177 172
34 16 189 185 181
35 16 193 183 180
36 16 193 187 184
37 16 192 192 189
38 16 191 192 189
39 16 190 192 188
40 16 190 192 188
41 16 189 191 187
42 16 188 189 185
43 16 186 185 181
44 16 182 178 170
45 16 177 168 157
19 17 58 56 53
20 17 86 85 81
21 17 72 71 67
22 17 115 113 109
23 17 119 117 114
24 17 74 72 69
25 17 54 53 50
26 17 34 33 32
27 17 9 9 9
28 17 1 1 1
30 17 14 14 13
31 17 40 39 37
32 17 55 53 50
33 17 110 107 100
34 17 165 161 155
35 17 185 183 178
36 17 190 189 185
37 17 192 192 189
38 17 191 192 189
39 17 191 192 188
40 17 191 192 189
41 17 190 190 187
42 17 188 189 185
43 17 186 185 180
44 17 182 176 168
18 18 47 44 41
19 18 74 70 66
20 18 68 66 63
21 18 94 92 88
22 18 116 115 111
23 18 78 77 74
24 18 59 58 55
25 18 57 56 54
26 18 48 48 46
27 18 30 30 29
28 18 18 18 17
29 18 17 17 16
30 18 30 30 29
31 18 48 47 45
32 18 55 54 51
33 18 57 55 52
34 18 73 70 66
35 18 141 138 131
36 18 175 173 168
37 18 188 187 183
38 18 190 190 187
39 18 190 191 187
40 18 191 192 188
41 18 190 191 187
42 18 189 190 186
43 18 187 185 180
44 18 183 175 167
18 19 68 64 60
19 19 91 87 82
20 19 89 88 83
21 19 116 116 113
22 19 77 77 74
23 19 60 60 57
24 19 59 59 56
25 19 58 58 56
26 19 58 57 55
27 19 52 52 50
28 19 47 47 45
29 19 47 47 45
30 19 51 51 49
31 19 55 55 52
32 19 57 56 54
33 19 58 57 53
34 19 57 56 52
35 19 57 56 52
36 19 99 96 90
37 19 159 155 150
38 19 182 180 175
39 19 188 187 183
40 19 190 190 186
41 19 190 191 187
42 19 188 189 185
43 19 186 183 177
44 19 182 174 164
18 20 62 59 55
19 20 100 98 93
20 20 113 114 111
21 20 71 72 69
22 20 55 55 53
23 20 55 55 53
24 20 58 58 56
25 20 59 59 57
26 20 59 59 57
27 20 59 59 57
28 20 59 58 56
29 20 58 58 56
30 20 59 58 56
31 20 58 58 56
32 20 58 57 55
33 20 59 58 55
34 20 58 57 54
35 20 58 57 54
36 20 56 55 52
37 20 54 53 50
38 20 124 120 115
39 20 169 167 162
40 20 185 184 179
41 20 188 188 183
42 20 188 187 183
43 20 185 181 175
44 20 180 171 161
17 21 45 42 39
18 21 91 87 83
19 21 113 114 112
20 21 66 67 65
21 21 35 36 34
22 21 25 25 24
23 21 29 29 28
24 21 43 43 42
25 21 57 57 55
26 21 60 60 58
27 21 60 60 57
28 21 60 60 58
29 21 60 59 57
30 21 60 59 57
31 21 60 59 57
32 21 59 59 56
33 21 59 59 56
34 21 58 57 55
35 21 54 53 51
36 21 43 42 39
37 21 36 36 34
38 21 34 34 32
39 21 75 73 69
40 21 143 140 135
41 21 176 174 169
42 21 184 181 176
43 21 183 176 169
44 21 179 167 157
17 22 72 74 72
18 22 98 99 97
19 22 71 72 70
20 22 52 53 51
21 22 20 20 20
22 22 2 2 2
23 22 3 3 3
24 22 21 21 21
25 22 49 50 49
26 22 60 60 58
27 22 61 61 59
28 22 61 60 58
29 22 61 60 58
30 22 60 60 58
31 22 60 60 58
32 22 60 60 58
33 22 60 59 57
34 22 58 58 56
35 22 49 49 46
36 22 24 23 21
37 22 9 8 8
38 22 6 6 5
39 22 16 15 15
40 22 40 39 38
41 22 108 104 99
42 22 159 152 145
43 22 173 161 151
44 22 169 153 140
18 23 60 61 59
19 23 62 63 61
20 23 58 59 58
21 23 41 42 41
22 23 22 23 22
23 23 17 18 18
24 23 30 31 31
25 23 51 53 52
26 23 61 62 60
27 23 61 61 59
28 23 61 61 59
29 23 61 61 59
30 23 61 61 59
31 23 61 60 58
32 23 61 60 58
33 23 60 60 58
34 23 60 60 58
35 23 52 52 50
36 23 29 28 27
37 23 11 10 10
38 23 5 5 4
39 23 7 7 7
40 23 33 32 31
41 23 56 55 52
42 23 77 71 65
43 23 150 135 124
44 23 176 160 148
20 24 61 62 61
21 24 58 59 57
22 24 53 55 53
23 24 52 53 52
24 24 55 57 55
25 24 59 61 59
26 24 61 62 60
27 24 62 62 60
28 24 62 62 60
29 24 62 61 59
30 24 62 61 59
31 24 62 61 59
32 24 62 61 59
33 24 61 61 59
34 24 62 61 59
35 24 60 60 58
36 24 51 51 49
37 24 40 40 39
38 24 35 35 34
39 24 36 36 35
40 24 62 59 56
41 24 68 64 60
42 24 59 54 50
43 24 58 50 44
21 25 59 61 59
22 25 62 63 62
23 25 62 63 62
24 25 63 64 62
25 25 63 64 62
26 25 64 64 62
27 25 63 63 61
28 25 62 62 60
29 25 60 60 58
30 25 56 56 54
31 25 56 56 54
32 25 58 58 56
33 25 61 61 59
34 25 62 62 60
35 25 62 62 60
36 25 62 62 60
37 25 60 59 57
38 25 61 60 58
39 25 67 64 60
40 25 78 73 69
41 25 59 56 53
23 26 63 63 62
24 26 64 64 63
25 26 64 64 62
26 26 64 64 62
27 26 63 64 62
28 26 61 61 60
29 26 49 49 48
30 26 29 29 28
31 26 27 27 26
32 26 33 34 32
33 26 50 50 48
34 26 61 61 59
35 26 63 63 61
36 26 63 63 60
37 26 73 70 67
38 26 83 79 75
39 26 62 58 54
40 26 60 55 51
25 27 63 63 61
26 27 64 64 63
27 27 64 65 63
28 27 62 63 61
29 27 44 44 43
30 27 13 13 12
31 27 2 2 2
32 27 7 7 7
33 27 31 32 31
34 27 57 58 56
35 27 64 63 61
36 27 72 69 65
37 27 94 88 83
38 27 62 58 54
27 28 63 64 62
28 28 63 63 61
29 28 55 56 54
30 28 39 40 38
31 28 25 25 24
32 28 25 26 25
33 28 37 38 37
34 28 65 64 62
35 28 79 76 73
36 28 62 59 55
37 28 62 58 53
29 29 61 62 60
30 29 60 61 59
31 29 57 57 55
32 29 57 56 54
33 29 68 66 62
34 29 97 93 88
35 29 61 58 54
30 30 61 61 59
31 30 61 60 57
32 30 74 70 66
33 30 79 74 69
34 30 61 58 53
32 31 46 42 37
