34 0 168 161 151
33 1 186 185 182
34 1 183 180 173
35 1 175 169 159
32 2 186 187 185
33 2 193 193 191
34 2 190 189 186
35 2 183 180 175
36 2 178 171 164
31 3 188 189 187
32 3 195 196 194
33 3 191 192 190
34 3 168 169 167
35 3 162 162 158
36 3 178 175 170
37 3 183 173 166
30 4 188 189 187
31 4 198 198 196
32 4 198 198 196
33 4 188 188 186
34 4 128 129 127
35 4 72 74 72
36 4 152 151 148
37 4 181 176 171
38 4 184 173 166
29 5 186 187 184
30 5 199 200 198
31 5 200 200 198
32 5 198 198 196
33 5 194 194 192
34 5 167 167 165
35 5 79 80 78
36 5 76 77 75
37 5 164 163 160
38 5 184 179 174
39 5 183 173 166
28 6 182 183 182
29 6 199 200 198
30 6 200 201 199
31 6 200 200 198
32 6 198 199 196
33 6 197 197 195
34 6 190 190 188
35 6 161 161 159
36 6 120 121 119
37 6 170 170 168
38 6 185 184 182
39 6 185 181 176
40 6 183 173 166
27 7 178 179 177
28 7 199 200 199
29 7 199 200 199
30 7 190 191 189
31 7 190 191 189
32 7 195 196 193
33 7 197 197 195
34 7 195 195 193
35 7 190 190 188
36 7 181 182 179
37 7 186 186 184
38 7 187 187 185
39 7 186 184 181
40 7 183 178 173
41 7 182 173 166
26 8 162 163 162
27 8 194 196 195
28 8 201 203 202
29 8 190 191 190
30 8 132 135 133
31 8 123 126 124
32 8 167 168 166
33 8 192 193 191
34 8 195 196 193
35 8 192 193 190
36 8 189 189 187
37 8 189 189 187
38 8 188 189 186
39 8 187 187 185
40 8 185 184 180
41 8 183 177 172
42 8 180 170 163
24 9 51 50 49
25 9 124 124 122
26 9 156 157 156
27 9 187 190 190
28 9 202 204 203
29 9 191 193 191
30 9 123 124 122
31 9 23 24 24
32 9 94 96 94
33 9 175 176 173
34 9 193 194 191
35 9 184 184 182
36 9 155 157 155
37 9 165 167 165
38 9 184 184 182
39 9 187 188 185
40 9 186 185 183
41 9 183 181 178
42 9 179 173 169
43 9 178 167 160
23 10 50 49 49
24 10 120 121 119
25 10 144 145 143
26 10 106 107 105
27 10 121 124 124
28 10 191 194 193
29 10 198 200 199
30 10 164 165 163
31 10 71 72 70
32 10 52 54 53
33 10 156 158 156
34 10 190 191 189
35 10 176 177 174
36 10 95 96 93
37 10 70 71 70
38 10 153 154 152
39 10 183 184 182
40 10 184 184 181
41 10 165 165 163
42 10 165 162 159
43 10 172 166 161
44 10 174 162 155
22 11 50 50 49
23 11 130 131 129
24 11 144 145 142
25 11 113 114 112
26 11 50 51 49
27 11 52 52 51
28 11 123 125 124
29 11 189 192 191
30 11 193 195 193
31 11 168 169 166
32 11 142 143 140
33 11 168 169 167
34 11 190 191 189
35 11 186 187 184
36 11 144 144 141
37 11 41 41 40
38 11 86 88 86
39 11 169 170 168
40 11 181 181 178
41 11 133 133 130
42 11 93 93 91
43 11 145 141 137
44 11 170 163 158
45 11 173 161 154
21 12 51 50 49
22 12 129 130 127
23 12 143 144 142
24 12 106 107 105
25 12 47 48 47
26 12 16 16 16
27 12 19 19 19
28 12 40 41 39
29 12 123 125 123
30 12 190 192 191
31 12 198 200 198
32 12 192 192 190
33 12 189 189 187
34 12 193 193 191
35 12 192 192 189
36 12 176 176 173
37 12 130 130 127
38 12 106 106 103
39 12 166 166 163
40 12 183 183 180
41 12 153 153 150
42 12 49 49 47
43 12 87 85 84
44 12 162 158 155
45 12 172 165 159
46 12 165 151 142
21 13 129 129 127
22 13 141 142 139
23 13 104 105 102
24 13 57 58 57
25 13 20 21 20
26 13 1 1 1
27 13 1 1 1
28 13 13 13 12
29 13 44 44 42
30 13 124 126 124
31 13 190 192 190
32 13 200 200 199
33 13 196 196 193
34 13 193 193 190
35 13 192 192 189
36 13 189 189 187
37 13 180 181 178
38 13 171 171 168
39 13 177 177 174
40 13 185 185 182
41 13 177 176 173
42 13 133 132 129
43 13 78 78 76
44 13 148 147 144
45 13 172 168 163
46 13 168 158 151
20 14 122 122 120
21 14 143 144 141
22 14 97 98 95
23 14 54 55 53
24 14 50 51 50
25 14 33 35 34
26 14 7 7 7
28 14 4 4 4
29 14 30 30 29
30 14 55 55 53
31 14 129 131 128
32 14 190 191 189
33 14 200 200 198
34 14 195 195 192
35 14 193 193 190
36 14 191 191 188
37 14 188 189 186
38 14 186 186 184
39 14 185 185 183
40 14 186 186 183
41 14 185 184 182
42 14 176 176 172
43 14 159 158 154
44 14 164 163 159
45 14 175 173 169
46 14 172 166 160
19 15 125 125 123
20 15 140 141 139
21 15 100 101 99
22 15 32 33 32
23 15 18 18 18
24 15 25 26 25
25 15 37 39 39
26 15 30 31 31
27 15 11 11 11
28 15 16 16 16
29 15 39 39 37
30 15 56 56 53
31 15 60 60 57
32 15 129 130 127
33 15 188 189 187
34 15 198 198 196
35 15 195 195 192
36 15 192 191 189
37 15 185 185 182
38 15 174 175 172
39 15 173 173 171
40 15 184 183 181
41 15 185 185 181
42 15 185 184 180
43 15 182 181 177
44 15 179 178 174
45 15 176 174 170
46 15 175 172 167
18 16 121 121 118
19 16 134 135 132
20 16 94 95 93
21 16 52 53 52
22 16 16 16 16
24 16 2 2 2
25 16 22 23 22
26 16 44 45 45
27 16 44 44 43
28 16 46 46 44
29 16 51 51 50
30 16 58 57 55
31 16 59 59 56
32 16 60 59 56
33 16 129 129 126
34 16 187 188 185
35 16 197 198 195
36 16 193 193 190
37 16 180 180 177
38 16 134 134 131
39 16 108 108 106
40 16 161 161 158
41 16 183 182 179
42 16 184 183 179
43 16 183 181 177
44 16 181 179 175
45 16 178 176 172
17 17 122 122 118
18 17 131 131 128
19 17 89 90 87
20 17 47 47 46
21 17 45 46 45
22 17 28 29 28
23 17 5 6 6
25 17 13 13 13
26 17 44 44 43
27 17 58 58 56
28 17 59 59 57
29 17 58 58 56
30 17 59 59 56
31 17 58 58 55
32 17 58 57 54
33 17 59 58 54
34 17 128 127 122
35 17 185 185 182
36 17 195 195 192
37 17 184 184 180
38 17 124 123 120
39 17 18 18 18
40 17 98 98 95
41 17 169 168 164
42 17 183 182 177
43 17 182 180 176
44 17 180 178 174
45 17 180 177 173
16 18 111 106 98
17 18 122 118 111
18 18 88 87 84
19 18 33 34 33
20 18 15 15 14
21 18 20 21 21
22 18 30 31 31
23 18 27 28 28
24 18 15 15 15
25 18 27 28 27
26 18 49 49 47
27 18 59 59 56
28 18 59 59 57
29 18 60 59 57
30 18 58 58 56
31 18 59 58 55
32 18 58 57 53
33 18 58 56 53
34 18 58 57 53
35 18 127 125 120
36 18 183 182 179
37 18 190 190 187
38 18 160 160 156
39 18 79 77 74
40 18 51 50 49
41 18 150 149 145
42 18 182 180 176
43 18 182 180 175
44 18 181 178 174
16 19 56 51 45
17 19 77 73 66
18 19 53 51 48
19 19 24 24 23
20 19 2 2 2
21 19 2 2 2
22 19 20 20 20
23 19 46 47 46
24 19 50 50 48
25 19 51 51 49
26 19 57 57 54
27 19 60 59 57
28 19 59 59 57
29 19 59 59 57
30 19 58 58 55
31 19 58 58 55
32 19 56 55 52
33 19 51 51 48
34 19 48 47 43
35 19 48 47 44
36 19 125 124 118
37 19 180 179 175
38 19 183 182 178
39 19 157 156 151
40 19 116 114 110
41 19 153 151 146
42 19 181 178 173
43 19 181 179 174
44 19 180 178 173
17 20 58 54 49
18 20 54 51 47
19 20 39 37 35
20 20 17 17 16
21 20 5 5 4
22 20 20 20 20
23 20 49 49 47
24 20 61 61 58
25 20 60 60 57
26 20 60 60 58
27 20 60 60 58
28 20 60 60 57
29 20 59 59 56
30 20 59 58 56
31 20 57 57 54
32 20 51 51 48
33 20 36 35 33
34 20 20 20 18
35 20 18 17 16
36 20 39 37 35
37 20 122 121 115
38 20 178 176 172
39 20 185 183 179
40 20 175 173 168
41 20 178 175 170
42 20 182 179 174
43 20 181 178 173
18 21 51 48 43
19 21 49 46 42
20 21 43 41 38
21 21 34 34 32
22 21 40 40 39
23 21 55 55 53
24 21 61 61 58
25 21 61 61 59
26 21 61 61 58
27 21 60 60 57
28 21 60 59 57
29 21 58 58 55
30 21 57 57 54
31 21 55 55 52
32 21 47 47 45
33 21 20 20 19
34 21 1 1 1
36 21 11 11 10
37 21 38 37 34
38 21 125 123 117
39 21 175 172 168
40 21 185 183 178
41 21 184 182 177
42 21 181 179 174
43 21 179 177 171
19 22 54 51 46
20 22 57 54 50
21 22 57 55 52
22 22 58 57 55
23 22 61 60 58
24 22 62 62 60
25 22 61 61 59
26 22 61 61 58
27 22 60 60 58
28 22 58 58 56
29 22 53 53 50
30 22 45 45 43
31 22 39 39 37
32 22 41 42 40
33 22 28 28 27
34 22 6 6 5
35 22 1 1 1
36 22 2 2 2
37 22 24 23 22
38 22 48 47 43
39 22 120 117 111
40 22 169 165 160
41 22 181 178 173
42 22 181 179 174
20 23 56 53 48
21 23 59 56 52
22 23 61 59 56
23 23 62 61 59
24 23 61 61 59
25 23 61 61 59
26 23 61 61 59
27 23 59 59 57
28 23 58 58 55
29 23 44 44 42
30 23 20 20 19
31 23 9 9 8
32 23 18 18 17
33 23 33 34 32
34 23 28 28 27
35 23 14 14 13
36 23 14 13 12
37 23 34 32 30
38 23 49 47 43
39 23 51 48 44
40 23 108 99 92
41 23 165 159 153
21 24 56 52 47
22 24 60 57 52
23 24 61 60 56
24 24 61 61 58
25 24 61 61 58
26 24 58 58 56
27 24 57 56 54
28 24 54 54 52
29 24 38 39 37
30 24 10 10 10
31 24 1 1 1
32 24 1 1 1
33 24 21 21 20
34 24 43 43 40
35 24 42 42 39
36 24 42 41 38
37 24 48 46 43
38 24 50 47 43
39 24 49 45 41
40 24 46 41 37
22 25 56 52 47
23 25 59 56 51
24 25 61 59 56
25 25 60 59 57
26 25 48 48 47
27 25 35 35 34
28 25 35 35 33
29 25 38 38 37
30 25 29 30 29
31 25 9 9 8
32 25 2 2 2
33 25 18 18 17
34 25 45 44 41
35 25 52 51 48
36 25 52 50 47
37 25 50 47 44
38 25 49 45 42
39 25 49 45 41
23 26 55 51 47
24 26 59 56 52
25 26 56 55 52
26 26 36 35 34
27 26 8 8 8
28 26 7 6 6
29 26 18 18 17
30 26 36 37 35
31 26 36 36 34
32 26 28 27 26
33 26 38 37 35
34 26 50 49 46
35 26 55 52 49
36 26 52 49 46
37 26 49 47 43
24 27 55 51 47
25 27 53 50 46
26 27 37 35 32
27 27 11 10 9
28 27 2 2 2
29 27 8 8 7
30 27 36 35 34
31 27 51 50 48
32 27 52 51 49
33 27 52 50 47
34 27 53 51 47
35 27 51 49 45
36 27 52 49 46
25 28 49 44 40
26 28 42 38 34
27 28 31 28 25
28 28 21 20 19
29 28 20 19 18
30 28 42 41 39
31 28 54 53 50
32 28 56 54 51
33 28 53 50 47
34 28 51 48 45
26 29 43 38 33
27 29 48 43 39
28 29 48 45 41
29 29 48 46 43
30 29 53 51 48
31 29 54 52 48
32 29 54 51 48
33 29 53 50 47
27 30 51 45 41
28 30 53 47 42
29 30 54 48 43
30 30 53 49 45
31 30 52 49 45
29 31 49 41 36
30 31 52 46 41
