29 0 174 177 175
28 1 156 158 155
29 1 175 176 173
30 1 177 174 170
27 2 152 148 145
28 2 160 154 151
29 2 176 175 172
30 2 182 180 176
31 2 176 171 166
32 2 180 176 173
26 3 146 143 141
27 3 160 145 142
28 3 176 151 148
29 3 178 164 162
30 3 188 187 184
31 3 180 176 170
32 3 178 174 170
33 3 179 176 173
25 4 146 144 141
26 4 155 147 144
27 4 169 150 148
28 4 185 131 129
29 4 186 149 148
30 4 187 181 179
31 4 189 187 183
32 4 182 178 173
33 4 179 177 173
34 4 179 177 174
25 5 154 143 140
26 5 169 146 144
27 5 178 138 137
28 5 187 125 124
29 5 187 136 134
30 5 184 173 170
31 5 193 194 191
32 5 186 183 178
33 5 183 181 177
34 5 180 179 175
35 5 178 178 175
36 5 177 177 175
24 6 149 140 138
25 6 166 145 143
26 6 176 136 136
27 6 181 135 135
28 6 180 151 149
29 6 180 166 163
30 6 177 176 173
31 6 190 192 189
32 6 194 193 189
33 6 187 184 180
34 6 183 182 178
35 6 180 179 176
36 6 176 176 173
37 6 172 173 171
23 7 143 135 133
24 7 160 141 139
25 7 172 136 136
26 7 174 146 146
27 7 171 157 155
28 7 172 169 167
29 7 174 175 172
30 7 178 180 177
31 7 182 184 181
32 7 199 199 196
33 7 183 178 173
34 7 176 174 169
35 7 179 178 175
36 7 174 174 171
37 7 171 171 168
38 7 164 165 163
22 8 152 143 141
23 8 153 133 132
24 8 168 129 128
25 8 171 140 139
26 8 164 155 152
27 8 163 164 161
28 8 168 171 168
29 8 173 175 172
30 8 178 180 177
31 8 179 180 176
32 8 192 191 186
33 8 188 182 174
34 8 168 162 156
35 8 158 157 153
36 8 165 165 162
37 8 160 160 157
38 8 158 159 157
39 8 154 156 154
21 9 143 135 132
22 9 149 132 130
23 9 162 134 133
24 9 166 139 138
25 9 154 144 142
26 9 139 140 137
27 9 157 160 157
28 9 169 171 168
29 9 174 176 173
30 9 178 180 176
31 9 182 182 177
32 9 190 186 177
33 9 191 187 179
34 9 195 191 186
35 9 170 165 160
36 9 155 153 148
37 9 151 151 148
38 9 144 144 142
39 9 146 147 145
40 9 152 153 151
41 9 160 160 159
20 10 157 151 148
21 10 145 124 121
22 10 161 124 122
23 10 163 133 132
24 10 150 140 138
25 10 107 106 104
26 10 102 105 103
27 10 155 158 155
28 10 173 175 171
29 10 175 176 173
30 10 178 179 174
31 10 188 184 177
32 10 186 183 176
33 10 181 179 175
34 10 188 188 185
35 10 195 194 191
36 10 182 180 175
37 10 169 167 163
38 10 162 162 159
39 10 152 153 150
40 10 149 150 148
41 10 148 148 146
19 11 138 130 126
20 11 143 124 121
21 11 157 116 114
22 11 163 106 105
23 11 157 136 135
24 11 122 120 117
25 11 62 64 62
26 11 120 124 121
27 11 165 167 164
28 11 173 175 171
29 11 175 176 172
30 11 186 183 176
31 11 184 181 175
32 11 167 167 163
33 11 155 156 154
34 11 157 158 155
35 11 179 179 177
36 11 192 192 189
37 11 193 192 188
38 11 187 185 182
39 11 181 181 178
40 11 172 173 170
41 11 158 159 157
42 11 152 151 149
18 12 52 49 46
19 12 135 122 117
20 12 152 122 118
21 12 160 95 93
22 12 160 122 120
23 12 146 141 138
24 12 96 98 95
25 12 102 105 102
26 12 154 156 153
27 12 170 172 168
28 12 173 174 170
29 12 184 181 175
30 12 183 180 175
31 12 154 154 152
32 12 93 94 92
33 12 64 65 64
34 12 61 62 60
35 12 140 141 139
36 12 173 174 171
37 12 191 192 189
38 12 197 197 194
39 12 196 195 191
40 12 190 189 186
41 12 182 183 180
42 12 170 170 167
43 12 165 165 162
18 13 126 118 112
19 13 137 122 116
20 13 154 111 108
21 13 159 106 104
22 13 158 142 140
23 13 146 147 144
24 13 132 134 131
25 13 149 152 148
26 13 167 168 165
27 13 172 173 169
28 13 180 178 171
29 13 184 181 175
30 13 164 164 161
31 13 105 106 105
32 13 13 13 13
33 13 1 1 1
34 13 15 15 15
35 13 103 104 102
36 13 167 168 165
37 13 177 177 175
38 13 185 185 183
39 13 195 194 191
40 13 197 196 192
41 13 192 191 187
42 13 184 184 181
43 13 177 177 174
18 14 128 120 114
19 14 135 120 115
20 14 155 117 114
21 14 158 126 124
22 14 156 152 149
23 14 157 158 155
24 14 158 160 157
25 14 165 167 163
26 14 168 169 165
27 14 177 175 169
28 14 182 178 172
29 14 172 171 168
30 14 163 163 161
31 14 108 109 108
32 14 30 31 30
33 14 2 2 2
34 14 46 47 45
35 14 135 136 133
36 14 170 170 168
37 14 176 176 174
38 14 175 175 172
39 14 177 178 175
40 14 190 191 188
41 14 196 195 192
42 14 192 191 188
43 14 185 185 182
44 14 180 180 177
18 15 123 115 110
19 15 133 121 117
20 15 153 131 127
21 15 156 143 140
22 15 156 156 153
23 15 159 161 157
24 15 163 165 161
25 15 166 167 162
26 15 174 171 165
27 15 182 178 171
28 15 174 172 168
29 15 171 171 168
30 15 167 167 164
31 15 145 146 145
32 15 110 111 109
33 15 82 83 81
34 15 126 127 124
35 15 158 159 156
36 15 172 172 169
37 15 170 171 168
38 15 171 171 168
39 15 175 175 172
40 15 176 177 174
41 15 184 184 182
42 15 195 194 191
43 15 193 191 187
44 15 185 184 181
45 15 180 180 176
18 16 102 97 92
19 16 131 124 120
20 16 150 142 138
21 16 155 153 149
22 16 158 159 155
23 16 162 163 159
24 16 165 166 161
25 16 171 168 162
26 16 181 176 169
27 16 171 169 164
28 16 170 169 166
29 16 168 168 165
30 16 167 167 164
31 16 165 165 162
32 16 161 161 158
33 16 158 158 155
34 16 163 164 161
35 16 169 170 167
36 16 169 169 166
37 16 169 169 166
38 16 172 172 169
39 16 170 170 168
40 16 170 171 168
41 16 173 173 171
42 16 178 178 176
43 16 189 188 185
44 16 191 190 186
45 16 186 185 180
18 17 157 154 149
19 17 126 123 119
20 17 149 148 144
21 17 155 155 152
22 17 159 160 156
23 17 162 163 159
24 17 165 163 157
25 17 179 173 166
26 17 170 168 163
27 17 168 167 163
28 17 167 167 163
29 17 167 166 163
30 17 168 168 164
31 17 166 166 163
32 17 166 166 163
33 17 166 166 163
34 17 167 167 164
35 17 168 168 165
36 17 166 166 163
37 17 168 168 165
38 17 167 167 164
39 17 167 167 164
40 17 169 169 166
41 17 170 170 167
42 17 167 167 165
43 17 174 175 172
44 17 184 184 181
45 17 188 187 183
46 17 181 178 173
19 18 122 121 117
20 18 150 150 146
21 18 157 158 153
22 18 160 161 156
23 18 162 160 154
24 18 175 170 162
25 18 171 168 162
26 18 165 164 160
27 18 165 164 160
28 18 164 164 160
29 18 167 166 163
30 18 165 165 162
31 18 165 165 161
32 18 164 164 161
33 18 167 167 163
34 18 165 166 162
35 18 164 165 161
36 18 165 166 162
37 18 165 165 162
38 18 165 165 162
39 18 165 165 162
40 18 166 167 163
41 18 164 165 162
42 18 166 166 163
43 18 169 170 167
44 18 168 168 165
45 18 178 179 176
46 18 184 185 183
47 18 183 182 180
19 19 135 134 129
20 19 150 149 145
21 19 158 158 154
22 19 160 157 152
23 19 173 167 160
24 19 170 167 161
25 19 163 162 158
26 19 163 162 158
27 19 163 163 159
28 19 164 163 160
29 19 164 164 161
30 19 163 163 159
31 19 163 163 160
32 19 164 164 161
33 19 163 163 160
34 19 162 163 159
35 19 163 164 160
36 19 163 164 161
37 19 163 163 160
38 19 163 164 160
39 19 163 164 160
40 19 163 163 160
41 19 162 163 159
42 19 165 165 162
43 19 165 165 162
44 19 166 167 164
45 19 168 170 168
46 19 157 160 159
47 19 191 193 193
19 20 142 140 134
20 20 150 149 144
21 20 157 155 149
22 20 170 163 155
23 20 167 163 157
24 20 163 161 157
25 20 160 159 155
26 20 161 161 157
27 20 161 161 157
28 20 162 162 158
29 20 161 160 157
30 20 162 161 158
31 20 162 162 159
32 20 161 161 157
33 20 161 161 158
34 20 161 161 158
35 20 161 162 159
36 20 161 161 158
37 20 160 160 157
38 20 162 162 159
39 20 161 162 158
40 20 160 160 157
41 20 161 162 158
42 20 163 163 160
43 20 164 164 161
44 20 167 168 166
45 20 144 146 145
46 20 78 81 80
19 21 136 132 125
20 21 144 138 131
21 21 167 158 149
22 21 167 161 154
23 21 161 158 154
24 21 161 159 155
25 21 161 159 155
26 21 159 158 154
27 21 160 159 155
28 21 159 159 155
29 21 159 158 155
30 21 159 158 155
31 21 160 159 156
32 21 159 158 155
33 21 158 158 155
34 21 158 158 155
35 21 159 159 156
36 21 158 158 155
37 21 159 159 156
38 21 160 159 156
39 21 157 157 154
40 21 159 159 156
41 21 161 161 158
42 21 161 161 158
43 21 162 163 161
44 21 141 143 142
45 21 64 66 65
19 22 105 93 83
20 22 153 138 127
21 22 164 153 144
22 22 155 151 146
23 22 157 155 151
24 22 158 156 152
25 22 158 156 152
26 22 158 157 152
27 22 158 157 153
28 22 157 156 152
29 22 156 156 152
30 22 157 157 154
31 22 157 157 154
32 22 157 157 154
33 22 157 157 153
34 22 157 157 154
35 22 158 158 155
36 22 155 155 152
37 22 157 156 153
38 22 157 156 153
39 22 156 156 153
40 22 159 159 155
41 22 161 161 158
42 22 161 162 160
43 22 138 140 139
44 22 64 66 65
20 23 145 127 114
21 23 151 141 132
22 23 152 147 141
23 23 154 151 147
24 23 155 153 149
25 23 156 154 150
26 23 157 156 151
27 23 155 154 150
28 23 154 153 149
29 23 153 153 149
30 23 156 155 152
31 23 155 154 151
32 23 154 153 150
33 23 154 154 150
34 23 155 155 151
35 23 153 153 150
36 23 154 153 150
37 23 154 154 150
38 23 155 154 151
39 23 156 155 152
40 23 158 158 154
41 23 159 160 158
42 23 139 141 140
43 23 63 65 64
21 24 146 137 128
22 24 148 142 135
23 24 149 144 138
24 24 150 147 143
25 24 154 152 148
26 24 154 152 148
27 24 154 152 148
28 24 152 151 147
29 24 153 152 148
30 24 152 151 147
31 24 152 152 148
32 24 148 148 144
33 24 138 139 136
34 24 133 134 131
35 24 137 137 134
36 24 149 149 145
37 24 153 152 149
38 24 153 152 148
39 24 156 155 151
40 24 158 159 156
41 24 135 136 134
42 24 63 64 63
23 25 133 127 120
24 25 147 143 137
25 25 150 146 141
26 25 150 147 143
27 25 150 148 144
28 25 152 150 146
29 25 150 149 145
30 25 149 148 144
31 25 145 145 141
32 25 116 116 113
33 25 72 73 71
34 25 60 60 59
35 25 78 78 75
36 25 133 134 130
37 25 148 148 144
38 25 152 151 147
39 25 156 156 153
40 25 136 137 135
41 25 62 63 62
25 26 143 138 132
26 26 144 140 134
27 26 148 144 139
28 26 147 145 141
29 26 148 146 142
30 26 146 145 141
31 26 132 132 128
32 26 67 68 66
33 26 12 12 12
34 26 3 3 3
35 26 48 48 46
36 26 123 123 119
37 26 148 148 144
38 26 153 153 150
39 26 135 135 133
40 26 63 63 62
26 27 130 125 118
27 27 142 137 131
28 27 144 140 134
29 27 143 141 136
30 27 144 142 138
31 27 129 128 125
32 27 67 67 65
33 27 23 23 22
34 27 33 33 31
35 27 76 75 71
36 27 132 131 127
37 27 149 149 145
38 27 130 131 128
39 27 63 63 62
28 28 126 120 115
29 28 137 132 126
30 28 139 135 129
31 28 133 131 126
32 28 113 111 106
33 28 100 97 93
34 28 110 107 103
35 28 127 125 119
36 28 143 142 138
37 28 126 126 123
38 28 60 60 58
30 29 136 130 123
31 29 132 127 120
32 29 134 130 124
33 29 132 129 123
34 29 136 133 127
35 29 139 137 131
36 29 122 120 115
37 29 59 58 56
31 30 44 40 36
32 30 127 120 113
33 30 128 122 115
34 30 132 127 121
35 30 116 113 108
36 30 56 55 51
33 31 126 118 110
34 31 114 106 100
35 31 50 47 43
