30 0 184 185 183
31 0 188 191 189
32 0 188 190 188
29 1 135 132 127
30 1 188 189 187
31 1 195 197 195
32 1 194 194 192
33 1 192 193 191
28 2 95 93 88
29 2 149 148 144
30 2 194 195 193
31 2 202 195 193
32 2 203 192 190
33 2 196 192 190
34 2 192 192 190
35 2 187 188 185
28 3 69 67 64
29 3 174 174 172
30 3 199 198 196
31 3 204 192 189
32 3 208 176 174
33 3 205 181 179
34 3 200 189 188
35 3 194 191 189
36 3 189 189 187
27 4 85 84 81
28 4 111 111 108
29 4 193 193 191
30 4 202 196 194
31 4 205 183 181
32 4 207 178 177
33 4 209 167 166
34 4 208 167 166
35 4 204 182 180
36 4 198 187 186
37 4 193 189 188
38 4 186 185 183
26 5 103 102 99
27 5 78 77 74
28 5 160 160 157
29 5 200 199 197
30 5 204 189 187
31 5 208 163 162
32 5 207 167 167
33 5 208 160 161
34 5 209 150 151
35 5 210 145 144
36 5 207 162 160
37 5 200 181 179
38 5 192 188 186
39 5 186 187 184
25 6 61 61 58
26 6 81 81 78
27 6 108 108 105
28 6 190 189 187
29 6 202 198 196
30 6 205 182 180
31 6 207 160 161
32 6 207 170 172
33 6 207 163 165
34 6 206 159 160
35 6 206 165 164
36 6 204 174 172
37 6 201 183 181
38 6 193 190 187
39 6 190 191 189
40 6 187 189 186
41 6 183 185 182
25 7 70 70 67
26 7 81 81 78
27 7 150 150 148
28 7 198 197 195
29 7 202 190 188
30 7 205 168 167
31 7 206 149 150
32 7 206 160 161
33 7 205 172 173
34 7 201 182 181
35 7 197 189 188
36 7 194 192 190
37 7 192 192 190
38 7 191 192 189
39 7 189 191 188
40 7 188 190 187
41 7 187 189 186
42 7 184 186 183
43 7 178 179 176
24 8 102 101 98
25 8 71 71 68
26 8 105 105 102
27 8 185 184 182
28 8 200 195 193
29 8 202 177 175
30 8 204 161 160
31 8 203 164 164
32 8 204 163 163
33 8 201 183 183
34 8 196 191 190
35 8 191 191 189
36 8 188 190 188
37 8 189 192 189
38 8 190 192 189
39 8 190 192 189
40 8 189 191 188
41 8 189 191 188
42 8 187 188 185
43 8 184 185 182
44 8 180 181 177
23 9 85 84 80
24 9 70 69 67
25 9 78 78 75
26 9 144 143 140
27 9 196 195 193
28 9 199 189 186
29 9 200 161 159
30 9 202 152 151
31 9 201 173 172
32 9 201 178 177
33 9 197 189 188
34 9 189 189 188
35 9 174 177 174
36 9 160 163 160
37 9 170 173 171
38 9 185 188 185
39 9 190 192 189
40 9 190 192 189
41 9 190 191 188
42 9 188 189 186
43 9 187 188 185
44 9 183 182 178
45 9 171 166 158
22 10 52 51 49
23 10 65 65 62
24 10 71 72 69
25 10 87 86 84
26 10 177 175 172
27 10 198 193 191
28 10 199 177 175
29 10 198 128 126
30 10 199 113 112
31 10 201 143 143
32 10 200 170 170
33 10 196 188 186
34 10 184 185 183
35 10 145 147 145
36 10 72 74 72
37 10 96 99 96
38 10 160 163 160
39 10 186 189 186
40 10 190 192 189
41 10 189 191 188
42 10 188 190 186
43 10 187 189 185
44 10 184 183 179
45 10 174 169 161
46 10 151 143 132
22 11 50 49 47
23 11 66 66 63
24 11 65 66 64
25 11 117 115 111
26 11 191 189 186
27 11 196 186 182
28 11 196 157 153
29 11 197 120 119
30 11 197 105 105
31 11 199 121 121
32 11 200 163 163
33 11 196 189 187
34 11 188 189 187
35 11 152 154 151
36 11 56 58 56
37 11 23 24 23
38 11 115 119 116
39 11 176 179 176
40 11 190 192 189
41 11 189 191 188
42 11 188 190 187
43 11 187 189 185
44 11 184 183 178
45 11 179 174 166
21 12 52 51 49
22 12 49 48 46
23 12 71 71 68
24 12 65 64 62
25 12 158 153 147
26 12 192 191 186
27 12 194 186 181
28 12 195 163 159
29 12 197 142 141
30 12 196 119 119
31 12 195 105 105
32 12 198 144 144
33 12 196 183 182
34 12 192 192 189
35 12 176 178 175
36 12 125 128 125
37 12 67 69 68
38 12 105 109 107
39 12 177 180 177
40 12 189 191 188
41 12 190 192 189
42 12 189 191 187
43 12 187 188 184
44 12 184 183 177
45 12 177 172 163
21 13 50 50 47
22 13 68 68 65
23 13 75 74 72
24 13 77 75 72
25 13 138 129 122
26 13 176 171 164
27 13 189 185 180
28 13 192 184 179
29 13 195 170 166
30 13 196 136 133
31 13 196 132 131
32 13 196 137 136
33 13 196 173 171
34 13 192 190 188
35 13 189 190 187
36 13 176 178 175
37 13 161 163 160
38 13 167 169 167
39 13 187 189 186
40 13 190 192 189
41 13 190 191 188
42 13 189 191 187
43 13 187 188 184
44 13 184 182 175
45 13 178 172 162
20 14 55 54 52
21 14 51 51 49
22 14 82 81 78
23 14 83 82 80
24 14 90 87 82
25 14 58 55 51
26 14 95 89 82
27 14 157 151 145
28 14 182 179 173
29 14 189 185 181
30 14 192 177 174
31 14 196 163 161
32 14 196 144 142
33 14 196 152 149
34 14 194 185 183
35 14 192 193 190
36 14 191 192 189
37 14 189 191 188
38 14 189 191 189
39 14 190 192 189
40 14 191 193 189
41 14 190 191 188
42 14 189 191 187
43 14 187 187 183
44 14 183 180 173
45 14 181 176 167
20 15 52 51 49
21 15 59 58 56
22 15 81 80 77
23 15 93 91 87
24 15 69 67 62
25 15 49 47 44
26 15 34 33 30
27 15 40 38 35
28 15 119 114 108
29 15 167 164 158
30 15 185 183 178
31 15 191 186 183
32 15 194 177 174
33 15 195 160 157
34 15 194 178 175
35 15 193 191 189
36 15 192 193 190
37 15 191 192 189
38 15 191 193 190
39 15 191 192 189
40 15 191 193 189
41 15 190 191 188
42 15 190 191 187
43 15 188 187 182
44 15 184 179 172
45 15 178 169 158
20 16 46 45 43
21 16 75 74 71
22 16 91 89 86
23 16 95 93 88
24 16 56 54 51
25 16 21 20 19
26 16 8 7 7
27 16 10 10 9
28 16 24 23 21
29 16 70 67 63
30 16 139 135 128
31 16 177 174 169
32 16 189 186 182
33 16 193 185 182
34 16 194 181 178
35 16 193 191 188
36 16 192 192 190
37 16 192 193 190
38 16 192 193 190
39 16 191 192 189
40 16 191 192 189
41 16 190 192 188
42 16 189 190 186
43 16 187 185 180
44 16 184 178 169
19 17 48 46 44
20 17 54 53 50
21 17 80 78 74
22 17 100 99 96
23 17 66 64 61
24 17 48 47 45
25 17 24 23 22
26 17 4 4 4
27 17 1 1 1
28 17 6 6 6
29 17 31 31 29
30 17 51 50 47
31 17 101 98 92
32 17 158 154 148
33 17 182 180 175
34 17 189 188 184
35 17 192 191 188
36 17 192 193 189
37 17 192 193 190
38 17 192 192 189
39 17 191 192 189
40 17 192 192 189
41 17 190 191 187
42 17 189 189 185
43 17 186 183 176
44 17 184 176 167
19 18 47 45 42
20 18 76 74 70
21 18 100 99 96
22 18 72 72 69
23 18 58 57 55
24 18 55 55 52
25 18 44 44 42
26 18 27 27 25
27 18 17 17 16
28 18 20 20 19
29 18 40 40 39
30 18 53 52 50
31 18 56 55 52
32 18 56 55 51
33 18 119 115 109
34 18 170 167 162
35 18 186 185 181
36 18 191 191 187
37 18 192 192 189
38 18 191 192 188
39 18 191 192 188
40 18 192 192 189
41 18 190 191 187
42 18 190 189 184
43 18 186 181 174
44 18 183 173 163
18 19 48 46 42
19 19 64 62 59
20 19 93 92 89
21 19 77 77 74
22 19 62 61 59
23 19 59 59 57
24 19 59 58 56
25 19 56 56 54
26 19 52 52 50
27 19 47 47 45
28 19 48 48 46
29 19 54 53 51
30 19 56 56 53
31 19 57 57 54
32 19 57 56 53
33 19 57 56 53
34 19 73 71 66
35 19 142 139 133
36 19 176 174 169
37 19 188 187 183
38 19 190 190 186
39 19 191 191 187
40 19 191 191 187
41 19 190 191 187
42 19 188 186 181
43 19 185 178 170
44 19 183 172 161
18 20 52 51 48
19 20 91 90 87
20 20 82 83 80
21 20 58 58 55
22 20 54 54 52
23 20 56 56 54
24 20 60 60 58
25 20 59 59 56
26 20 59 59 56
27 20 59 58 56
28 20 59 58 56
29 20 59 58 56
30 20 59 58 56
31 20 58 58 55
32 20 58 57 54
33 20 58 57 54
34 20 58 57 54
35 20 56 55 52
36 20 99 96 91
37 20 156 153 147
38 20 181 179 174
39 20 189 188 184
40 20 190 190 185
41 20 189 189 184
42 20 187 184 178
43 20 184 175 165
17 21 56 56 54
18 21 71 70 67
19 21 91 93 91
20 21 54 54 52
21 21 25 25 24
22 21 23 24 23
23 21 34 35 34
24 21 52 52 51
25 21 60 60 58
26 21 60 60 58
27 21 60 59 57
28 21 60 60 57
29 21 60 59 57
30 21 59 59 57
31 21 59 59 57
32 21 59 58 56
33 21 58 58 55
34 21 52 51 49
35 21 41 41 38
36 21 36 36 34
37 21 37 37 35
38 21 111 108 103
39 21 164 162 156
40 21 183 181 176
41 21 186 184 178
42 21 185 178 170
43 21 182 170 160
17 22 56 57 55
18 22 76 77 75
19 22 68 69 67
20 22 46 47 45
21 22 14 15 14
22 22 2 2 2
23 22 8 9 9
24 22 37 38 37
25 22 57 58 56
26 22 61 61 59
27 22 61 61 59
28 22 61 60 58
29 22 61 60 58
30 22 60 60 58
31 22 60 60 57
32 22 60 60 58
33 22 58 58 55
34 22 47 47 44
35 22 22 22 20
36 22 7 7 7
37 22 8 8 7
38 22 22 22 21
39 22 64 62 60
40 22 140 135 129
41 22 169 162 155
42 22 176 164 154
43 22 173 156 144
18 23 59 60 58
19 23 62 63 61
20 23 57 58 56
21 23 41 42 41
22 23 24 25 24
23 23 22 23 23
24 23 40 42 41
25 23 58 58 57
26 23 62 62 60
27 23 61 61 59
28 23 61 61 59
29 23 61 61 59
30 23 61 61 59
31 23 61 60 58
32 23 61 60 58
33 23 59 59 57
34 23 52 52 50
35 23 30 29 28
36 23 9 9 9
37 23 4 4 4
38 23 7 8 7
39 23 35 35 34
40 23 57 56 53
41 23 109 100 93
42 23 154 138 127
43 23 159 140 126
20 24 60 61 60
21 24 57 59 57
22 24 55 56 55
23 24 55 56 55
24 24 58 59 58
25 24 61 62 60
26 24 62 62 60
27 24 62 62 60
28 24 62 62 60
29 24 62 61 59
30 24 61 61 59
31 24 62 61 59
32 24 62 62 59
33 24 61 61 59
34 24 60 60 57
35 24 53 52 50
36 24 40 39 38
37 24 33 33 32
38 24 33 33 32
39 24 62 60 58
40 24 93 89 84
41 24 85 77 70
42 24 58 50 44
22 25 63 64 62
23 25 62 63 62
24 25 63 64 62
25 25 64 64 62
26 25 64 64 62
27 25 63 63 61
28 25 62 62 60
29 25 59 59 57
30 25 56 56 54
31 25 57 57 55
32 25 60 59 57
33 25 62 62 60
34 25 62 62 60
35 25 62 61 59
36 25 61 60 58
37 25 58 58 55
38 25 83 79 75
39 25 101 96 91
40 25 59 55 51
24 26 63 64 62
25 26 64 64 62
26 26 64 64 62
27 26 63 64 62
28 26 60 61 59
29 26 44 45 43
30 26 26 26 25
31 26 28 28 27
32 26 39 40 38
33 26 55 55 53
34 26 63 62 60
35 26 63 63 61
36 26 66 65 63
37 26 89 85 81
38 26 107 101 95
39 26 62 59 55
25 27 62 62 60
26 27 63 64 62
27 27 64 65 63
28 27 62 62 61
29 27 43 43 41
30 27 12 12 12
31 27 2 2 2
32 27 11 11 11
33 27 39 39 39
34 27 60 61 59
35 27 71 70 67
36 27 95 91 86
37 27 92 86 81
38 27 62 58 54
27 28 62 63 61
28 28 63 63 62
29 28 56 56 54
30 28 41 42 40
31 28 25 26 25
32 28 25 26 25
33 28 39 40 39
34 28 74 73 70
35 28 96 92 88
36 28 62 59 55
37 28 62 57 52
29 29 62 62 61
30 29 60 60 59
31 29 57 57 56
32 29 57 57 55
33 29 77 75 71
34 29 97 94 89
35 29 61 58 54
31 30 62 61 59
32 30 82 78 73
33 30 91 87 80
34 30 62 59 55
33 31 51 46 41
