33 0 182 177 169
34 0 175 167 155
31 1 190 190 187
32 1 192 192 188
33 1 191 189 184
34 1 188 183 175
35 1 182 175 165
29 2 188 189 186
30 2 192 193 191
31 2 193 194 192
32 2 192 193 190
33 2 187 187 184
34 2 191 189 185
35 2 190 186 180
36 2 186 178 170
28 3 191 192 190
29 3 193 194 192
30 3 192 194 191
31 3 184 185 183
32 3 156 157 155
33 3 130 131 129
34 3 162 163 160
35 3 189 189 185
36 3 193 187 182
37 3 193 182 174
26 4 191 192 190
27 4 192 193 191
28 4 195 195 193
29 4 195 196 194
30 4 188 189 186
31 4 145 146 144
32 4 55 56 55
33 4 21 22 21
34 4 73 75 73
35 4 165 166 164
36 4 193 191 188
37 4 194 189 183
38 4 192 181 174
24 5 189 190 187
25 5 191 192 190
26 5 194 195 192
27 5 194 195 192
28 5 195 196 193
29 5 195 196 193
30 5 191 191 189
31 5 161 162 160
32 5 67 68 66
33 5 14 14 14
34 5 69 69 68
35 5 152 153 151
36 5 191 191 188
37 5 195 193 190
38 5 194 188 183
39 5 193 183 176
22 6 186 188 185
23 6 190 191 189
24 6 193 194 192
25 6 194 195 193
26 6 194 195 192
27 6 194 195 192
28 6 195 195 193
29 6 194 195 193
30 6 193 194 192
31 6 187 187 185
32 6 156 157 154
33 6 130 131 129
34 6 163 164 162
35 6 186 187 184
36 6 194 194 192
37 6 196 195 193
38 6 195 193 189
39 6 195 189 183
40 6 195 184 176
20 7 183 184 182
21 7 188 190 188
22 7 189 191 189
23 7 188 190 188
24 7 185 187 185
25 7 188 190 187
26 7 191 192 189
27 7 194 194 192
28 7 194 194 192
29 7 194 194 192
30 7 194 194 192
31 7 193 193 191
32 7 189 190 187
33 7 187 187 185
34 7 191 191 189
35 7 194 194 192
36 7 195 195 193
37 7 196 196 193
38 7 195 195 192
39 7 195 193 189
40 7 194 188 182
41 7 195 185 178
19 8 183 186 184
20 8 189 191 189
21 8 191 192 190
22 8 183 185 183
23 8 156 158 156
24 8 124 126 124
25 8 140 142 141
26 8 165 167 164
27 8 190 190 188
28 8 192 193 190
29 8 192 193 190
30 8 192 193 190
31 8 188 188 186
32 8 188 189 187
33 8 191 192 189
34 8 193 194 191
35 8 194 194 192
36 8 195 195 193
37 8 195 195 193
38 8 196 195 193
39 8 196 195 193
40 8 196 193 190
41 8 195 188 183
42 8 194 182 175
18 9 159 161 159
19 9 180 182 181
20 9 193 195 194
21 9 190 192 190
22 9 160 161 159
23 9 68 70 68
24 9 17 18 17
25 9 34 35 35
26 9 110 113 111
27 9 179 180 177
28 9 191 192 189
29 9 190 190 188
30 9 176 176 174
31 9 142 143 140
32 9 141 143 142
33 9 158 159 157
34 9 185 186 184
35 9 194 194 192
36 9 195 195 193
37 9 195 195 193
38 9 194 194 191
39 9 190 189 187
40 9 191 190 187
41 9 194 191 188
42 9 193 186 181
43 9 193 181 174
18 10 57 57 56
19 10 137 140 139
20 10 187 190 189
21 10 190 192 190
22 10 154 156 153
23 10 60 61 59
24 10 8 8 8
25 10 31 32 31
26 10 122 124 123
27 10 178 179 177
28 10 191 192 189
29 10 182 183 180
30 10 134 134 132
31 10 42 42 41
32 10 25 25 25
33 10 56 57 56
34 10 153 155 153
35 10 190 191 189
36 10 194 194 192
37 10 191 191 188
38 10 171 171 168
39 10 140 141 139
40 10 148 149 147
41 10 173 172 170
42 10 187 183 179
43 10 193 185 180
44 10 192 180 172
18 11 53 53 51
19 11 52 53 52
20 11 151 153 152
21 11 190 192 190
22 11 176 177 175
23 11 140 141 138
24 11 114 115 112
25 11 126 126 125
26 11 161 163 161
27 11 185 186 184
28 11 190 190 188
29 11 184 185 182
30 11 143 143 140
31 11 43 43 41
32 11 3 3 2
33 11 42 43 42
34 11 136 137 135
35 11 185 186 184
36 11 193 193 191
37 11 185 185 182
38 11 127 127 124
39 11 34 34 33
40 11 36 36 36
41 11 101 101 99
42 11 170 168 166
43 11 193 189 185
44 11 193 184 178
45 11 190 176 168
18 12 51 51 50
19 12 45 46 44
20 12 51 52 51
21 12 162 164 162
22 12 191 193 191
23 12 187 187 185
24 12 181 181 178
25 12 181 181 178
26 12 184 184 181
27 12 189 189 186
28 12 189 189 187
29 12 187 187 185
30 12 167 167 164
31 12 125 125 123
32 12 89 88 85
33 12 115 114 111
34 12 165 166 163
35 12 189 189 187
36 12 192 192 190
37 12 183 183 181
38 12 119 118 115
39 12 16 16 16
40 12 4 4 4
41 12 54 54 53
42 12 160 160 158
43 12 192 190 187
44 12 194 189 183
45 12 190 179 171
46 12 182 165 155
19 13 50 51 49
20 13 52 52 51
21 13 64 64 62
22 13 172 174 172
23 13 193 194 192
24 13 192 191 188
25 13 188 188 184
26 13 188 187 184
27 13 190 189 187
28 13 190 189 187
29 13 189 189 186
30 13 185 186 183
31 13 180 181 178
32 13 174 174 171
33 13 174 174 171
34 13 184 184 181
35 13 190 190 187
36 13 192 192 189
37 13 190 190 187
38 13 168 167 164
39 13 106 106 103
40 13 91 91 88
41 13 110 110 108
42 13 170 169 167
43 13 192 191 188
44 13 193 189 184
45 13 182 172 165
46 13 172 156 147
19 14 48 48 47
20 14 67 67 65
21 14 23 23 22
22 14 101 102 100
23 14 180 180 178
24 14 194 194 191
25 14 191 191 188
26 14 188 188 185
27 14 189 188 186
28 14 189 189 186
29 14 188 188 185
30 14 186 187 184
31 14 187 187 185
32 14 187 188 185
33 14 189 189 186
34 14 189 189 187
35 14 191 190 188
36 14 192 191 188
37 14 192 191 188
38 14 190 189 186
39 14 179 178 175
40 14 176 176 172
41 14 176 175 172
42 14 188 187 183
43 14 189 186 182
44 14 172 166 160
45 14 140 132 124
46 14 145 134 125
19 15 47 47 45
20 15 66 66 64
21 15 23 24 23
22 15 33 33 31
23 15 124 125 123
24 15 187 187 185
25 15 193 193 190
26 15 190 190 187
27 15 189 189 186
28 15 187 187 184
29 15 183 183 180
30 15 174 175 172
31 15 171 172 170
32 15 172 173 170
33 15 186 186 183
34 15 189 188 186
35 15 191 190 187
36 15 192 191 188
37 15 192 190 187
38 15 192 191 188
39 15 192 191 187
40 15 193 192 188
41 15 191 190 186
42 15 183 180 176
43 15 146 142 136
44 15 115 111 106
45 15 130 124 117
19 16 48 48 46
20 16 64 65 62
21 16 25 25 25
22 16 36 36 35
23 16 52 52 50
24 16 144 144 142
25 16 190 190 188
26 16 192 192 189
27 16 190 189 186
28 16 186 186 183
29 16 166 166 162
30 16 124 124 121
31 16 92 93 90
32 16 96 97 95
33 16 162 162 160
34 16 186 186 183
35 16 190 189 186
36 16 191 190 186
37 16 192 190 186
38 16 192 191 187
39 16 192 190 186
40 16 190 188 184
41 16 173 169 164
42 16 110 106 100
43 16 78 75 71
44 16 106 102 96
45 16 138 133 126
19 17 46 45 43
20 17 60 59 57
21 17 24 24 23
22 17 35 35 34
23 17 53 53 51
24 17 59 58 55
25 17 159 159 156
26 17 191 191 189
27 17 190 190 187
28 17 183 182 179
29 17 140 140 136
30 17 45 45 43
31 17 8 8 7
32 17 8 8 8
33 17 107 107 104
34 17 177 176 173
35 17 190 188 184
36 17 191 189 185
37 17 191 189 185
38 17 191 189 184
39 17 184 181 177
40 17 156 152 148
41 17 78 76 72
42 17 63 62 59
43 17 104 101 96
44 17 113 108 102
45 17 153 149 142
19 18 51 49 45
20 18 48 47 44
21 18 26 26 24
22 18 30 31 30
23 18 50 50 48
24 18 58 58 55
25 18 77 75 71
26 18 164 164 162
27 18 189 189 186
28 18 184 183 180
29 18 148 147 144
30 18 55 54 52
31 18 6 6 5
32 18 13 13 12
33 18 108 108 105
34 18 177 176 172
35 18 188 187 182
36 18 189 187 183
37 18 188 186 182
38 18 177 174 170
39 18 144 142 138
40 18 96 95 92
41 18 83 82 79
42 18 104 103 99
43 18 116 113 108
44 18 131 127 121
20 19 47 45 41
21 19 34 32 30
22 19 31 31 30
23 19 51 51 49
24 19 58 58 56
25 19 52 52 49
26 19 91 90 86
27 19 171 170 166
28 19 186 185 181
29 19 174 172 168
30 19 140 138 134
31 19 89 87 83
32 19 94 92 88
33 19 150 148 143
34 19 182 180 175
35 19 188 186 181
36 19 181 180 175
37 19 161 159 155
38 19 134 133 129
39 19 121 121 118
40 19 108 107 104
41 19 113 112 108
42 19 111 110 105
43 19 107 103 98
44 19 127 122 116
21 20 42 40 37
22 20 35 34 32
23 20 49 49 47
24 20 60 59 57
25 20 52 52 49
26 20 35 34 32
27 20 103 101 97
28 20 177 175 171
29 20 187 185 180
30 20 180 179 174
31 20 167 165 160
32 20 170 168 163
33 20 182 180 175
34 20 184 182 178
35 20 174 173 169
36 20 143 143 139
37 20 128 128 124
38 20 124 124 121
39 20 121 120 117
40 20 115 114 111
41 20 98 97 93
42 20 88 86 82
43 20 103 98 93
44 20 129 123 117
21 21 48 46 43
22 21 43 42 39
23 21 51 51 48
24 21 60 59 57
25 21 54 54 52
26 21 37 37 35
27 21 21 20 19
28 21 122 119 114
29 21 180 178 174
30 21 187 185 181
31 21 185 182 178
32 21 184 182 177
33 21 179 177 173
34 21 146 145 142
35 21 106 106 104
36 21 119 119 116
37 21 123 122 119
38 21 123 122 119
39 21 113 113 109
40 21 84 83 80
41 21 69 67 64
42 21 91 85 80
43 21 115 107 101
22 22 52 50 47
23 22 57 55 52
24 22 61 60 58
25 22 53 53 51
26 22 37 37 35
27 22 20 20 19
28 22 24 23 22
29 22 141 138 133
30 22 181 179 175
31 22 184 182 178
32 22 170 169 166
33 22 116 117 114
34 22 63 64 62
35 22 105 105 103
36 22 120 120 117
37 22 122 122 119
38 22 113 112 109
39 22 83 83 80
40 22 60 58 55
41 22 78 72 68
42 22 82 75 70
43 22 119 108 103
23 23 58 56 53
24 23 60 58 56
25 23 55 54 52
26 23 36 36 35
27 23 20 20 19
28 23 22 22 21
29 23 53 50 46
30 23 144 141 137
31 23 151 151 148
32 23 91 92 90
33 23 60 61 60
34 23 100 101 99
35 23 124 124 121
36 23 120 120 117
37 23 116 115 112
38 23 104 103 100
39 23 76 73 70
40 23 64 58 55
41 23 75 65 60
24 24 58 56 53
25 24 53 52 49
26 24 37 37 35
27 24 21 21 20
28 24 28 28 26
29 24 36 35 33
30 24 114 114 111
31 24 111 112 110
32 24 91 93 91
33 24 109 110 108
34 24 122 122 119
35 24 118 118 115
36 24 114 114 111
37 24 116 115 112
38 24 101 98 94
39 24 78 72 69
40 24 47 43 40
24 25 53 50 47
25 25 50 48 45
26 25 36 35 33
27 25 21 21 20
28 25 27 26 25
29 25 40 38 36
30 25 124 125 122
31 25 120 122 119
32 25 120 122 119
33 25 119 119 116
34 25 107 107 105
35 25 109 109 106
36 25 115 113 110
37 25 103 99 95
38 25 88 82 78
25 26 48 45 42
26 26 36 35 32
27 26 22 21 20
28 26 29 28 27
29 26 41 39 37
30 26 125 125 123
31 26 123 123 121
32 26 112 112 110
33 26 79 79 77
34 26 92 91 89
35 26 109 106 103
36 26 102 98 94
37 26 62 59 56
26 27 38 35 33
27 27 27 25 23
28 27 32 31 29
29 27 53 51 48
30 27 120 121 118
31 27 107 107 105
32 27 63 64 62
33 27 69 68 66
34 27 96 93 89
35 27 83 78 74
36 27 60 55 51
27 28 36 33 30
28 28 35 32 30
29 28 59 56 53
30 28 113 114 111
31 28 77 78 75
32 28 74 74 71
33 28 74 72 68
34 28 45 44 42
28 29 43 39 36
29 29 71 66 62
30 29 108 107 104
31 29 90 89 86
32 29 74 72 68
33 29 49 47 44
28 30 42 38 35
29 30 85 78 72
30 30 97 95 91
31 30 96 93 89
29 31 49 46 42
30 31 54 51 48
