34 0 162 157 150
32 1 157 150 142
33 1 165 157 151
34 1 168 163 157
31 2 161 155 147
32 2 166 160 153
33 2 177 172 167
34 2 171 168 163
35 2 174 170 164
29 3 162 157 150
30 3 164 159 152
31 3 168 164 157
32 3 175 172 167
33 3 187 185 181
34 3 171 169 165
35 3 166 164 159
36 3 176 172 167
28 4 161 157 150
29 4 164 160 154
30 4 171 168 162
31 4 177 175 170
32 4 184 183 179
33 4 193 193 190
34 4 181 180 177
35 4 158 158 155
36 4 162 158 154
37 4 179 173 168
26 5 160 155 149
27 5 163 159 153
28 5 167 164 159
29 5 174 172 167
30 5 178 177 173
31 5 185 184 180
32 5 189 189 186
33 5 196 196 194
34 5 190 190 187
35 5 180 180 177
36 5 150 148 145
37 5 166 163 158
25 6 158 154 147
26 6 162 159 154
27 6 169 167 162
28 6 175 174 170
29 6 180 179 176
30 6 184 184 180
31 6 187 187 183
32 6 191 191 189
33 6 198 199 197
34 6 190 190 187
35 6 194 194 192
36 6 168 168 166
37 6 157 155 152
38 6 175 171 167
23 7 148 143 136
24 7 153 149 143
25 7 159 157 152
26 7 169 168 164
27 7 169 169 165
28 7 175 175 172
29 7 181 182 179
30 7 176 177 174
31 7 172 172 169
32 7 187 188 186
33 7 196 198 196
34 7 182 183 180
35 7 190 190 188
36 7 188 189 186
37 7 170 170 168
38 7 174 172 169
39 7 177 173 169
22 8 140 134 127
23 8 134 130 124
24 8 145 143 138
25 8 158 158 154
26 8 153 152 149
27 8 142 143 140
28 8 169 169 167
29 8 164 165 162
30 8 130 131 129
31 8 156 158 155
32 8 191 193 191
33 8 197 198 197
34 8 185 186 184
35 8 164 165 163
36 8 184 185 182
37 8 184 184 182
38 8 176 176 173
39 8 178 176 172
40 8 175 171 167
20 9 143 131 121
21 9 139 130 123
22 9 122 117 112
23 9 115 113 109
24 9 146 146 143
25 9 139 139 136
26 9 112 113 110
27 9 148 149 147
28 9 158 159 157
29 9 122 124 122
30 9 142 143 141
31 9 183 184 183
32 9 189 190 189
33 9 188 190 190
34 9 197 199 198
35 9 166 167 165
36 9 153 154 151
37 9 179 180 177
38 9 167 167 165
39 9 174 173 170
40 9 171 169 165
41 9 172 167 163
20 10 146 135 126
21 10 134 126 118
22 10 112 110 107
23 10 141 141 138
24 10 155 156 153
25 10 139 140 137
26 10 162 163 160
27 10 173 174 172
28 10 157 159 157
29 10 160 162 160
30 10 180 181 179
31 10 182 183 181
32 10 160 161 159
33 10 154 156 155
34 10 186 189 189
35 10 190 193 191
36 10 140 141 139
37 10 162 163 160
38 10 147 147 145
39 10 152 153 150
40 10 162 161 158
41 10 159 155 151
19 11 164 155 147
20 11 153 146 139
21 11 147 143 139
22 11 155 155 152
23 11 170 170 167
24 11 172 173 170
25 11 176 177 175
26 11 187 188 185
27 11 185 186 184
28 11 183 184 182
29 11 182 183 181
30 11 169 171 168
31 11 133 135 132
32 11 112 113 110
33 11 133 134 132
34 11 158 160 158
35 11 189 192 191
36 11 178 179 177
37 11 163 163 161
38 11 159 159 156
39 11 125 126 123
40 11 150 150 147
41 11 143 139 136
42 11 157 152 149
19 12 172 165 158
20 12 168 164 158
21 12 171 170 166
22 12 176 176 173
23 12 181 181 178
24 12 184 185 182
25 12 188 189 187
26 12 191 192 189
27 12 187 188 185
28 12 177 178 176
29 12 147 148 146
30 12 104 105 103
31 12 50 51 49
32 12 44 45 43
33 12 69 70 68
34 12 122 123 120
35 12 165 167 165
36 12 192 194 192
37 12 188 189 186
38 12 182 182 179
39 12 154 154 151
40 12 150 150 147
41 12 136 135 132
42 12 138 134 130
43 12 157 151 146
19 13 173 168 161
20 13 175 172 167
21 13 178 178 175
22 13 183 183 180
23 13 185 186 183
24 13 188 189 186
25 13 189 189 187
26 13 184 184 182
27 13 165 166 163
28 13 137 138 135
29 13 106 108 106
30 13 37 38 37
31 13 3 3 3
32 13 3 3 3
33 13 4 4 4
34 13 82 82 79
35 13 134 134 131
36 13 171 172 170
37 13 195 196 194
38 13 192 192 189
39 13 183 183 180
40 13 165 166 163
41 13 158 158 155
42 13 134 130 127
43 13 148 142 137
18 14 178 172 164
19 14 173 169 163
20 14 180 179 175
21 14 183 183 180
22 14 185 186 183
23 14 188 188 186
24 14 185 185 183
25 14 173 174 171
26 14 145 146 143
27 14 116 117 115
28 14 119 121 119
29 14 107 110 108
30 14 43 45 45
31 14 2 2 2
32 14 1 1 1
33 14 9 9 9
34 14 66 66 64
35 14 122 122 118
36 14 137 137 133
37 14 178 179 177
38 14 196 196 194
39 14 191 190 187
40 14 181 181 178
41 14 175 175 172
42 14 158 157 154
43 14 148 145 140
44 14 152 147 142
18 15 181 176 169
19 15 178 174 169
20 15 183 182 179
21 15 185 185 182
22 15 185 186 183
23 15 180 180 178
24 15 157 158 155
25 15 115 117 114
26 15 61 62 60
27 15 51 52 51
28 15 60 61 60
29 15 100 103 102
30 15 91 94 94
31 15 34 36 35
32 15 25 26 25
33 15 56 56 54
34 15 98 98 96
35 15 130 130 126
36 15 135 135 130
37 15 142 142 138
38 15 181 181 179
39 15 193 193 190
40 15 185 184 182
41 15 172 172 169
42 15 171 170 167
43 15 164 162 158
44 15 156 153 149
18 16 178 173 166
19 16 181 179 174
20 16 184 184 181
21 16 181 182 179
22 16 168 169 167
23 16 142 143 141
24 16 118 119 117
25 16 56 58 56
26 16 6 7 6
27 16 2 2 2
28 16 3 3 3
29 16 56 58 57
30 16 112 115 113
31 16 103 104 103
32 16 101 102 99
33 16 107 107 105
34 16 124 124 121
35 16 131 130 127
36 16 127 127 122
37 16 135 134 129
38 16 145 145 141
39 16 182 182 179
40 16 188 187 184
41 16 162 161 158
42 16 158 157 153
43 16 171 169 165
44 16 165 162 158
17 17 181 175 166
18 17 175 170 163
19 17 180 178 174
20 17 172 172 169
21 17 149 150 148
22 17 114 115 113
23 17 109 110 108
24 17 109 111 109
25 17 61 64 63
26 17 11 12 11
27 17 1 1 1
28 17 3 3 3
29 17 52 53 51
30 17 109 110 108
31 17 127 128 125
32 17 126 126 123
33 17 127 127 124
34 17 127 126 123
35 17 125 125 121
36 17 127 126 122
37 17 127 125 120
38 17 132 130 125
39 17 148 147 142
40 17 183 181 177
41 17 172 170 166
42 17 128 127 123
43 17 161 159 154
44 17 166 164 159
17 18 170 163 153
18 18 169 164 156
19 18 160 159 154
20 18 126 127 124
21 18 79 80 77
22 18 41 42 40
23 18 47 48 46
24 18 66 68 67
25 18 84 88 86
26 18 56 58 57
27 18 23 24 23
28 18 48 49 47
29 18 87 88 86
30 18 119 119 116
31 18 126 126 122
32 18 124 124 120
33 18 129 128 125
34 18 127 127 123
35 18 126 125 121
36 18 125 123 118
37 18 123 121 116
38 18 122 120 114
39 18 124 122 116
40 18 156 154 149
41 18 181 179 175
42 18 148 145 141
43 18 138 136 131
44 18 163 160 155
17 19 128 119 107
18 19 147 140 131
19 19 125 123 118
20 19 88 88 85
21 19 24 25 24
22 19 1 1 1
23 19 2 2 2
24 19 16 16 16
25 19 85 87 85
26 19 110 111 109
27 19 100 101 98
28 19 105 106 103
29 19 115 115 111
30 19 123 123 119
31 19 124 124 121
32 19 125 124 121
33 19 124 124 120
34 19 121 121 117
35 19 124 124 120
36 19 120 119 113
37 19 110 108 103
38 19 105 103 98
39 19 101 99 93
40 19 116 114 108
41 19 163 161 156
42 19 175 172 167
43 19 153 150 144
44 19 161 158 153
18 20 61 56 49
19 20 132 128 121
20 20 99 98 94
21 20 42 42 41
22 20 6 6 6
23 20 2 2 2
24 20 28 29 28
25 20 89 90 88
26 20 119 119 116
27 20 124 124 120
28 20 123 123 120
29 20 124 123 120
30 20 124 123 120
31 20 123 123 119
32 20 122 122 118
33 20 121 121 117
34 20 122 122 117
35 20 118 118 114
36 20 104 104 99
37 20 75 75 70
38 20 48 47 44
39 20 35 34 32
40 20 77 75 70
41 20 120 118 113
42 20 163 161 156
43 20 175 172 167
44 20 168 165 160
45 20 163 160 154
19 21 59 54 48
20 21 119 114 107
21 21 86 85 82
22 21 55 55 53
23 21 52 52 51
24 21 76 76 74
25 21 109 109 106
26 21 122 122 119
27 21 121 121 118
28 21 123 123 119
29 21 123 122 119
30 21 122 122 118
31 21 121 121 117
32 21 119 119 115
33 21 119 118 114
34 21 115 115 111
35 21 112 112 108
36 21 79 79 76
37 21 23 23 21
38 21 2 2 2
39 21 1 1 1
40 21 26 25 23
41 21 91 89 84
42 21 123 120 115
43 21 164 160 155
44 21 171 167 161
45 21 167 163 158
20 22 120 112 102
21 22 124 121 115
22 22 109 108 105
23 22 109 108 106
24 22 112 112 109
25 22 118 118 115
26 22 122 122 119
27 22 123 122 119
28 22 121 121 117
29 22 120 120 116
30 22 119 119 115
31 22 117 117 113
32 22 108 108 104
33 22 97 96 93
34 22 86 86 83
35 22 97 97 94
36 22 83 83 80
37 22 26 26 25
38 22 4 4 3
39 22 1 1 1
40 22 27 26 24
41 22 84 82 77
42 22 108 105 99
43 22 123 118 112
44 22 153 146 139
45 22 158 150 144
21 23 134 126 118
22 23 127 123 117
23 23 120 118 114
24 23 120 119 116
25 23 121 121 118
26 23 121 120 117
27 23 119 118 115
28 23 120 120 117
29 23 120 119 116
30 23 118 117 114
31 23 109 109 106
32 23 71 71 68
33 23 41 41 39
34 23 25 25 24
35 23 42 43 41
36 23 87 88 84
37 23 73 73 70
38 23 44 44 42
39 23 45 44 42
40 23 74 72 67
41 23 100 96 91
42 23 103 99 93
43 23 98 92 85
44 23 116 107 99
45 23 155 145 138
22 24 144 137 128
23 24 127 123 117
24 24 119 117 113
25 24 121 120 117
26 24 120 119 116
27 24 118 118 114
28 24 116 116 112
29 24 115 115 111
30 24 114 114 110
31 24 97 98 95
32 24 36 36 35
33 24 2 3 2
34 24 1 1 1
35 24 7 7 7
36 24 67 67 64
37 24 99 98 94
38 24 95 94 89
39 24 95 93 88
40 24 101 97 92
41 24 97 92 87
42 24 90 85 79
43 24 101 94 87
23 25 138 130 122
24 25 128 123 117
25 25 118 116 113
26 25 118 117 114
27 25 107 107 104
28 25 92 93 90
29 25 81 81 78
30 25 85 85 81
31 25 93 94 91
32 25 68 69 67
33 25 20 20 19
34 25 8 8 8
35 25 24 23 22
36 25 78 77 73
37 25 105 103 98
38 25 106 103 98
39 25 102 98 93
40 25 93 89 84
41 25 86 81 75
24 26 132 125 117
25 26 124 120 114
26 26 113 111 108
27 26 83 83 80
28 26 35 35 34
29 26 15 15 15
30 26 25 25 23
31 26 55 54 52
32 26 96 97 94
33 26 77 76 74
34 26 64 64 61
35 26 80 79 75
36 26 99 97 92
37 26 104 101 96
38 26 88 85 80
39 26 83 80 74
40 26 47 45 41
25 27 133 126 118
26 27 117 113 108
27 27 66 64 62
28 27 11 10 10
29 27 1 1 1
30 27 1 1 1
31 27 43 43 41
32 27 99 99 96
33 27 105 104 100
34 27 103 101 97
35 27 102 99 94
36 27 93 90 85
37 27 96 92 86
38 27 51 48 45
26 28 127 119 111
27 28 83 77 71
28 28 43 42 39
29 28 21 21 19
30 28 33 32 31
31 28 72 71 68
32 28 103 102 98
33 28 107 104 99
34 28 100 97 91
35 28 106 102 96
36 28 53 50 47
27 29 121 111 101
28 29 100 94 88
29 29 86 83 78
30 29 91 89 84
31 29 99 97 92
32 29 100 97 92
33 29 99 95 90
34 29 105 101 95
28 30 121 110 100
29 30 106 98 91
30 30 103 97 91
31 30 89 85 80
32 30 85 81 76
29 31 109 95 84
30 31 82 74 67
31 31 51 46 42
