29 1 156 149 143
30 1 167 160 154
31 1 174 168 164
28 2 72 68 66
29 2 161 155 150
30 2 173 167 159
31 2 176 171 166
32 2 178 174 170
33 2 179 176 172
27 3 62 56 55
28 3 107 99 96
29 3 176 169 164
30 3 178 174 167
31 3 179 176 169
32 3 178 174 169
33 3 178 174 170
34 3 180 178 175
26 4 62 56 55
27 4 61 51 50
28 4 134 117 114
29 4 182 177 171
30 4 185 181 176
31 4 184 181 176
32 4 181 179 173
33 4 178 176 171
34 4 179 177 173
35 4 181 179 176
36 4 181 180 178
26 5 84 73 72
27 5 104 87 86
28 5 145 130 126
29 5 186 183 177
30 5 189 186 181
31 5 189 187 182
32 5 185 184 179
33 5 183 181 176
34 5 180 179 175
35 5 180 179 175
36 5 180 179 176
37 5 179 179 176
25 6 62 51 51
26 6 94 79 78
27 6 115 92 90
28 6 152 146 142
29 6 189 186 181
30 6 190 188 184
31 6 190 189 185
32 6 189 188 184
33 6 188 187 183
34 6 184 184 180
35 6 182 181 178
36 6 179 179 176
37 6 178 178 176
38 6 177 177 175
39 6 177 178 177
24 7 61 53 53
25 7 60 49 48
26 7 111 89 88
27 7 117 106 104
28 7 163 161 156
29 7 190 187 182
30 7 183 181 177
31 7 171 170 166
32 7 178 177 173
33 7 187 187 183
34 7 186 186 183
35 7 180 180 177
36 7 178 178 175
37 7 180 180 177
38 7 177 177 174
39 7 173 174 172
40 7 171 172 171
24 8 60 48 47
25 8 101 84 83
26 8 108 95 93
27 8 116 116 112
28 8 171 166 158
29 8 192 185 179
30 8 187 184 180
31 8 139 139 135
32 8 110 110 106
33 8 161 161 157
34 8 184 184 181
35 8 168 168 165
36 8 140 141 138
37 8 166 166 163
38 8 175 175 172
39 8 163 164 161
40 8 155 157 155
41 8 162 164 163
42 8 169 171 170
23 9 59 48 47
24 9 80 65 64
25 9 102 85 84
26 9 102 101 98
27 9 133 132 125
28 9 161 156 147
29 9 187 182 176
30 9 197 193 188
31 9 179 176 171
32 9 122 120 116
33 9 99 99 96
34 9 166 166 163
35 9 179 179 176
36 9 135 136 133
37 9 103 103 101
38 9 153 154 151
39 9 161 162 159
40 9 121 123 120
41 9 134 136 134
42 9 159 161 159
43 9 166 167 166
22 10 59 47 47
23 10 66 51 50
24 10 99 78 77
25 10 89 82 80
26 10 118 118 114
27 10 149 145 138
28 10 144 142 136
29 10 147 146 141
30 10 175 175 171
31 10 193 191 187
32 10 186 183 179
33 10 157 154 150
34 10 159 159 156
35 10 188 188 186
36 10 182 183 180
37 10 150 151 149
38 10 137 139 136
39 10 174 175 173
40 10 161 162 160
41 10 112 113 112
42 10 138 140 138
43 10 163 164 163
44 10 164 165 163
22 11 55 39 38
23 11 99 77 75
24 11 85 69 67
25 11 94 94 90
26 11 142 140 133
27 11 146 143 137
28 11 127 127 124
29 11 115 116 113
30 11 124 125 122
31 11 156 157 154
32 11 183 182 179
33 11 194 192 188
34 11 193 191 187
35 11 194 194 191
36 11 195 195 192
37 11 191 191 189
38 11 182 183 180
39 11 185 186 183
40 11 186 187 185
41 11 172 173 171
42 11 156 158 156
43 11 164 165 163
44 11 167 168 166
21 12 52 41 39
22 12 82 64 61
23 12 95 72 70
24 12 79 76 73
25 12 132 129 123
26 12 147 144 138
27 12 120 120 117
28 12 62 63 61
29 12 47 48 47
30 12 40 41 40
31 12 96 97 95
32 12 135 136 133
33 12 165 166 163
34 12 192 191 187
35 12 200 198 195
36 12 199 198 194
37 12 199 198 195
38 12 195 195 192
39 12 194 194 192
40 12 192 192 190
41 12 190 191 188
42 12 185 186 183
43 12 179 180 178
44 12 178 179 176
20 13 50 44 42
21 13 68 58 56
22 13 92 69 66
23 13 92 84 81
24 13 114 113 107
25 13 145 142 135
26 13 133 132 129
27 13 79 80 78
28 13 11 12 12
29 13 2 2 2
30 13 2 2 2
31 13 46 47 45
32 13 114 115 113
33 13 138 139 136
34 13 154 154 151
35 13 177 177 174
36 13 197 196 193
37 13 200 198 194
38 13 199 198 194
39 13 197 197 194
40 13 195 195 192
41 13 193 193 190
42 13 191 192 189
43 13 187 188 186
44 13 184 185 182
20 14 47 38 35
21 14 78 65 62
22 14 98 87 84
23 14 102 101 97
24 14 140 137 130
25 14 140 138 133
26 14 129 129 127
27 14 89 90 89
28 14 30 30 30
29 14 3 3 3
30 14 1 1 1
31 14 59 60 58
32 14 123 124 122
33 14 140 140 138
34 14 140 140 137
35 14 137 138 135
36 14 163 164 161
37 14 187 187 184
38 14 198 196 192
39 14 198 197 193
40 14 198 197 195
41 14 196 196 193
42 14 194 194 192
43 14 191 192 189
44 14 189 189 187
20 15 48 40 38
21 15 86 77 74
22 15 100 98 95
23 15 134 130 123
24 15 144 140 134
25 15 132 131 127
26 15 128 128 125
27 15 120 120 119
28 15 85 86 85
29 15 58 59 58
30 15 55 55 53
31 15 101 102 99
32 15 129 130 127
33 15 133 134 131
34 15 132 133 130
35 15 138 138 135
36 15 136 137 134
37 15 142 143 140
38 15 173 173 171
39 15 191 189 186
40 15 199 198 194
41 15 198 197 193
42 15 197 197 194
43 15 195 195 193
44 15 192 192 189
45 15 188 188 185
19 16 45 41 38
20 16 55 51 48
21 16 94 91 87
22 16 125 122 116
23 16 144 139 133
24 16 130 129 124
25 16 129 129 126
26 16 128 128 125
27 16 128 128 125
28 16 118 118 115
29 16 118 119 116
30 16 117 117 114
31 16 127 128 125
32 16 129 129 126
33 16 132 133 129
34 16 135 135 132
35 16 135 136 133
36 16 133 134 131
37 16 136 137 134
38 16 137 137 135
39 16 150 151 148
40 16 179 179 176
41 16 195 193 190
42 16 197 196 192
43 16 196 196 193
44 16 194 194 192
45 16 192 192 190
19 17 48 45 43
20 17 77 73 70
21 17 106 103 97
22 17 139 133 127
23 17 132 130 125
24 17 127 126 122
25 17 126 126 123
26 17 129 129 125
27 17 126 126 123
28 17 127 127 124
29 17 127 128 124
30 17 126 126 123
31 17 130 130 127
32 17 129 130 126
33 17 130 131 127
34 17 130 130 127
35 17 131 131 128
36 17 131 131 128
37 17 133 134 131
38 17 134 134 131
39 17 138 139 136
40 17 139 140 137
41 17 158 158 156
42 17 186 185 182
43 17 196 195 190
44 17 194 192 188
45 17 193 192 188
19 18 49 48 45
20 18 89 87 83
21 18 130 125 118
22 18 138 134 128
23 18 124 123 119
24 18 126 125 121
25 18 127 126 123
26 18 126 126 122
27 18 125 124 121
28 18 127 126 123
29 18 125 125 122
30 18 126 126 123
31 18 127 127 124
32 18 127 128 124
33 18 130 130 127
34 18 129 130 126
35 18 128 129 126
36 18 128 129 125
37 18 130 131 127
38 18 134 134 131
39 18 130 130 127
40 18 132 132 129
41 18 137 137 134
42 18 146 147 143
43 18 173 174 171
44 18 188 188 185
45 18 188 185 180
18 19 46 45 42
19 19 49 47 44
20 19 121 116 109
21 19 137 132 126
22 19 125 123 119
23 19 123 122 118
24 19 124 124 119
25 19 124 124 120
26 19 124 124 120
27 19 124 124 120
28 19 123 122 119
29 19 124 124 121
30 19 124 125 121
31 19 124 124 121
32 19 126 126 122
33 19 125 126 122
34 19 127 128 125
35 19 128 128 125
36 19 126 126 123
37 19 128 128 125
38 19 127 128 124
39 19 127 128 124
40 19 130 131 127
41 19 133 133 130
42 19 134 135 132
43 19 136 138 136
44 19 153 156 155
45 19 174 176 174
18 20 46 43 40
19 20 95 88 81
20 20 135 128 120
21 20 125 122 118
22 20 120 119 115
23 20 121 120 116
24 20 123 122 118
25 20 121 121 117
26 20 120 120 116
27 20 123 123 119
28 20 123 123 120
29 20 123 123 120
30 20 122 123 119
31 20 125 125 121
32 20 122 123 119
33 20 124 124 121
34 20 125 125 122
35 20 124 124 121
36 20 126 126 123
37 20 126 126 123
38 20 125 125 122
39 20 129 129 125
40 20 128 128 124
41 20 129 130 126
42 20 134 135 132
43 20 138 141 140
44 20 103 107 106
18 21 72 61 54
19 21 121 112 103
20 21 127 122 116
21 21 119 117 113
22 21 119 118 114
23 21 120 119 115
24 21 120 119 115
25 21 121 120 116
26 21 120 120 116
27 21 120 119 116
28 21 120 120 117
29 21 121 120 117
30 21 121 121 118
31 21 121 121 118
32 21 121 121 118
33 21 123 123 120
34 21 121 121 118
35 21 124 123 120
36 21 123 122 119
37 21 122 122 119
38 21 124 125 121
39 21 127 127 123
40 21 128 128 124
41 21 130 130 128
42 21 136 138 137
43 21 99 102 101
44 21 62 64 64
18 22 113 96 85
19 22 125 114 105
20 22 118 114 109
21 22 116 114 110
22 22 118 116 112
23 22 118 117 113
24 22 120 119 115
25 22 117 116 112
26 22 119 119 114
27 22 119 118 114
28 22 118 117 114
29 22 118 118 115
30 22 120 120 116
31 22 119 119 116
32 22 120 120 117
33 22 120 120 116
34 22 122 121 118
35 22 122 121 118
36 22 121 121 118
37 22 123 123 120
38 22 124 124 120
39 22 125 125 122
40 22 126 127 124
41 22 138 140 138
42 22 102 104 103
43 22 63 64 64
18 23 119 98 85
19 23 123 112 103
20 23 113 108 102
21 23 114 111 106
22 23 115 113 109
23 23 117 116 112
24 23 117 115 111
25 23 118 117 113
26 23 115 115 111
27 23 114 114 110
28 23 117 117 113
29 23 117 117 113
30 23 116 116 112
31 23 118 118 114
32 23 117 117 114
33 23 118 118 114
34 23 118 118 115
35 23 119 118 115
36 23 121 121 118
37 23 121 121 117
38 23 124 124 120
39 23 127 127 123
40 23 138 139 137
41 23 120 123 121
42 23 63 65 64
20 24 107 101 94
21 24 118 113 107
22 24 115 111 106
23 24 113 111 107
24 24 115 113 109
25 24 116 115 111
26 24 115 114 109
27 24 114 114 110
28 24 114 114 109
29 24 114 114 110
30 24 115 114 111
31 24 106 106 104
32 24 104 104 102
33 24 103 103 100
34 24 112 112 108
35 24 117 116 113
36 24 116 116 112
37 24 120 119 115
38 24 125 124 120
39 24 137 138 135
40 24 128 130 128
41 24 63 65 64
22 25 125 120 114
23 25 116 112 106
24 25 113 109 105
25 25 112 110 106
26 25 114 112 108
27 25 113 112 108
28 25 112 111 107
29 25 111 111 107
30 25 99 99 96
31 25 64 64 62
32 25 51 51 50
33 25 47 48 46
34 25 80 81 78
35 25 109 109 106
36 25 118 117 114
37 25 118 118 113
38 25 132 132 129
39 25 125 127 124
40 25 64 65 64
23 26 47 44 41
24 26 110 106 100
25 26 112 108 103
26 26 109 106 102
27 26 110 108 104
28 26 110 109 105
29 26 108 108 104
30 26 79 79 76
31 26 24 25 24
32 26 4 5 4
33 26 6 6 6
34 26 47 47 45
35 26 99 99 96
36 26 115 115 111
37 26 130 130 127
38 26 130 131 129
39 26 64 65 63
25 27 127 122 115
26 27 116 112 106
27 27 109 105 101
28 27 108 105 101
29 27 108 107 103
30 27 85 84 81
31 27 31 31 29
32 27 11 10 10
33 27 15 15 14
34 27 47 46 44
35 27 96 96 92
36 27 124 124 120
37 27 132 132 130
38 27 63 63 62
27 28 117 111 106
28 28 114 109 103
29 28 104 100 95
30 28 98 96 91
31 28 74 73 69
32 28 62 60 57
33 28 69 67 63
34 28 85 83 79
35 28 113 112 107
36 28 123 123 119
37 28 61 61 59
29 29 98 93 87
30 29 108 104 97
31 29 100 96 91
32 29 96 93 88
33 29 100 97 92
34 29 107 105 100
35 29 121 119 115
36 29 59 58 56
31 30 111 105 98
32 30 103 97 91
33 30 100 95 89
34 30 116 112 107
35 30 86 84 80
32 31 41 37 33
33 31 107 100 93
34 31 73 69 64
35 31 50 47 44
