34 0 171 164 155
32 1 189 189 186
33 1 189 188 184
34 1 185 181 175
35 1 178 172 163
30 2 188 189 186
31 2 194 195 192
32 2 195 195 193
33 2 192 192 190
34 2 187 186 182
35 2 186 183 178
36 2 182 176 169
29 3 194 194 192
30 3 195 196 193
31 3 196 197 195
32 3 189 190 188
33 3 164 165 163
34 3 143 144 141
35 3 168 167 164
36 3 184 181 176
37 3 187 178 172
27 4 191 192 189
28 4 197 197 195
29 4 198 199 196
30 4 197 198 196
31 4 194 195 193
32 4 174 175 172
33 4 91 92 91
34 4 26 27 27
35 4 91 93 91
36 4 168 168 165
37 4 190 186 182
38 4 189 179 173
26 5 195 195 193
27 5 196 197 195
28 5 198 199 196
29 5 198 199 196
30 5 197 197 195
31 5 196 196 194
32 5 186 186 184
33 5 137 138 136
34 5 32 32 31
35 5 22 23 22
36 5 131 131 129
37 5 184 183 180
38 5 190 186 181
39 5 189 180 173
24 6 192 193 191
25 6 196 198 196
26 6 197 198 196
27 6 198 198 196
28 6 198 198 196
29 6 197 198 195
30 6 197 197 195
31 6 196 196 194
32 6 194 194 192
33 6 183 184 181
34 6 141 142 139
35 6 131 132 129
36 6 171 172 170
37 6 189 189 187
38 6 191 191 188
39 6 191 188 183
40 6 190 181 175
23 7 193 195 193
24 7 195 197 195
25 7 196 197 196
26 7 190 192 190
27 7 186 187 185
28 7 191 192 190
29 7 194 195 193
30 7 197 197 195
31 7 196 196 194
32 7 194 195 192
33 7 193 193 191
34 7 188 188 186
35 7 186 187 184
36 7 190 191 188
37 7 192 192 190
38 7 192 192 189
39 7 191 190 188
40 7 189 185 181
41 7 189 182 176
21 8 178 179 177
22 8 189 192 191
23 8 196 198 197
24 8 197 199 197
25 8 185 187 185
26 8 141 143 141
27 8 108 110 108
28 8 134 136 134
29 8 172 173 171
30 8 194 194 192
31 8 194 195 192
32 8 194 194 192
33 8 192 192 190
34 8 189 190 187
35 8 190 191 189
36 8 192 193 190
37 8 192 193 190
38 8 192 192 189
39 8 192 192 189
40 8 191 191 188
41 8 190 187 183
42 8 189 181 175
21 9 111 112 111
22 9 173 176 175
23 9 197 200 199
24 9 198 200 198
25 9 176 178 176
26 9 83 85 83
27 9 10 10 10
28 9 25 26 26
29 9 116 118 116
30 9 182 183 181
31 9 194 194 192
32 9 190 191 189
33 9 167 168 165
34 9 139 141 139
35 9 155 157 155
36 9 180 181 179
37 9 192 192 190
38 9 192 193 190
39 9 191 191 189
40 9 190 190 187
41 9 188 187 184
42 9 187 183 179
43 9 187 180 174
44 9 186 174 166
20 10 62 63 62
21 10 75 76 75
22 10 113 115 114
23 10 175 178 177
24 10 197 200 199
25 10 184 185 183
26 10 114 116 113
27 10 35 36 34
28 10 17 17 17
29 10 105 107 106
30 10 177 179 177
31 10 193 193 191
32 10 183 184 181
33 10 126 126 124
34 10 30 31 30
35 10 36 37 36
36 10 123 125 123
37 10 180 181 179
38 10 192 192 190
39 10 189 189 187
40 10 170 171 168
41 10 150 151 149
42 10 166 166 164
43 10 180 176 172
44 10 185 177 171
45 10 182 168 159
20 11 63 64 62
21 11 117 118 116
22 11 65 66 64
23 11 100 102 100
24 11 176 179 178
25 11 195 197 195
26 11 175 176 173
27 11 144 145 142
28 11 129 129 127
29 11 153 154 153
30 11 183 185 183
31 11 193 193 191
32 11 188 189 186
33 11 154 154 151
34 11 56 56 54
36 11 63 64 62
37 11 162 163 160
38 11 190 191 188
39 11 185 185 183
40 11 139 139 136
41 11 49 50 48
42 11 74 75 74
43 11 141 139 137
44 11 179 174 170
45 11 185 178 172
46 11 181 169 161
19 12 63 64 62
20 12 76 76 74
21 12 102 103 101
22 12 30 31 30
23 12 29 29 28
24 12 100 101 100
25 12 179 181 180
26 12 196 198 196
27 12 191 192 189
28 12 186 186 183
29 12 187 187 184
30 12 191 191 188
31 12 192 192 190
32 12 191 191 189
33 12 176 177 174
34 12 139 140 137
35 12 92 92 89
36 12 117 116 113
37 12 170 170 168
38 12 189 189 186
39 12 188 188 185
40 12 148 148 145
41 12 34 34 33
42 12 2 2 2
43 12 87 87 85
44 12 173 171 168
45 12 185 180 176
46 12 182 173 165
47 12 172 154 143
19 13 64 64 62
20 13 114 115 113
21 13 61 62 60
22 13 20 21 20
23 13 3 3 3
24 13 24 24 23
25 13 103 104 102
26 13 181 182 181
27 13 198 199 197
28 13 196 196 193
29 13 194 193 190
30 13 192 191 188
31 13 193 192 189
32 13 191 191 188
33 13 188 188 186
34 13 182 183 180
35 13 174 174 172
36 13 173 173 170
37 13 182 182 179
38 13 190 189 187
39 13 190 190 187
40 13 179 179 176
41 13 130 130 126
42 13 74 74 71
43 13 100 100 98
44 13 167 167 164
45 13 186 183 179
46 13 182 175 169
47 13 176 164 155
18 14 63 64 62
19 14 62 63 61
20 14 107 108 105
21 14 50 51 50
22 14 33 34 34
23 14 9 10 10
24 14 6 6 6
25 14 38 38 36
26 14 107 107 105
27 14 182 183 181
28 14 198 198 196
29 14 195 195 192
30 14 192 191 188
31 14 192 192 189
32 14 191 191 188
33 14 190 190 187
34 14 188 188 186
35 14 187 188 185
36 14 187 187 185
37 14 189 189 186
38 14 190 189 186
39 14 190 189 186
40 14 190 189 186
41 14 181 180 176
42 14 169 168 165
43 14 167 166 162
44 14 180 179 175
45 14 183 181 177
46 14 179 174 170
47 14 180 169 162
18 15 63 64 62
19 15 112 113 110
20 15 54 55 54
21 15 23 24 23
22 15 30 31 31
23 15 27 29 29
24 15 15 15 15
25 15 36 36 34
26 15 57 57 54
27 15 108 109 106
28 15 182 183 181
29 15 197 197 195
30 15 194 194 191
31 15 192 192 189
32 15 190 190 187
33 15 187 187 184
34 15 176 177 174
35 15 173 174 171
36 15 175 176 173
37 15 186 186 183
38 15 189 188 185
39 15 189 188 185
40 15 190 189 186
41 15 189 188 184
42 15 189 188 184
43 15 187 186 183
44 15 181 180 176
45 15 169 166 162
46 15 154 150 146
17 16 61 61 59
18 16 63 63 61
19 16 107 108 106
20 16 41 41 40
21 16 8 8 8
22 16 11 11 11
23 16 34 35 35
24 16 44 44 43
25 16 50 50 48
26 16 57 56 54
27 16 59 59 56
28 16 108 107 104
29 16 182 182 180
30 16 196 196 194
31 16 194 194 191
32 16 191 190 187
33 16 179 179 176
34 16 138 138 135
35 16 98 98 96
36 16 106 107 105
37 16 165 165 163
38 16 186 186 183
39 16 188 187 184
40 16 189 188 184
41 16 189 188 184
42 16 188 187 183
43 16 180 178 174
44 16 160 158 154
45 16 155 152 148
17 17 59 58 56
18 17 98 98 95
19 17 63 64 62
20 17 40 41 40
21 17 21 22 22
22 17 4 4 4
23 17 25 26 25
24 17 53 53 52
25 17 59 59 56
26 17 59 59 56
27 17 59 58 55
28 17 59 58 55
29 17 107 106 101
30 17 181 181 178
31 17 194 194 192
32 17 191 191 188
33 17 175 175 172
34 17 98 98 95
35 17 13 13 13
36 17 12 12 11
37 17 104 104 101
38 17 175 174 170
39 17 188 186 182
40 17 189 187 183
41 17 188 186 182
42 17 178 176 171
43 17 152 149 144
44 17 49 47 45
17 18 55 52 47
18 18 96 93 88
19 18 30 30 29
20 18 14 15 14
21 18 25 26 26
22 18 25 26 25
23 18 30 31 30
24 18 53 53 51
25 18 60 60 57
26 18 59 59 57
27 18 58 58 55
28 18 57 56 53
29 18 58 56 53
30 18 109 107 102
31 18 179 179 176
32 18 192 192 189
33 18 183 182 179
34 18 133 132 129
35 18 43 42 40
36 18 10 10 9
37 18 75 75 73
38 18 166 166 162
39 18 186 184 180
40 18 188 186 181
41 18 175 173 168
42 18 146 143 139
43 18 51 49 47
17 19 56 52 47
18 19 64 62 57
19 19 37 36 34
20 19 6 6 6
21 19 17 17 17
22 19 43 44 43
23 19 53 53 51
24 19 57 57 55
25 19 59 59 57
26 19 59 59 57
27 19 58 58 55
28 19 56 56 53
29 19 53 52 49
30 19 48 47 43
31 19 108 106 101
32 19 177 176 172
33 19 188 187 183
34 19 174 172 168
35 19 139 137 133
36 19 93 91 87
37 19 119 117 112
38 19 173 171 167
39 19 185 183 178
40 19 171 169 164
41 19 140 138 133
42 19 52 50 48
18 20 55 51 47
19 20 45 43 40
20 20 28 27 25
21 20 14 14 14
22 20 43 44 42
23 20 59 59 57
24 20 61 61 59
25 20 59 59 57
26 20 59 59 56
27 20 58 58 55
28 20 56 56 53
29 20 43 43 41
30 20 22 22 20
31 20 27 26 24
32 20 110 108 103
33 20 175 174 169
34 20 188 186 182
35 20 182 180 176
36 20 170 167 162
37 20 174 172 167
38 20 183 181 176
39 20 170 167 162
40 20 125 122 119
41 20 120 119 117
19 21 52 48 44
20 21 47 45 42
21 21 44 43 41
22 21 50 50 48
23 21 60 60 58
24 21 61 61 59
25 21 61 60 58
26 21 59 59 57
27 21 57 57 54
28 21 55 55 52
29 21 40 39 38
30 21 9 9 9
31 21 4 4 4
32 21 24 24 22
33 21 111 109 104
34 21 173 171 167
35 21 187 185 181
36 21 186 184 179
37 21 184 181 176
38 21 168 165 160
39 21 112 110 107
40 21 54 54 52
20 22 58 55 50
21 22 58 56 53
22 22 60 59 56
23 22 62 61 59
24 22 62 61 59
25 22 60 60 58
26 22 59 59 56
27 22 52 52 49
28 22 41 41 39
29 22 36 36 35
30 22 22 22 21
31 22 3 3 3
32 22 8 7 7
33 22 34 33 30
34 22 112 108 103
35 22 172 169 165
36 22 183 180 176
37 22 165 163 158
38 22 95 94 91
39 22 56 55 54
21 23 57 54 50
22 23 60 58 55
23 23 62 61 58
24 23 61 61 59
25 23 61 60 58
26 23 59 59 57
27 23 46 46 44
28 23 17 17 16
29 23 16 16 15
30 23 28 28 27
31 23 22 22 21
32 23 12 12 11
33 23 32 31 28
34 23 49 47 44
35 23 108 101 95
36 23 142 138 133
37 23 98 96 93
38 23 56 55 54
22 24 59 55 51
23 24 60 58 55
24 24 61 60 58
25 24 59 59 56
26 24 55 55 52
27 24 46 46 44
28 24 20 20 19
29 24 1 1 1
30 24 17 17 16
31 24 38 37 35
32 24 40 39 37
33 24 45 44 41
34 24 62 58 54
35 24 89 86 83
36 24 75 74 72
37 24 55 55 53
23 25 58 55 50
24 25 60 58 55
25 25 55 54 52
26 25 35 35 34
27 25 31 30 29
28 25 31 31 30
29 25 16 17 16
30 25 8 8 8
31 25 36 35 33
32 25 51 50 47
33 25 66 63 59
34 25 84 82 78
35 25 84 83 81
36 25 55 55 53
24 26 58 55 51
25 26 52 50 47
26 26 26 25 24
27 26 4 4 4
28 26 21 21 20
29 26 37 37 36
30 26 31 31 30
31 26 43 43 40
32 26 67 65 61
33 26 83 81 77
34 26 73 71 70
35 26 55 54 53
25 27 51 47 43
26 27 34 31 28
27 27 10 9 9
28 27 10 10 9
29 27 40 40 38
30 27 52 51 49
31 27 61 59 56
32 27 83 81 78
33 27 68 67 65
34 27 55 55 53
26 28 40 36 32
27 28 32 29 26
28 28 25 24 22
29 28 41 40 38
30 28 60 58 55
31 28 78 76 73
32 28 65 64 62
33 28 54 53 52
27 29 50 46 41
28 29 51 47 43
29 29 60 57 54
30 29 77 75 71
31 29 71 69 66
32 29 54 54 53
28 30 53 46 41
29 30 73 66 61
30 30 53 50 46
31 30 50 50 49
29 31 52 46 41
30 31 48 40 34
