30 1 155 144 135
31 1 158 149 142
32 1 169 161 156
33 1 176 170 166
28 2 162 154 144
29 2 166 159 151
30 2 169 163 156
31 2 173 168 162
32 2 177 172 167
33 2 178 175 170
34 2 181 177 172
35 2 184 181 177
27 3 169 163 155
28 3 171 166 159
29 3 174 170 163
30 3 176 173 166
31 3 178 174 168
32 3 178 174 168
33 3 179 176 170
34 3 182 179 175
35 3 185 183 180
36 3 188 187 184
25 4 172 167 159
26 4 174 169 162
27 4 176 172 166
28 4 179 176 171
29 4 181 179 173
30 4 181 178 173
31 4 180 178 172
32 4 180 178 173
33 4 180 178 173
34 4 182 180 175
35 4 186 185 181
36 4 189 188 185
37 4 191 190 188
38 4 191 190 188
23 5 170 164 156
24 5 175 170 163
25 5 178 174 168
26 5 181 178 173
27 5 183 180 176
28 5 184 182 177
29 5 184 183 178
30 5 184 182 178
31 5 184 182 178
32 5 183 182 177
33 5 184 182 178
34 5 184 183 179
35 5 185 185 181
36 5 188 187 184
37 5 190 189 187
38 5 191 191 189
39 5 192 192 190
40 5 192 193 192
22 6 175 170 162
23 6 177 173 167
24 6 181 179 173
25 6 184 182 178
26 6 185 183 179
27 6 185 184 180
28 6 186 185 181
29 6 186 186 182
30 6 186 186 182
31 6 186 186 183
32 6 186 186 183
33 6 187 187 183
34 6 187 186 183
35 6 187 187 183
36 6 188 188 184
37 6 189 189 186
38 6 191 191 188
39 6 194 194 191
40 6 195 195 194
41 6 194 195 194
42 6 194 195 194
20 7 174 167 160
21 7 178 173 167
22 7 178 174 169
23 7 175 173 169
24 7 172 171 167
25 7 171 170 166
26 7 179 178 174
27 7 186 185 182
28 7 187 187 184
29 7 187 187 184
30 7 185 185 182
31 7 179 179 177
32 7 173 174 171
33 7 179 179 176
34 7 187 187 184
35 7 190 190 187
36 7 190 191 188
37 7 190 190 188
38 7 187 187 185
39 7 183 183 180
40 7 186 187 184
41 7 194 195 193
42 7 196 197 196
43 7 195 197 196
19 8 174 160 149
20 8 180 173 166
21 8 182 179 175
22 8 173 172 169
23 8 139 139 135
24 8 106 105 102
25 8 100 99 96
26 8 133 133 129
27 8 177 177 173
28 8 187 188 185
29 8 186 186 183
30 8 168 168 165
31 8 127 127 124
32 8 97 98 95
33 8 120 121 118
34 8 166 166 164
35 8 188 188 186
36 8 192 193 190
37 8 185 186 184
38 8 158 159 157
39 8 124 124 121
40 8 130 131 127
41 8 166 167 164
42 8 190 192 190
43 8 197 199 197
44 8 197 199 198
45 8 193 195 195
18 9 161 149 136
19 9 176 165 155
20 9 187 180 173
21 9 185 183 178
22 9 166 165 162
23 9 92 93 91
24 9 28 28 27
25 9 17 17 17
26 9 85 85 83
27 9 169 169 166
28 9 188 188 186
29 9 186 187 184
30 9 156 157 155
31 9 75 76 75
32 9 21 22 21
33 9 32 33 32
34 9 130 131 128
35 9 183 184 182
36 9 193 194 192
37 9 181 182 181
38 9 120 123 121
39 9 36 37 36
40 9 18 18 17
41 9 91 93 90
42 9 171 173 171
43 9 197 198 197
44 9 199 201 200
45 9 192 194 193
46 9 185 186 185
18 10 59 54 48
19 10 115 111 104
20 10 170 166 160
21 10 188 185 180
22 10 180 177 173
23 10 147 147 144
24 10 124 124 122
25 10 117 117 114
26 10 152 152 149
27 10 182 182 180
28 10 192 192 189
29 10 191 191 188
30 10 179 180 178
31 10 153 155 152
32 10 126 127 125
33 10 129 130 128
34 10 171 173 171
35 10 192 193 191
36 10 195 196 194
37 10 190 191 190
38 10 167 169 168
39 10 132 134 133
40 10 109 111 110
41 10 144 146 144
42 10 182 184 183
43 10 197 199 197
44 10 197 198 197
45 10 185 186 185
46 10 188 189 187
18 11 58 55 50
19 11 60 58 54
20 11 71 71 69
21 11 151 149 145
22 11 184 181 176
23 11 186 183 178
24 11 182 181 178
25 11 182 181 178
26 11 189 189 186
27 11 192 192 189
28 11 193 193 191
29 11 194 194 191
30 11 192 193 190
31 11 190 191 188
32 11 186 187 184
33 11 187 188 185
34 11 194 195 193
35 11 196 197 194
36 11 197 198 195
37 11 197 198 196
38 11 194 195 194
39 11 188 190 188
40 11 186 188 186
41 11 192 193 191
42 11 195 197 195
43 11 192 193 192
44 11 185 186 184
45 11 166 167 166
18 12 57 54 49
19 12 56 54 51
20 12 38 38 37
21 12 30 30 29
22 12 115 115 111
23 12 177 174 169
24 12 192 189 185
25 12 194 192 188
26 12 195 194 191
27 12 195 195 192
28 12 195 195 192
29 12 196 196 193
30 12 196 196 193
31 12 196 196 193
32 12 196 197 194
33 12 196 197 194
34 12 198 198 196
35 12 198 199 196
36 12 198 199 196
37 12 199 200 198
38 12 199 200 198
39 12 200 201 199
40 12 200 201 199
41 12 199 200 198
42 12 186 187 185
43 12 147 148 146
44 12 172 173 171
45 12 171 172 170
18 13 57 53 49
19 13 56 55 52
20 13 33 33 32
21 13 3 3 3
22 13 27 27 26
23 13 80 80 78
24 13 157 155 151
25 13 189 186 182
26 13 195 193 188
27 13 197 196 192
28 13 197 197 193
29 13 198 197 194
30 13 197 197 194
31 13 198 198 195
32 13 197 198 195
33 13 198 198 195
34 13 198 198 196
35 13 198 199 196
36 13 199 200 197
37 13 200 200 198
38 13 201 201 199
39 13 201 202 200
40 13 199 200 198
41 13 188 188 186
42 13 123 124 122
43 13 113 113 111
44 13 168 168 166
45 13 177 178 176
18 14 56 53 49
19 14 58 56 53
20 14 48 48 46
21 14 18 19 18
22 14 12 12 12
23 14 48 48 47
24 14 62 62 60
25 14 125 125 122
26 14 180 178 173
27 14 196 193 188
28 14 198 196 192
29 14 198 197 194
30 14 198 197 195
31 14 199 199 196
32 14 199 199 197
33 14 200 200 197
34 14 199 200 197
35 14 200 200 198
36 14 200 201 198
37 14 201 202 200
38 14 202 202 200
39 14 197 198 195
40 14 181 182 180
41 14 155 156 154
42 14 74 74 72
43 14 142 142 139
44 14 164 164 161
45 14 99 100 98
18 15 57 53 49
19 15 59 57 53
20 15 59 59 57
21 15 45 45 44
22 15 26 27 26
23 15 45 45 44
24 15 60 60 58
25 15 62 62 60
26 15 94 94 92
27 15 163 161 157
28 15 192 189 184
29 15 198 196 191
30 15 198 197 194
31 15 199 199 196
32 15 199 200 197
33 15 200 201 198
34 15 200 200 198
35 15 202 202 199
36 15 202 203 200
37 15 201 201 199
38 15 195 196 194
39 15 160 161 159
40 15 131 133 131
41 15 127 129 128
42 15 124 124 121
43 15 164 164 160
44 15 155 155 152
18 16 57 52 47
19 16 59 56 52
20 16 61 60 57
21 16 59 59 57
22 16 54 54 53
23 16 56 57 55
24 16 61 61 59
25 16 61 62 60
26 16 62 62 60
27 16 63 63 61
28 16 133 133 130
29 16 184 182 177
30 16 198 195 190
31 16 199 198 194
32 16 200 200 197
33 16 202 202 199
34 16 202 202 199
35 16 203 203 201
36 16 201 201 199
37 16 197 198 196
38 16 156 157 155
39 16 73 75 73
40 16 132 134 132
41 16 152 153 150
42 16 159 159 155
43 16 165 165 161
44 16 150 149 145
18 17 56 51 47
19 17 58 55 51
20 17 60 59 57
21 17 60 60 58
22 17 60 60 58
23 17 60 60 58
24 17 60 61 58
25 17 61 61 59
26 17 61 61 59
27 17 62 62 60
28 17 62 62 60
29 17 100 101 98
30 17 167 166 162
31 17 194 191 186
32 17 199 197 192
33 17 201 200 197
34 17 202 201 198
35 17 200 200 197
36 17 187 188 185
37 17 170 171 169
38 17 101 103 101
39 17 101 102 99
40 17 162 163 160
41 17 168 168 164
42 17 164 163 159
43 17 159 157 153
44 17 161 160 155
18 18 54 49 45
19 18 58 54 50
20 18 60 59 56
21 18 61 60 58
22 18 60 60 58
23 18 59 59 57
24 18 60 60 58
25 18 60 61 58
26 18 61 61 59
27 18 60 61 58
28 18 60 61 58
29 18 62 62 60
30 18 62 63 60
31 18 144 144 141
32 18 186 184 179
33 18 197 194 188
34 18 197 195 190
35 18 175 175 172
36 18 120 122 119
37 18 133 136 134
38 18 112 113 111
39 18 153 153 150
40 18 171 171 167
41 18 164 163 159
42 18 154 153 148
43 18 148 146 141
44 18 132 130 125
19 19 57 53 49
20 19 60 58 55
21 19 61 60 57
22 19 60 59 57
23 19 60 59 57
24 19 59 59 57
25 19 59 59 57
26 19 60 60 58
27 19 60 60 58
28 19 60 60 58
29 19 61 61 59
30 19 61 61 59
31 19 63 64 61
32 19 109 111 109
33 19 180 178 174
34 19 175 173 167
35 19 85 86 83
36 19 89 90 88
37 19 157 159 156
38 19 162 162 159
39 19 170 170 166
40 19 164 164 160
41 19 140 139 134
42 19 131 129 124
43 19 131 129 124
44 19 160 157 153
19 20 56 51 47
20 20 60 58 55
21 20 60 59 57
22 20 60 59 57
23 20 59 59 56
24 20 60 59 57
25 20 59 59 56
26 20 59 59 57
27 20 60 60 58
28 20 60 60 58
29 20 60 60 58
30 20 61 61 59
31 20 62 63 60
32 20 112 114 113
33 20 173 172 167
34 20 138 137 132
35 20 62 63 60
36 20 144 145 141
37 20 173 173 169
38 20 173 173 169
39 20 167 167 163
40 20 142 142 138
41 20 84 83 79
42 20 122 119 114
43 20 131 128 122
19 21 54 47 42
20 21 57 54 50
21 21 60 59 56
22 21 59 58 55
23 21 59 58 56
24 21 59 58 56
25 21 59 59 57
26 21 59 59 57
27 21 59 59 57
28 21 59 59 57
29 21 59 59 57
30 21 60 60 58
31 21 62 62 59
32 21 134 135 133
33 21 167 165 159
34 21 119 118 114
35 21 136 136 133
36 21 171 170 167
37 21 174 173 170
38 21 165 165 161
39 21 149 148 144
40 21 94 94 91
41 21 77 74 70
42 21 118 113 108
43 21 123 118 112
19 22 47 40 36
20 22 53 49 45
21 22 56 54 51
22 22 58 57 54
23 22 59 58 55
24 22 59 58 56
25 22 58 58 56
26 22 59 59 56
27 22 59 59 57
28 22 59 58 56
29 22 59 59 57
30 22 59 59 57
31 22 61 61 59
32 22 145 147 144
33 22 173 170 165
34 22 161 161 158
35 22 171 171 168
36 22 174 174 171
37 22 165 164 161
38 22 130 130 126
39 22 114 114 110
40 22 84 82 78
41 22 101 96 90
42 22 97 91 85
43 22 41 37 34
20 23 45 42 38
21 23 52 49 46
22 23 55 54 51
23 23 58 57 54
24 23 58 57 54
25 23 58 57 55
26 23 58 58 56
27 23 57 57 55
28 23 58 58 55
29 23 58 58 56
30 23 59 59 57
31 23 61 60 58
32 23 154 154 152
33 23 178 175 170
34 23 177 177 174
35 23 175 175 172
36 23 167 166 163
37 23 133 133 130
38 23 79 78 75
39 23 117 115 111
40 23 107 103 98
41 23 89 84 79
42 23 36 33 30
22 24 50 48 45
23 24 54 52 49
24 24 57 56 53
25 24 57 57 54
26 24 56 56 54
27 24 51 51 50
28 24 47 47 45
29 24 53 53 51
30 24 58 58 55
31 24 61 60 58
32 24 160 160 157
33 24 177 174 169
34 24 175 174 171
35 24 166 166 163
36 24 146 146 143
37 24 82 82 79
38 24 101 99 94
39 24 124 121 116
40 24 98 93 88
41 24 36 33 31
23 25 49 46 43
24 25 53 51 48
25 25 56 54 51
26 25 56 56 53
27 25 42 42 40
28 25 19 19 19
29 25 30 30 29
30 25 51 51 49
31 25 66 66 63
32 25 163 162 159
33 25 174 172 167
34 25 157 157 153
35 25 128 127 124
36 25 123 123 120
37 25 96 95 91
38 25 113 110 104
39 25 105 101 95
40 25 41 38 35
24 26 46 44 41
25 26 51 49 46
26 26 53 52 49
27 26 46 45 43
28 26 18 18 17
29 26 9 9 9
30 26 36 36 34
31 26 77 77 74
32 26 167 166 163
33 26 162 159 155
34 26 104 103 100
35 26 92 91 88
36 26 130 128 124
37 26 119 116 111
38 26 86 82 77
25 27 42 39 37
26 27 48 46 43
27 27 49 48 45
28 27 36 35 33
29 27 12 12 11
30 27 21 21 19
31 27 80 80 77
32 27 163 161 157
33 27 129 127 122
34 27 67 65 63
35 27 124 122 118
36 27 132 129 124
37 27 104 100 94
27 28 46 43 40
28 28 45 43 40
29 28 37 36 33
30 28 35 33 31
31 28 84 83 80
32 28 153 150 146
33 28 98 94 90
34 28 108 105 100
35 28 126 122 117
36 28 105 101 96
28 29 43 41 37
29 29 45 43 40
30 29 49 47 44
31 29 95 93 88
32 29 151 146 140
33 29 131 126 120
34 29 119 115 110
35 29 42 40 38
29 30 40 37 34
30 30 46 43 39
31 30 107 102 96
32 30 147 139 132
33 30 128 121 115
34 30 45 42 39
31 31 128 120 113
32 31 132 121 112
33 31 50 44 39
