33 0 181 174 165
34 0 172 163 151
31 1 190 190 188
32 1 191 191 187
33 1 192 189 183
34 1 187 182 173
35 1 183 175 165
29 2 189 190 187
30 2 192 193 190
31 2 192 193 191
32 2 189 190 188
33 2 188 187 184
34 2 193 190 185
35 2 191 186 179
36 2 188 177 169
27 3 188 189 186
28 3 191 192 190
29 3 192 193 191
30 3 189 190 188
31 3 171 172 170
32 3 137 138 136
33 3 138 140 137
34 3 181 181 178
35 3 194 191 187
36 3 195 188 182
37 3 193 179 169
25 4 186 186 184
26 4 190 191 188
27 4 192 192 190
28 4 194 194 192
29 4 191 192 190
30 4 166 167 165
31 4 90 91 89
32 4 22 23 22
33 4 30 31 31
34 4 134 136 133
35 4 189 188 186
36 4 196 193 189
37 4 195 188 182
24 5 188 189 187
25 5 190 191 189
26 5 193 193 191
27 5 193 193 191
28 5 194 194 192
29 5 193 193 191
30 5 173 174 171
31 5 92 93 91
32 5 13 13 13
33 5 59 59 58
34 5 137 138 136
35 5 186 187 184
36 5 197 196 193
37 5 196 192 188
38 5 195 186 180
22 6 186 188 185
23 6 188 189 187
24 6 192 192 190
25 6 193 194 191
26 6 193 193 191
27 6 193 193 191
28 6 193 194 192
29 6 193 193 191
30 6 188 189 187
31 6 163 164 161
32 6 130 131 128
33 6 161 162 160
34 6 184 184 182
35 6 195 195 192
36 6 197 196 194
37 6 197 196 193
38 6 196 191 186
39 6 197 187 180
20 7 183 185 183
21 7 186 188 186
22 7 187 188 186
23 7 185 186 184
24 7 188 189 187
25 7 190 191 188
26 7 192 193 190
27 7 193 193 191
28 7 193 193 191
29 7 192 193 190
30 7 192 193 190
31 7 190 190 188
32 7 186 187 184
33 7 191 191 189
34 7 194 194 192
35 7 196 196 194
36 7 197 197 194
37 7 197 197 194
38 7 197 195 192
39 7 197 191 186
40 7 196 186 179
18 8 176 178 177
19 8 186 188 186
20 8 188 189 188
21 8 183 185 183
22 8 164 166 164
23 8 134 136 134
24 8 146 148 146
25 8 167 169 167
26 8 188 189 186
27 8 192 192 190
28 8 191 192 189
29 8 190 190 188
30 8 188 188 186
31 8 188 189 186
32 8 190 191 189
33 8 194 194 192
34 8 195 195 193
35 8 195 196 193
36 8 197 196 194
37 8 197 197 194
38 8 197 197 194
39 8 198 196 193
40 8 197 191 186
41 8 196 185 178
17 9 168 170 168
18 9 179 182 181
19 9 188 191 190
20 9 188 190 188
21 9 159 161 158
22 9 78 80 78
23 9 22 23 22
24 9 42 44 43
25 9 121 123 121
26 9 180 181 178
27 9 191 192 189
28 9 187 188 185
29 9 170 171 168
30 9 138 139 137
31 9 142 144 143
32 9 162 164 162
33 9 188 190 188
34 9 194 194 192
35 9 195 195 193
36 9 196 196 194
37 9 194 194 191
38 9 189 189 187
39 9 191 191 188
40 9 196 193 190
41 9 197 190 185
42 9 195 185 178
18 10 154 158 157
19 10 184 187 186
20 10 186 188 186
21 10 145 147 144
22 10 50 51 50
23 10 4 4 4
24 10 42 43 43
25 10 136 138 137
26 10 181 182 180
27 10 188 189 186
28 10 175 175 172
29 10 111 112 109
30 10 28 29 28
31 10 27 27 27
32 10 77 79 77
33 10 168 169 167
34 10 192 193 191
35 10 194 195 193
36 10 188 188 186
37 10 160 161 158
38 10 134 135 133
39 10 146 147 145
40 10 174 173 171
41 10 190 186 183
42 10 196 188 183
43 10 195 183 175
18 11 50 50 49
19 11 161 163 162
20 11 187 189 187
21 11 165 166 163
22 11 124 125 122
23 11 105 106 104
24 11 127 128 127
25 11 168 169 168
26 11 186 187 185
27 11 188 188 186
28 11 175 175 172
29 11 107 108 105
30 11 10 10 9
31 11 14 13 13
32 11 77 79 76
33 11 162 163 161
34 11 191 191 189
35 11 192 192 190
36 11 174 174 171
37 11 92 92 90
38 11 27 28 27
39 11 34 35 34
40 11 114 114 113
41 11 180 178 176
42 11 196 192 188
43 11 196 188 181
44 11 192 178 169
18 12 43 43 42
19 12 87 87 85
20 12 169 171 170
21 12 188 189 187
22 12 180 180 178
23 12 177 176 174
24 12 177 177 175
25 12 184 184 181
26 12 188 188 185
27 12 188 188 185
28 12 179 179 176
29 12 151 151 148
30 12 98 99 96
31 12 99 98 94
32 12 140 140 137
33 12 179 180 177
34 12 192 192 190
35 12 191 191 189
36 12 166 166 163
37 12 64 64 62
38 12 6 6 6
39 12 13 13 13
40 12 94 94 93
41 12 179 178 176
42 12 197 194 191
43 12 196 189 184
44 12 193 181 173
19 13 41 41 40
20 13 110 111 109
21 13 182 183 181
22 13 191 191 188
23 13 188 187 184
24 13 187 186 183
25 13 186 186 183
26 13 187 187 184
27 13 188 188 185
28 13 185 186 183
29 13 182 183 180
30 13 174 175 172
31 13 174 173 170
32 13 178 178 176
33 13 188 188 185
34 13 192 191 188
35 13 192 192 189
36 13 184 184 181
37 13 140 140 136
38 13 89 88 86
39 13 96 96 94
40 13 140 139 137
41 13 185 185 182
42 13 196 194 190
43 13 193 187 182
44 13 181 170 162
45 13 173 157 147
19 14 39 39 37
20 14 43 43 41
21 14 140 141 138
22 14 189 190 188
23 14 190 190 187
24 14 187 187 184
25 14 187 187 184
26 14 187 186 183
27 14 187 187 184
28 14 186 187 184
29 14 185 186 184
30 14 185 186 183
31 14 188 188 185
32 14 189 189 187
33 14 191 190 188
34 14 192 191 188
35 14 193 192 189
36 14 192 191 188
37 14 185 185 181
38 14 179 178 175
39 14 176 176 172
40 14 185 184 180
41 14 193 191 187
42 14 187 184 180
43 14 164 158 152
44 14 147 140 132
45 14 169 161 153
19 15 40 39 38
20 15 35 35 34
21 15 51 51 48
22 15 163 164 163
23 15 191 191 189
24 15 189 188 185
25 15 187 187 183
26 15 186 186 183
27 15 183 183 180
28 15 175 175 172
29 15 171 171 169
30 15 170 170 168
31 15 183 183 181
32 15 188 188 185
33 15 190 190 187
34 15 191 190 187
35 15 193 192 188
36 15 193 192 188
37 15 192 192 188
38 15 193 192 189
39 15 193 191 188
40 15 190 188 185
41 15 175 171 167
42 15 127 122 117
43 15 114 110 105
44 15 145 139 133
45 15 170 164 157
20 16 39 38 37
21 16 44 43 41
22 16 94 94 91
23 16 178 179 176
24 16 191 191 188
25 16 188 188 185
26 16 185 184 181
27 16 168 168 165
28 16 128 128 125
29 16 95 96 93
30 16 88 89 87
31 16 155 156 153
32 16 185 185 182
33 16 190 189 186
34 16 191 190 186
35 16 192 191 187
36 16 192 191 187
37 16 193 191 188
38 16 193 191 187
39 16 184 181 177
40 16 144 140 135
41 16 77 73 69
42 16 55 53 50
43 16 108 105 100
44 16 144 139 132
45 16 167 161 154
20 17 46 45 42
21 17 37 36 34
22 17 35 35 34
23 17 131 132 129
24 17 186 187 184
25 17 189 189 185
26 17 182 181 178
27 17 141 141 138
28 17 49 48 47
29 17 9 9 9
30 17 7 7 7
31 17 104 104 101
32 17 176 175 172
33 17 189 188 184
34 17 191 189 185
35 17 191 190 185
36 17 192 190 186
37 17 189 187 183
38 17 171 169 165
39 17 125 123 118
40 17 44 43 40
41 17 41 41 39
42 17 93 91 87
43 17 125 122 116
44 17 148 143 137
45 17 164 159 152
21 18 45 44 41
22 18 35 35 33
23 18 46 46 43
24 18 159 159 156
25 18 188 188 185
26 18 182 181 178
27 18 142 141 137
28 18 44 43 42
29 18 7 7 6
30 18 17 17 17
31 18 118 118 115
32 18 178 177 173
33 18 188 187 182
34 18 190 188 183
35 18 189 187 183
36 18 183 181 178
37 18 157 156 152
38 18 130 129 126
39 18 83 82 79
40 18 72 72 70
41 18 101 101 97
42 18 117 115 110
43 18 127 124 118
44 18 147 143 136
21 19 50 48 45
22 19 39 38 36
23 19 43 42 40
24 19 74 73 71
25 19 169 168 164
26 19 184 183 179
27 19 169 167 163
28 19 129 127 123
29 19 84 82 78
30 19 103 101 97
31 19 158 156 151
32 19 183 181 177
33 19 188 186 182
34 19 184 183 179
35 19 167 167 163
36 19 138 138 134
37 19 129 128 125
38 19 123 123 120
39 19 113 113 110
40 19 115 115 111
41 19 119 118 113
42 19 119 117 112
43 19 121 118 113
44 19 148 144 137
22 20 47 45 42
23 20 44 43 40
24 20 49 49 47
25 20 108 106 102
26 20 179 177 173
27 20 185 183 178
28 20 176 174 169
29 20 165 163 158
30 20 174 171 166
31 20 183 181 176
32 20 183 182 178
33 20 174 174 170
34 20 151 151 148
35 20 134 134 130
36 20 129 129 125
37 20 127 126 123
38 20 126 126 123
39 20 125 124 121
40 20 119 119 115
41 20 111 110 105
42 20 96 94 90
43 20 111 108 103
44 20 134 129 124
23 21 49 48 45
24 21 51 51 48
25 21 40 39 37
26 21 141 138 134
27 21 183 181 177
28 21 185 183 179
29 21 183 181 175
30 21 184 182 178
31 21 180 179 176
32 21 145 146 142
33 21 105 106 103
34 21 117 117 115
35 21 128 129 125
36 21 128 128 124
37 21 127 126 123
38 21 125 124 121
39 21 119 119 115
40 21 100 99 95
41 21 60 59 56
42 21 70 69 66
43 21 110 104 98
44 21 138 128 120
23 22 53 51 48
24 22 54 53 50
25 22 41 41 39
26 22 53 50 47
27 22 157 154 150
28 22 184 183 179
29 22 181 180 176
30 22 156 157 154
31 22 91 91 88
32 22 40 40 39
33 22 75 76 75
34 22 120 120 117
35 22 129 128 125
36 22 127 127 123
37 22 124 124 121
38 22 121 120 117
39 22 100 100 97
40 22 53 53 50
41 22 52 49 46
42 22 89 84 79
43 22 96 86 80
44 22 114 102 95
24 23 57 55 53
25 23 48 47 44
26 23 27 27 25
27 23 85 82 78
28 23 164 164 161
29 23 146 148 145
30 23 86 88 85
31 23 31 32 32
32 23 72 74 73
33 23 115 116 114
34 23 127 127 124
35 23 127 127 124
36 23 124 123 120
37 23 123 122 119
38 23 115 115 112
39 23 84 83 80
40 23 72 68 65
41 23 74 67 63
42 23 78 71 66
43 23 56 48 44
25 24 49 47 45
26 24 34 33 31
27 24 25 23 21
28 24 130 131 129
29 24 117 119 117
30 24 87 90 88
31 24 99 101 100
32 24 118 119 117
33 24 125 126 123
34 24 125 125 122
35 24 123 123 120
36 24 122 122 119
37 24 120 120 117
38 24 115 114 110
39 24 98 94 90
40 24 83 77 73
41 24 46 42 39
25 25 53 51 48
26 25 39 38 35
27 25 24 23 21
28 25 111 111 108
29 25 127 129 126
30 25 123 125 122
31 25 126 127 124
32 25 125 125 123
33 25 116 117 114
34 25 112 112 109
35 25 117 117 114
36 25 120 119 116
37 25 117 114 110
38 25 104 100 95
39 25 90 84 79
26 26 43 41 39
27 26 34 32 30
28 26 60 58 55
29 26 130 131 128
30 26 128 129 126
31 26 122 123 120
32 26 99 99 97
33 26 69 69 67
34 26 90 90 88
35 26 114 113 109
36 26 111 108 103
37 26 106 100 96
38 26 61 57 53
27 27 39 37 35
28 27 35 33 31
29 27 128 128 125
30 27 123 123 120
31 27 88 89 86
32 27 43 44 42
33 27 61 61 60
34 27 103 101 98
35 27 103 99 95
36 27 107 100 94
27 28 47 45 43
28 28 38 35 33
29 28 121 122 119
30 28 108 109 106
31 28 68 68 67
32 28 73 73 71
33 28 81 79 76
34 28 100 96 91
35 28 58 54 50
28 29 42 39 37
29 29 114 113 110
30 29 114 113 110
31 29 102 100 97
32 29 87 86 82
33 29 47 47 45
29 30 94 90 86
30 30 105 102 97
31 30 81 78 74
32 30 57 53 50
30 31 56 53 49
