34 0 158 152 144
32 1 149 142 135
33 1 166 160 154
34 1 168 162 156
35 1 167 161 154
31 2 157 151 143
32 2 165 159 152
33 2 178 174 169
34 2 173 170 165
35 2 175 172 166
29 3 162 158 151
30 3 159 155 148
31 3 166 162 155
32 3 175 171 166
33 3 186 184 181
34 3 170 170 166
35 3 166 164 159
36 3 174 170 164
28 4 161 157 150
29 4 161 157 151
30 4 168 165 159
31 4 175 173 168
32 4 184 183 180
33 4 193 192 190
34 4 183 183 180
35 4 149 149 146
36 4 157 153 149
37 4 177 171 166
27 5 156 152 146
28 5 163 160 155
29 5 170 168 163
30 5 177 176 171
31 5 183 183 179
32 5 189 189 186
33 5 194 194 192
34 5 194 194 192
35 5 172 173 170
36 5 134 133 129
37 5 166 161 157
38 5 179 173 168
25 6 148 144 138
26 6 159 156 150
27 6 164 162 157
28 6 171 170 166
29 6 178 177 173
30 6 182 182 178
31 6 186 186 183
32 6 195 196 195
33 6 195 195 193
34 6 196 196 194
35 6 192 193 190
36 6 161 161 159
37 6 155 154 150
38 6 175 171 167
39 6 180 172 166
24 7 141 138 132
25 7 152 149 144
26 7 162 161 156
27 7 166 165 162
28 7 173 174 170
29 7 175 176 173
30 7 170 171 167
31 7 177 178 175
32 7 196 197 196
33 7 192 193 191
34 7 187 188 186
35 7 194 194 192
36 7 187 188 186
37 7 170 171 168
38 7 176 174 171
39 7 179 175 171
22 8 145 139 132
23 8 130 125 119
24 8 136 133 128
25 8 151 150 146
26 8 149 149 145
27 8 148 149 146
28 8 165 166 163
29 8 146 147 144
30 8 147 148 146
31 8 181 183 181
32 8 195 197 196
33 8 194 196 194
34 8 164 165 163
35 8 169 170 168
36 8 191 191 189
37 8 184 184 182
38 8 179 179 176
39 8 180 178 174
40 8 177 172 168
21 9 135 126 118
22 9 129 121 115
23 9 118 114 109
24 9 135 135 131
25 9 133 133 130
26 9 121 122 119
27 9 146 148 145
28 9 140 142 140
29 9 132 134 132
30 9 174 175 173
31 9 183 184 183
32 9 187 189 189
33 9 200 202 202
34 9 176 178 176
35 9 119 120 118
36 9 174 175 173
37 9 179 179 177
38 9 165 166 163
39 9 177 176 174
40 9 173 170 167
41 9 171 166 161
20 10 151 140 131
21 10 133 124 116
22 10 118 113 108
23 10 132 131 128
24 10 149 149 147
25 10 142 143 141
26 10 162 163 161
27 10 160 161 159
28 10 155 157 155
29 10 172 173 172
30 10 178 179 177
31 10 153 154 152
32 10 145 147 145
33 10 187 190 189
34 10 194 196 195
35 10 142 143 141
36 10 144 146 143
37 10 171 171 169
38 10 130 131 129
39 10 156 157 154
40 10 164 164 161
41 10 159 155 151
42 10 164 157 153
20 11 148 141 133
21 11 146 140 134
22 11 149 148 145
23 11 164 164 161
24 11 169 170 167
25 11 176 177 175
26 11 182 183 181
27 11 179 180 178
28 11 179 180 178
29 11 167 168 166
30 11 126 127 125
31 11 105 105 103
32 11 116 117 115
33 11 147 148 147
34 11 188 191 190
35 11 187 189 187
36 11 159 160 157
37 11 174 175 172
38 11 150 151 148
39 11 118 119 117
40 11 155 156 153
41 11 139 137 133
42 11 148 143 139
43 11 167 160 155
19 12 169 163 155
20 12 159 154 148
21 12 166 164 160
22 12 172 173 169
23 12 179 179 176
24 12 183 183 181
25 12 186 187 185
26 12 186 187 185
27 12 176 177 175
28 12 149 150 147
29 12 99 101 99
30 12 48 49 47
31 12 40 40 39
32 12 59 59 57
33 12 113 113 110
34 12 153 154 152
35 12 191 193 192
36 12 192 192 190
37 12 188 188 186
38 12 179 179 177
39 12 139 139 136
40 12 157 157 154
41 12 141 141 138
42 12 125 121 117
43 12 155 149 144
19 13 169 164 157
20 13 170 167 161
21 13 175 174 170
22 13 180 180 177
23 13 183 183 181
24 13 186 187 184
25 13 183 183 181
26 13 165 166 164
27 13 132 133 130
28 13 103 105 103
29 13 42 43 42
30 13 3 4 3
31 13 3 3 3
32 13 2 2 2
33 13 60 60 58
34 13 118 118 115
35 13 157 158 156
36 13 194 195 194
37 13 195 195 193
38 13 191 191 188
39 13 177 177 175
40 13 168 168 165
41 13 166 166 163
42 13 128 126 123
43 13 142 137 132
44 13 157 150 145
18 14 177 171 164
19 14 166 162 156
20 14 176 175 171
21 14 180 180 177
22 14 182 183 180
23 14 184 184 182
24 14 178 178 176
25 14 151 151 149
26 14 111 112 110
27 14 106 107 105
28 14 101 103 102
29 14 52 54 53
30 14 4 5 5
31 14 1 1 1
32 14 4 4 3
33 14 46 45 44
34 14 107 106 103
35 14 125 125 121
36 14 166 168 165
37 14 196 197 195
38 14 194 194 191
39 14 188 188 185
40 14 180 180 178
41 14 178 177 175
42 14 164 164 161
43 14 149 147 143
44 14 155 150 145
18 15 180 175 169
19 15 174 171 166
20 15 180 179 176
21 15 182 182 179
22 15 179 180 177
23 15 162 163 160
24 15 122 124 121
25 15 69 70 68
26 15 42 43 42
27 15 49 49 48
28 15 78 80 79
29 15 87 90 90
30 15 44 46 46
31 15 19 19 19
32 15 41 41 40
33 15 80 80 77
34 15 112 112 108
35 15 123 122 118
36 15 126 126 122
37 15 169 170 168
38 15 194 194 192
39 15 191 190 187
40 15 180 180 177
41 15 172 172 169
42 15 177 176 173
43 15 169 167 163
44 15 161 159 154
18 16 170 166 159
19 16 177 176 171
20 16 179 179 176
21 16 173 174 171
22 16 148 149 146
23 16 117 119 116
24 16 69 70 69
25 16 15 16 15
27 16 3 3 3
28 16 29 30 30
29 16 92 95 94
30 16 96 98 96
31 16 88 89 87
32 16 97 97 94
33 16 107 106 104
34 16 116 116 113
35 16 119 119 115
36 16 120 120 115
37 16 128 127 123
38 16 177 177 174
39 16 193 193 190
40 16 181 180 177
41 16 144 144 141
42 16 164 163 160
43 16 174 173 169
44 16 167 165 160
17 17 178 172 164
18 17 173 169 162
19 17 174 173 169
20 17 160 160 157
21 17 120 121 119
22 17 94 95 93
23 17 99 100 98
24 17 75 77 76
25 17 23 25 24
27 17 1 1 1
28 17 25 26 25
29 17 87 88 86
30 17 111 112 109
31 17 113 113 110
32 17 114 113 110
33 17 116 116 112
34 17 115 114 110
35 17 115 114 110
36 17 115 114 109
37 17 117 115 110
38 17 130 128 123
39 17 177 176 172
40 17 188 187 183
41 17 147 146 142
42 17 122 121 117
43 17 168 166 162
44 17 169 167 162
17 18 167 160 151
18 18 163 159 153
19 18 145 145 141
20 18 94 95 92
21 18 45 45 44
22 18 39 40 38
23 18 44 45 44
24 18 69 72 71
25 18 64 66 65
26 18 32 33 32
27 18 35 36 35
28 18 64 64 62
29 18 100 100 97
30 18 113 113 109
31 18 112 112 109
32 18 114 114 111
33 18 116 116 112
34 18 116 116 111
35 18 113 112 107
36 18 113 112 107
37 18 114 112 107
38 18 113 111 105
39 18 129 127 122
40 18 178 176 172
41 18 175 173 169
42 18 120 118 114
43 18 149 147 142
44 18 168 165 160
17 19 138 129 117
18 19 136 131 123
19 19 106 105 101
20 19 51 51 50
21 19 7 7 7
22 19 2 2 2
23 19 2 2 2
24 19 46 47 46
25 19 94 96 94
26 19 91 92 89
27 19 93 94 91
28 19 98 98 95
29 19 110 110 107
30 19 112 112 109
31 19 115 115 111
32 19 113 113 109
33 19 112 112 108
34 19 112 111 107
35 19 110 109 104
36 19 104 103 98
37 19 96 94 89
38 19 89 87 82
39 19 100 97 92
40 19 134 132 127
41 19 176 175 170
42 19 165 162 157
43 19 151 149 143
44 19 166 163 158
18 20 137 130 120
19 20 112 109 103
20 20 68 68 65
21 20 22 22 22
22 20 2 2 2
23 20 6 6 6
24 20 53 54 52
25 20 99 99 97
26 20 110 110 106
27 20 111 111 108
28 20 112 112 109
29 20 111 110 107
30 20 113 113 110
31 20 111 111 107
32 20 109 109 105
33 20 109 109 105
34 20 109 109 105
35 20 105 105 100
36 20 76 76 72
37 20 49 48 45
38 20 34 33 30
39 20 49 48 44
40 20 95 93 88
41 20 147 145 140
42 20 176 173 169
43 20 174 171 166
44 20 170 168 163
19 21 135 129 119
20 21 99 95 89
21 21 71 71 68
22 21 43 43 42
23 21 57 58 56
24 21 83 83 81
25 21 105 105 103
26 21 111 110 107
27 21 112 111 108
28 21 111 110 107
29 21 111 110 107
30 21 110 110 106
31 21 110 110 106
32 21 107 107 103
33 21 107 107 103
34 21 105 105 101
35 21 92 92 89
36 21 42 41 39
37 21 9 9 8
38 21 1 1 1
39 21 4 4 4
40 21 59 57 53
41 21 101 99 93
42 21 144 141 136
43 21 174 171 166
44 21 172 169 163
20 22 133 127 118
21 22 110 107 102
22 22 97 97 93
23 22 100 100 97
24 22 104 103 100
25 22 109 108 105
26 22 111 111 107
27 22 110 110 107
28 22 110 110 106
29 22 109 109 106
30 22 106 106 102
31 22 101 101 98
32 22 93 93 90
33 22 82 81 78
34 22 78 78 75
35 22 86 86 83
36 22 48 48 46
37 22 8 8 7
38 22 2 2 2
39 22 5 5 4
40 22 46 45 41
41 22 91 89 83
42 22 103 100 94
43 22 145 140 133
44 22 164 158 151
45 22 169 166 160
21 23 139 133 125
22 23 114 110 105
23 23 108 106 103
24 23 108 108 105
25 23 110 109 106
26 23 110 110 107
27 23 108 107 104
28 23 108 108 104
29 23 107 106 103
30 23 106 106 102
31 23 85 86 82
32 23 48 49 46
33 23 26 26 25
34 23 23 23 22
35 23 59 59 57
36 23 77 78 75
37 23 51 50 48
38 23 35 34 33
39 23 49 47 44
40 23 77 75 70
41 23 94 90 84
42 23 97 92 86
43 23 98 91 84
44 23 136 125 117
45 23 146 133 123
22 24 130 123 116
23 24 114 111 105
24 24 108 107 103
25 24 109 108 105
26 24 107 107 104
27 24 105 104 101
28 24 104 104 101
29 24 104 104 100
30 24 100 100 97
31 24 68 68 66
32 24 16 16 15
34 24 1 1 1
35 24 24 23 22
36 24 81 80 77
37 24 89 88 84
38 24 84 83 78
39 24 88 86 81
40 24 93 89 83
41 24 83 79 73
42 24 87 82 76
43 24 46 43 39
23 25 131 124 116
24 25 112 108 103
25 25 107 105 102
26 25 105 104 101
27 25 90 90 87
28 25 77 77 74
29 25 70 70 67
30 25 75 75 72
31 25 77 77 75
32 25 44 44 43
33 25 11 11 11
34 25 7 7 6
35 25 37 37 35
36 25 84 83 79
37 25 97 95 90
38 25 96 93 88
39 25 92 88 83
40 25 87 82 77
41 25 49 46 42
24 26 122 115 108
25 26 107 104 99
26 26 99 98 95
27 26 57 57 55
28 26 22 22 21
29 26 15 15 14
30 26 23 23 21
31 26 64 64 62
32 26 84 84 81
33 26 59 58 56
34 26 61 60 57
35 26 79 78 73
36 26 92 90 85
37 26 93 90 85
38 26 77 74 69
39 26 89 85 79
25 27 121 115 108
26 27 96 93 88
27 27 42 41 40
28 27 6 6 6
29 27 1 1 1
30 27 5 5 4
31 27 57 56 54
32 27 94 93 90
33 27 93 91 88
34 27 92 90 86
35 27 91 88 83
36 27 80 77 73
37 27 84 81 76
38 27 49 46 43
26 28 106 99 92
27 28 64 58 54
28 28 38 37 35
29 28 19 19 18
30 28 37 36 34
31 28 74 73 70
32 28 95 93 89
33 28 95 92 88
34 28 81 79 74
35 28 86 83 78
36 28 51 49 45
27 29 108 98 90
28 29 88 83 78
29 29 77 74 70
30 29 83 81 77
31 29 91 88 84
32 29 90 86 82
33 29 86 82 78
34 29 54 52 48
28 30 111 101 92
29 30 94 86 79
30 30 92 86 81
31 30 77 74 69
32 30 92 87 82
29 31 99 85 76
30 31 84 76 69
31 31 50 45 41
