31 1 156 147 139
32 1 162 154 148
33 1 175 169 164
29 2 163 156 147
30 2 166 160 152
31 2 170 165 158
32 2 175 171 165
33 2 179 175 170
34 2 182 179 174
35 2 185 182 178
27 3 165 158 150
28 3 168 162 155
29 3 171 166 159
30 3 175 171 164
31 3 177 174 168
32 3 178 174 169
33 3 180 177 171
34 3 184 182 177
35 3 189 187 184
36 3 192 191 188
25 4 166 160 152
26 4 171 166 159
27 4 173 169 163
28 4 177 174 168
29 4 179 176 171
30 4 180 177 172
31 4 180 177 172
32 4 181 178 173
33 4 182 180 175
34 4 184 183 178
35 4 189 189 185
36 4 193 193 190
37 4 195 195 193
38 4 193 192 191
23 5 165 159 151
24 5 171 166 159
25 5 173 170 163
26 5 178 175 169
27 5 180 177 172
28 5 181 180 175
29 5 183 181 176
30 5 183 181 177
31 5 184 182 178
32 5 184 182 178
33 5 185 184 180
34 5 186 186 182
35 5 189 188 185
36 5 193 192 189
37 5 195 195 193
38 5 197 197 195
39 5 197 198 197
22 6 170 166 159
23 6 174 170 164
24 6 178 176 170
25 6 181 179 174
26 6 182 180 176
27 6 183 182 178
28 6 184 183 179
29 6 185 184 180
30 6 186 185 182
31 6 186 186 183
32 6 187 187 184
33 6 188 188 185
34 6 188 188 185
35 6 191 190 187
36 6 192 192 189
37 6 194 194 191
38 6 196 197 194
39 6 200 201 199
40 6 201 202 201
41 6 200 202 201
20 7 169 164 157
21 7 171 166 161
22 7 171 168 163
23 7 171 170 165
24 7 174 173 169
25 7 181 180 176
26 7 183 183 179
27 7 185 185 181
28 7 184 184 181
29 7 180 180 177
30 7 175 175 173
31 7 175 175 173
32 7 186 186 183
33 7 190 191 188
34 7 191 192 189
35 7 192 192 190
36 7 189 189 187
37 7 183 183 180
38 7 181 181 178
39 7 191 192 189
40 7 200 201 199
41 7 203 204 203
42 7 202 204 204
18 8 167 155 145
19 8 173 167 160
20 8 173 170 165
21 8 162 160 157
22 8 139 138 134
23 8 118 117 114
24 8 124 124 120
25 8 166 165 162
26 8 183 183 180
27 8 184 185 182
28 8 170 170 167
29 8 137 138 135
30 8 106 107 104
31 8 105 105 103
32 8 160 161 158
33 8 189 190 187
34 8 193 194 191
35 8 185 186 184
36 8 157 158 156
37 8 116 117 114
38 8 101 102 99
39 8 142 143 140
40 8 189 190 188
41 8 203 204 203
42 8 204 206 205
43 8 201 204 203
44 8 191 192 191
17 9 160 147 136
18 9 174 162 152
19 9 179 174 169
20 9 172 171 167
21 9 126 126 124
22 9 52 52 51
23 9 20 20 19
24 9 78 78 76
25 9 161 161 158
26 9 184 185 182
27 9 183 184 181
28 9 146 147 144
29 9 60 61 59
30 9 17 17 16
31 9 62 63 61
32 9 150 151 149
33 9 188 189 186
34 9 193 194 192
35 9 174 175 174
36 9 101 104 102
37 9 23 24 23
38 9 32 33 33
39 9 111 113 112
40 9 181 183 181
41 9 202 204 202
42 9 203 205 204
43 9 201 202 202
44 9 197 199 199
17 10 113 108 100
18 10 151 142 133
19 10 179 173 167
20 10 173 171 167
21 10 134 134 131
22 10 99 99 97
23 10 105 106 103
24 10 151 151 148
25 10 180 180 177
26 10 188 188 186
27 10 185 186 183
28 10 167 168 166
29 10 132 133 131
30 10 119 120 118
31 10 156 157 155
32 10 184 185 183
33 10 194 195 193
34 10 195 196 195
35 10 185 187 185
36 10 157 159 158
37 10 130 132 131
38 10 144 146 145
39 10 174 176 175
40 10 196 197 196
41 10 202 203 201
42 10 202 203 201
43 10 197 199 199
44 10 199 201 201
18 11 58 55 51
19 11 140 133 125
20 11 178 174 168
21 11 177 176 172
22 11 173 173 170
23 11 177 177 174
24 11 185 185 182
25 11 189 189 187
26 11 191 191 188
27 11 191 191 188
28 11 188 188 186
29 11 185 186 183
30 11 184 185 182
31 11 192 193 191
32 11 196 197 194
33 11 198 198 196
34 11 198 199 197
35 11 196 198 196
36 11 194 195 193
37 11 192 194 192
38 11 195 197 195
39 11 198 199 197
40 11 199 200 198
41 11 189 190 188
42 11 186 187 185
43 11 192 193 192
44 11 195 198 197
18 12 50 49 46
19 12 44 43 41
20 12 136 131 124
21 12 183 179 173
22 12 190 188 184
23 12 191 191 188
24 12 192 191 188
25 12 192 192 189
26 12 193 193 190
27 12 193 193 190
28 12 193 193 191
29 12 195 195 193
30 12 196 196 194
31 12 197 197 195
32 12 198 198 196
33 12 198 199 196
34 12 200 200 198
35 12 200 201 199
36 12 201 202 200
37 12 202 203 201
38 12 201 202 200
39 12 195 196 194
40 12 166 167 165
41 12 119 121 118
42 12 153 153 150
43 12 188 189 187
44 12 193 194 193
18 13 51 49 46
19 13 44 43 40
20 13 32 32 31
21 13 138 134 128
22 13 186 182 177
23 13 192 190 186
24 13 194 193 189
25 13 193 193 189
26 13 194 194 191
27 13 195 195 192
28 13 195 195 193
29 13 197 197 194
30 13 197 197 195
31 13 198 199 196
32 13 199 199 197
33 13 199 200 197
34 13 200 201 199
35 13 201 201 199
36 13 201 202 200
37 13 201 201 199
38 13 194 195 193
39 13 158 159 157
40 13 67 68 66
41 13 21 21 20
42 13 131 130 127
43 13 184 184 182
44 13 188 190 188
19 14 49 48 45
20 14 35 35 33
21 14 45 45 44
22 14 139 135 130
23 14 186 182 177
24 14 194 192 188
25 14 195 195 191
26 14 195 195 192
27 14 196 196 193
28 14 197 197 195
29 14 198 198 195
30 14 197 198 195
31 14 199 200 197
32 14 201 201 199
33 14 202 202 200
34 14 201 202 200
35 14 200 200 198
36 14 191 192 190
37 14 179 180 178
38 14 178 180 178
39 14 121 123 122
40 14 15 16 15
41 14 64 64 61
42 14 150 150 146
43 14 183 183 180
44 14 185 186 184
19 15 55 53 50
20 15 49 48 45
21 15 42 42 40
22 15 57 57 55
23 15 137 133 128
24 15 186 182 177
25 15 195 193 189
26 15 196 195 192
27 15 197 197 194
28 15 197 198 195
29 15 199 199 196
30 15 199 199 197
31 15 200 201 198
32 15 201 201 199
33 15 201 201 199
34 15 196 197 195
35 15 175 176 174
36 15 130 131 128
37 15 105 107 105
38 15 156 159 159
39 15 125 128 128
40 15 82 83 81
41 15 137 138 134
42 15 174 173 170
43 15 181 181 177
44 15 181 181 179
19 16 57 54 51
20 16 57 56 52
21 16 52 52 50
22 16 57 57 55
23 16 61 61 59
24 16 134 131 125
25 16 186 182 176
26 16 196 194 189
27 16 197 197 194
28 16 199 199 196
29 16 199 200 197
30 16 200 200 198
31 16 200 200 198
32 16 199 200 197
33 16 195 196 194
34 16 173 174 172
35 16 96 98 95
36 16 24 25 24
37 16 59 60 59
38 16 154 157 155
39 16 165 167 165
40 16 159 160 157
41 16 171 171 168
42 16 176 176 172
43 16 177 176 172
44 16 175 175 171
45 16 185 185 183
20 17 58 56 52
21 17 58 57 55
22 17 59 59 57
23 17 60 61 58
24 17 61 61 59
25 17 128 125 119
26 17 186 182 175
27 17 197 195 190
28 17 199 198 194
29 17 199 198 195
30 17 198 198 195
31 17 192 193 190
32 17 180 181 179
33 17 175 176 174
34 17 151 153 151
35 17 43 44 44
36 17 29 30 29
37 17 115 116 113
38 17 170 170 168
39 17 179 179 177
40 17 178 177 174
41 17 175 174 170
42 17 173 172 167
43 17 171 169 164
44 17 166 165 160
45 17 179 178 174
20 18 57 55 51
21 18 59 57 54
22 18 60 59 57
23 18 59 59 57
24 18 60 61 58
25 18 61 62 59
26 18 125 122 116
27 18 181 176 169
28 18 193 190 184
29 18 195 194 190
30 18 181 181 179
31 18 138 139 137
32 18 98 100 97
33 18 130 133 131
34 18 145 148 147
35 18 85 87 85
36 18 116 117 114
37 18 161 162 159
38 18 178 178 175
39 18 177 177 174
40 18 176 176 172
41 18 172 171 167
42 18 168 167 161
43 18 166 164 159
44 18 162 161 155
45 18 174 172 168
20 19 55 51 47
21 19 58 56 52
22 19 59 59 56
23 19 59 59 57
24 19 60 60 58
25 19 60 60 58
26 19 61 62 59
27 19 121 119 114
28 19 184 179 172
29 19 179 178 174
30 19 120 121 118
31 19 35 36 35
32 19 26 26 25
33 19 119 121 119
34 19 168 170 167
35 19 163 163 160
36 19 168 168 165
37 19 176 176 173
38 19 178 177 174
39 19 175 175 171
40 19 170 170 166
41 19 156 155 150
42 19 134 133 127
43 19 147 144 138
44 19 158 156 151
45 19 169 167 163
21 20 55 52 48
22 20 58 56 53
23 20 59 58 56
24 20 60 60 57
25 20 59 59 57
26 20 60 60 58
27 20 92 92 88
28 20 176 172 165
29 20 164 164 160
30 20 68 68 66
31 20 13 13 12
32 20 77 78 75
33 20 156 156 153
34 20 179 179 176
35 20 181 180 177
36 20 179 179 176
37 20 176 176 173
38 20 175 175 171
39 20 171 171 167
40 20 154 154 150
41 20 101 100 96
42 20 50 49 46
43 20 124 122 116
44 20 153 150 145
45 20 164 161 156
21 21 51 47 42
22 21 54 51 48
23 21 58 57 54
24 21 59 58 56
25 21 59 59 57
26 21 60 59 57
27 21 67 67 65
28 21 163 160 154
29 21 158 157 152
30 21 93 93 91
31 21 95 96 94
32 21 145 146 143
33 21 176 176 173
34 21 180 180 177
35 21 179 179 176
36 21 177 176 173
37 21 172 172 168
38 21 167 167 163
39 21 160 160 156
40 21 112 112 108
41 21 22 22 21
42 21 47 46 42
43 21 126 123 117
44 21 144 140 133
45 21 149 144 137
22 22 51 47 44
23 22 55 53 50
24 22 58 58 55
25 22 58 58 55
26 22 59 58 56
27 22 60 60 58
28 22 145 143 138
29 22 176 173 168
30 22 164 164 161
31 22 165 165 162
32 22 175 175 172
33 22 179 179 176
34 22 178 178 175
35 22 177 177 173
36 22 169 169 165
37 22 148 148 144
38 22 123 123 119
39 22 136 137 133
40 22 100 101 97
41 22 54 53 50
42 22 109 106 100
43 22 136 131 125
44 22 126 120 112
45 22 127 119 111
23 23 52 49 46
24 23 55 54 51
25 23 57 56 54
26 23 56 56 54
27 23 57 56 54
28 23 112 110 106
29 23 177 174 168
30 23 181 180 177
31 23 180 179 177
32 23 179 178 176
33 23 178 177 174
34 23 176 176 172
35 23 172 172 168
36 23 143 143 139
37 23 76 76 73
38 23 41 41 39
39 23 121 121 116
40 23 133 132 128
41 23 128 125 119
42 23 134 129 123
43 23 124 119 112
44 23 46 42 39
24 24 52 50 47
25 24 54 53 50
26 24 51 51 48
27 24 48 48 46
28 24 80 79 76
29 24 170 167 161
30 24 179 178 174
31 24 180 179 176
32 24 177 177 174
33 24 174 173 170
34 24 169 169 166
35 24 161 161 158
36 24 89 90 87
37 24 9 9 8
38 24 72 71 67
39 24 138 136 131
40 24 148 146 140
41 24 135 131 125
42 24 115 110 104
25 25 51 50 47
26 25 50 49 47
27 25 35 35 33
28 25 47 47 45
29 25 153 150 144
30 25 177 175 170
31 25 176 175 172
32 25 164 164 161
33 25 143 143 140
34 25 134 134 130
35 25 145 145 143
36 25 95 96 93
37 25 77 76 72
38 25 127 125 120
39 25 145 142 137
40 25 138 134 128
41 25 49 47 43
25 26 47 45 43
26 26 48 46 43
27 26 36 35 33
28 26 30 29 28
29 26 126 123 119
30 26 174 170 165
31 26 166 165 161
32 26 120 120 117
33 26 52 52 50
34 26 70 69 67
35 26 142 142 138
36 26 142 141 137
37 26 139 137 132
38 26 140 136 130
39 26 121 116 111
40 26 45 42 39
26 27 43 41 38
27 27 41 40 37
28 27 30 29 27
29 27 80 78 74
30 27 164 159 153
31 27 138 136 133
32 27 43 43 41
33 27 18 18 17
34 27 107 105 102
35 27 154 152 148
36 27 154 151 146
37 27 138 135 129
38 27 52 50 47
27 28 42 39 37
28 28 38 36 34
29 28 48 47 44
30 28 144 138 131
31 28 110 106 102
32 28 55 54 51
33 28 99 98 94
34 28 141 139 134
35 28 149 146 141
36 28 136 132 126
37 28 48 46 43
28 29 40 37 34
29 29 43 41 38
30 29 126 119 112
31 29 145 140 134
32 29 138 135 130
33 29 144 141 136
34 29 140 137 132
35 29 124 119 113
29 30 42 39 36
30 30 115 107 99
31 30 155 147 138
32 30 151 145 139
33 30 139 135 129
34 30 49 47 44
30 31 107 96 87
31 31 150 135 124
32 31 125 117 109
