33 0 146 133 126
31 1 155 146 137
32 1 161 153 146
33 1 169 162 156
34 1 179 173 169
30 2 163 157 148
31 2 168 162 155
32 2 173 169 162
33 2 179 176 170
34 2 184 182 177
35 2 189 186 182
28 3 164 158 150
29 3 168 162 155
30 3 172 168 161
31 3 176 172 166
32 3 178 175 169
33 3 182 179 174
34 3 188 187 183
35 3 194 193 190
26 4 167 161 154
27 4 168 163 156
28 4 172 168 162
29 4 177 174 168
30 4 178 176 170
31 4 179 177 172
32 4 182 180 175
33 4 185 183 179
34 4 190 189 185
35 4 196 196 194
36 4 199 199 197
24 5 163 157 150
25 5 168 164 157
26 5 173 169 164
27 5 176 173 168
28 5 179 177 172
29 5 181 179 174
30 5 182 181 176
31 5 184 183 178
32 5 185 184 180
33 5 188 187 183
34 5 191 191 187
35 5 196 196 193
36 5 200 201 199
37 5 201 202 200
23 6 166 162 155
24 6 171 168 162
25 6 175 173 167
26 6 178 176 172
27 6 180 179 175
28 6 182 182 177
29 6 184 183 180
30 6 186 185 182
31 6 187 187 184
32 6 189 189 185
33 6 191 191 188
34 6 193 193 190
35 6 196 196 193
36 6 200 200 198
37 6 203 204 203
38 6 203 205 204
21 7 162 158 151
22 7 165 162 156
23 7 169 167 162
24 7 175 174 169
25 7 178 178 174
26 7 181 180 177
27 7 181 181 178
28 7 177 177 174
29 7 175 175 172
30 7 185 185 182
31 7 190 190 188
32 7 191 192 189
33 7 190 191 188
34 7 184 184 182
35 7 177 177 174
36 7 187 187 184
37 7 203 204 202
38 7 205 207 206
39 7 205 207 206
19 8 165 158 151
20 8 164 160 154
21 8 157 154 149
22 8 143 141 137
23 8 134 133 129
24 8 162 162 158
25 8 180 180 177
26 8 176 177 174
27 8 156 156 153
28 8 121 121 118
29 8 109 109 106
30 8 168 169 166
31 8 190 191 188
32 8 187 188 186
33 8 163 164 162
34 8 116 117 115
35 8 83 84 81
36 8 140 141 139
37 8 196 197 195
38 8 206 208 207
39 8 206 208 207
40 8 200 202 201
17 9 149 130 118
18 9 164 152 142
19 9 168 163 157
20 9 158 156 152
21 9 111 110 107
22 9 54 54 52
23 9 91 91 89
24 9 163 163 160
25 9 179 180 177
26 9 154 155 152
27 9 77 77 75
28 9 35 35 34
29 9 109 111 108
30 9 174 175 173
31 9 190 191 189
32 9 172 174 172
33 9 93 95 94
34 9 33 34 33
35 9 92 94 93
36 9 168 170 168
37 9 199 200 199
38 9 206 207 205
39 9 204 205 205
40 9 203 205 205
41 9 205 208 208
18 10 173 162 154
19 10 172 167 162
20 10 140 140 137
21 10 77 77 76
22 10 102 103 100
23 10 154 154 151
24 10 180 180 177
25 10 181 181 179
26 10 154 155 153
27 10 110 111 109
28 10 143 144 142
29 10 177 178 175
30 10 192 193 190
31 10 193 195 193
32 10 177 179 178
33 10 145 147 146
34 10 149 150 149
35 10 177 179 178
36 10 197 198 197
37 10 201 202 201
38 10 200 201 199
39 10 194 195 194
40 10 196 199 198
41 10 207 210 210
18 11 179 170 162
19 11 177 173 167
20 11 167 166 162
21 11 162 162 159
22 11 173 173 170
23 11 184 183 181
24 11 186 186 183
25 11 186 187 184
26 11 183 184 182
27 11 181 181 179
28 11 188 189 186
29 11 194 195 192
30 11 196 197 194
31 11 198 199 197
32 11 196 197 195
33 11 195 197 195
34 11 197 198 197
35 11 198 199 197
36 11 197 198 196
37 11 184 185 182
38 11 172 173 171
39 11 181 181 179
40 11 191 193 191
41 11 202 204 203
18 12 181 172 163
19 12 182 176 170
20 12 184 182 178
21 12 185 185 181
22 12 186 186 183
23 12 189 188 186
24 12 189 189 186
25 12 190 190 188
26 12 192 192 189
27 12 193 194 191
28 12 194 195 192
29 12 197 197 195
30 12 198 199 197
31 12 200 201 198
32 12 201 202 200
33 12 200 201 199
34 12 200 201 199
35 12 189 190 188
36 12 154 156 154
37 12 98 99 97
38 12 86 87 84
39 12 144 145 142
40 12 185 186 184
41 12 195 197 196
42 12 203 205 204
19 13 185 178 170
20 13 186 182 177
21 13 187 186 183
22 13 189 189 185
23 13 190 189 186
24 13 191 191 188
25 13 191 192 189
26 13 193 193 191
27 13 195 196 193
28 13 197 197 195
29 13 199 199 197
30 13 199 200 198
31 13 200 201 199
32 13 199 199 197
33 13 193 194 192
34 13 184 185 183
35 13 147 149 147
36 13 57 59 57
37 13 6 7 6
38 13 11 11 10
39 13 94 94 91
40 13 174 174 171
41 13 187 188 186
42 13 201 202 201
19 14 186 179 171
20 14 188 183 177
21 14 189 188 184
22 14 190 190 186
23 14 192 191 189
24 14 193 193 190
25 14 194 195 192
26 14 195 195 192
27 14 197 197 195
28 14 199 199 197
29 14 199 200 198
30 14 197 198 196
31 14 191 192 190
32 14 177 178 176
33 14 169 171 168
34 14 172 174 172
35 14 136 139 138
36 14 25 26 25
38 14 26 26 25
39 14 113 113 110
40 14 171 171 167
41 14 183 183 180
42 14 191 192 191
43 14 199 200 198
20 15 189 183 176
21 15 190 187 182
22 15 191 190 187
23 15 192 192 190
24 15 194 194 191
25 15 195 195 193
26 15 197 197 195
27 15 198 198 196
28 15 197 197 195
29 15 195 195 193
30 15 179 180 177
31 15 140 142 139
32 15 89 90 88
33 15 92 93 91
34 15 136 138 137
35 15 152 156 155
36 15 79 82 81
37 15 60 61 59
38 15 109 109 107
39 15 158 158 154
40 15 176 176 172
41 15 177 176 172
42 15 184 185 182
43 15 197 198 196
20 16 189 182 174
21 16 191 186 180
22 16 192 191 187
23 16 194 194 191
24 16 196 196 193
25 16 196 197 194
26 16 196 196 194
27 16 195 196 193
28 16 189 190 188
29 16 176 177 174
30 16 125 127 124
31 16 41 42 41
32 16 4 4 4
33 16 13 14 13
34 16 95 97 96
35 16 163 165 164
36 16 154 155 153
37 16 153 153 151
38 16 161 161 158
39 16 171 171 168
40 16 174 174 170
41 16 174 174 169
42 16 177 177 173
43 16 186 186 183
44 16 189 188 185
21 17 190 184 176
22 17 192 189 183
23 17 194 193 190
24 17 195 194 191
25 17 192 193 190
26 17 185 186 184
27 17 168 169 166
28 17 164 165 163
29 17 165 167 165
30 17 110 114 112
31 17 14 15 15
33 17 33 33 32
34 17 122 123 120
35 17 168 169 166
36 17 174 174 172
37 17 174 174 170
38 17 173 172 169
39 17 173 172 168
40 17 172 171 167
41 17 171 169 164
42 17 169 168 162
43 17 175 174 170
44 17 189 188 184
21 18 190 182 172
22 18 188 183 174
23 18 189 186 181
24 18 187 187 183
25 18 169 170 167
26 18 125 126 123
27 18 80 81 79
28 18 88 89 87
29 18 125 129 127
30 18 133 137 135
31 18 71 73 72
32 18 67 68 66
33 18 115 116 113
34 18 158 159 156
35 18 173 173 169
36 18 174 173 170
37 18 173 173 169
38 18 171 170 167
39 18 169 168 164
40 18 169 168 163
41 18 166 164 159
42 18 164 162 156
43 18 171 169 164
44 18 180 179 174
22 19 182 175 164
23 19 183 180 173
24 19 168 168 164
25 19 103 104 101
26 19 26 26 25
27 19 3 3 3
28 19 14 14 14
29 19 96 98 96
30 19 157 160 158
31 19 153 154 152
32 19 154 155 151
33 19 162 162 159
34 19 170 170 167
35 19 172 172 169
36 19 171 170 167
37 19 169 169 165
38 19 168 168 164
39 19 164 164 159
40 19 154 153 148
41 19 143 141 135
42 19 137 134 128
43 19 158 156 150
44 19 169 168 163
45 19 180 178 174
22 20 189 183 173
23 20 185 180 173
24 20 163 162 158
25 20 92 93 90
26 20 9 9 9
27 20 3 3 3
28 20 41 42 40
29 20 127 128 125
30 20 168 168 165
31 20 172 172 169
32 20 171 171 168
33 20 172 171 168
34 20 172 171 168
35 20 171 170 167
36 20 169 169 165
37 20 166 166 162
38 20 165 165 160
39 20 149 148 144
40 20 103 102 98
41 20 54 53 50
42 20 56 54 51
43 20 136 134 128
44 20 160 158 152
45 20 171 169 164
23 21 183 177 168
24 21 167 164 157
25 21 127 127 124
26 21 69 69 68
27 21 75 76 73
28 21 120 120 117
29 21 158 159 156
30 21 171 171 168
31 21 172 172 169
32 21 171 171 168
33 21 170 170 167
34 21 168 168 165
35 21 166 166 162
36 21 164 163 159
37 21 161 161 156
38 21 155 155 151
39 21 102 102 99
40 21 22 21 20
41 21 1 1 1
42 21 28 27 25
43 21 118 115 109
44 21 152 149 144
45 21 158 154 148
46 21 161 155 148
24 22 180 175 167
25 22 165 163 159
26 22 154 153 151
27 22 156 156 153
28 22 162 162 159
29 22 170 169 166
30 22 170 170 167
31 22 170 169 166
32 22 169 169 166
33 22 167 167 163
34 22 164 164 160
35 22 152 152 148
36 22 135 135 131
37 22 119 119 116
38 22 138 138 135
39 22 104 105 101
40 22 23 23 22
41 22 19 18 17
42 22 79 76 72
43 22 134 130 124
44 22 144 139 133
45 22 136 128 121
46 22 148 139 132
24 23 186 180 171
25 23 180 176 170
26 23 170 168 165
27 23 169 169 166
28 23 170 170 167
29 23 170 170 167
30 23 169 168 165
31 23 167 167 164
32 23 167 166 163
33 23 164 164 161
34 23 150 150 146
35 23 96 96 93
36 23 43 43 41
37 23 28 29 27
38 23 103 103 99
39 23 133 133 129
40 23 100 99 95
41 23 110 108 103
42 23 135 131 125
43 23 141 136 129
44 23 128 121 114
45 23 97 89 82
25 24 182 176 168
26 24 172 168 163
27 24 169 168 164
28 24 169 168 165
29 24 168 167 164
30 24 166 166 163
31 24 165 164 161
32 24 162 162 158
33 24 157 158 154
34 24 117 118 115
35 24 23 23 22
37 24 19 19 18
38 24 103 101 97
39 24 146 144 139
40 24 145 142 137
41 24 143 139 133
42 24 132 127 121
43 24 104 98 92
44 24 45 41 37
26 25 178 173 165
27 25 167 165 160
28 25 167 166 163
29 25 164 163 160
30 25 149 149 145
31 25 134 135 131
32 25 127 126 122
33 25 134 134 131
34 25 128 128 126
35 25 53 53 52
36 25 31 31 29
37 25 79 78 74
38 25 134 132 127
39 25 147 145 139
40 25 141 138 131
41 25 117 112 106
42 25 48 45 42
26 26 182 175 167
27 26 176 171 165
28 26 163 162 158
29 26 149 149 146
30 26 90 90 88
31 26 37 37 36
32 26 36 35 33
33 26 82 81 78
34 26 141 141 138
35 26 124 123 120
36 26 122 120 116
37 26 138 136 131
38 26 142 139 133
39 26 134 130 124
40 26 51 48 45
27 27 176 170 163
28 27 161 157 152
29 27 117 116 113
30 27 23 23 22
32 27 15 15 14
33 27 102 101 98
34 27 149 148 145
35 27 150 148 144
36 27 148 145 139
37 27 134 130 125
38 27 103 99 94
28 28 159 151 143
29 28 104 99 93
30 28 53 52 49
31 28 35 34 32
32 28 86 85 82
33 28 135 134 130
34 28 148 146 141
35 28 141 138 132
36 28 122 118 111
37 28 51 49 45
28 29 164 155 145
29 29 147 139 132
30 29 132 129 124
31 29 128 126 121
32 29 141 138 133
33 29 143 139 134
34 29 128 124 118
35 29 54 52 48
29 30 163 152 143
30 30 152 143 135
31 30 145 140 133
32 30 131 126 120
33 30 107 102 97
29 31 154 134 119
30 31 150 134 123
31 31 94 85 78
32 31 50 45 41
