34 0 162 155 147
32 1 159 153 146
33 1 170 165 160
34 1 171 167 160
35 1 170 165 157
31 2 156 151 144
32 2 161 155 149
33 2 180 177 172
34 2 178 176 172
35 2 178 175 169
36 2 176 169 162
30 3 156 152 145
31 3 164 160 154
32 3 174 171 166
33 3 187 186 183
34 3 175 175 172
35 3 166 164 160
36 3 175 171 165
28 4 164 160 154
29 4 159 155 149
30 4 164 161 155
31 4 174 172 167
32 4 187 187 184
33 4 193 193 191
34 4 181 182 179
35 4 135 136 133
36 4 156 153 148
37 4 177 172 166
27 5 155 151 146
28 5 160 157 151
29 5 168 165 160
30 5 175 174 169
31 5 183 183 179
32 5 194 195 192
33 5 196 196 194
34 5 194 194 192
35 5 163 164 161
36 5 121 120 117
37 5 165 161 157
38 5 179 173 167
26 6 151 148 143
27 6 160 157 152
28 6 168 167 162
29 6 175 175 171
30 6 180 180 177
31 6 186 186 184
32 6 197 197 196
33 6 198 199 197
34 6 197 198 195
35 6 189 190 188
36 6 153 153 151
37 6 154 154 151
38 6 177 173 169
39 6 181 174 169
24 7 135 131 125
25 7 146 143 138
26 7 156 154 149
27 7 163 162 158
28 7 170 171 167
29 7 170 170 167
30 7 171 171 169
31 7 191 192 191
32 7 196 197 195
33 7 190 192 189
34 7 191 192 190
35 7 195 196 193
36 7 186 186 184
37 7 173 173 171
38 7 178 177 174
39 7 180 176 172
40 7 178 171 166
23 8 128 122 116
24 8 132 128 122
25 8 143 141 136
26 8 147 146 142
27 8 151 152 149
28 8 156 156 154
29 8 145 146 144
30 8 171 172 170
31 8 193 195 194
32 8 197 199 198
33 8 172 174 172
34 8 149 151 148
35 8 184 185 183
36 8 192 193 190
37 8 184 184 182
38 8 181 182 179
39 8 181 180 177
40 8 178 174 170
41 8 177 167 161
22 9 129 120 113
23 9 123 117 111
24 9 127 125 121
25 9 129 129 125
26 9 129 130 128
27 9 144 145 143
28 9 134 136 134
29 9 163 164 162
30 9 177 178 176
31 9 183 186 186
32 9 201 204 203
33 9 186 188 186
34 9 109 110 108
35 9 146 147 145
36 9 186 187 184
37 9 173 173 171
38 9 167 168 165
39 9 179 179 177
40 9 176 174 170
41 9 173 168 164
21 10 132 122 114
22 10 125 118 111
23 10 128 126 122
24 10 141 142 139
25 10 146 147 144
26 10 158 159 157
27 10 152 153 151
28 10 165 166 164
29 10 173 174 172
30 10 145 146 144
31 10 137 139 138
32 10 184 187 186
33 10 198 201 200
34 10 154 156 154
35 10 102 104 102
36 10 172 173 170
37 10 163 164 161
38 10 116 117 115
39 10 161 162 160
40 10 169 170 167
41 10 160 158 154
42 10 164 157 153
20 11 156 148 140
21 11 141 134 128
22 11 146 144 140
23 11 159 159 156
24 11 167 168 165
25 11 175 176 173
26 11 175 176 173
27 11 174 175 173
28 11 163 164 162
29 11 121 122 119
30 11 92 93 91
31 11 103 104 101
32 11 129 131 129
33 11 187 189 188
34 11 192 194 193
35 11 160 161 158
36 11 169 170 167
37 11 179 179 177
38 11 129 129 126
39 11 120 121 118
40 11 162 163 160
41 11 136 136 133
42 11 144 139 135
43 11 164 157 152
20 12 159 153 147
21 12 162 159 154
22 12 170 169 166
23 12 176 177 174
24 12 182 182 180
25 12 183 184 182
26 12 174 175 173
27 12 150 151 149
28 12 96 98 95
29 12 47 48 46
30 12 33 34 32
31 12 44 44 43
32 12 93 93 90
33 12 134 136 134
34 12 189 191 190
35 12 197 198 196
36 12 189 189 186
37 12 190 190 188
38 12 170 170 167
39 12 127 128 125
40 12 162 162 160
41 12 148 148 145
42 12 108 105 102
43 12 151 145 141
44 12 163 156 150
19 13 175 170 164
20 13 165 162 156
21 13 172 171 167
22 13 177 178 175
23 13 182 182 179
24 13 181 182 179
25 13 166 167 165
26 13 134 136 133
27 13 103 104 102
28 13 49 50 49
29 13 7 7 7
30 13 1 1 1
31 13 2 2 2
32 13 39 39 38
33 13 97 97 94
34 13 142 143 141
35 13 191 192 191
36 13 197 198 196
37 13 194 193 190
38 13 188 188 185
39 13 173 173 170
40 13 170 170 167
41 13 171 170 167
42 13 130 129 126
43 13 133 129 125
44 13 158 151 146
19 14 167 163 157
20 14 174 172 168
21 14 178 178 175
22 14 181 181 178
23 14 177 178 175
24 14 154 155 153
25 14 105 106 104
26 14 93 94 92
27 14 93 95 93
28 14 60 62 61
29 14 12 12 12
31 14 1 1 1
32 14 26 26 25
33 14 84 84 81
34 14 114 114 110
35 14 150 151 149
36 14 193 194 192
37 14 197 197 194
38 14 192 192 189
39 14 186 186 183
40 14 181 181 178
41 14 180 179 177
42 14 169 168 165
43 14 150 149 145
44 14 158 154 150
45 14 157 151 145
18 15 175 170 164
19 15 172 169 163
20 15 178 177 174
21 15 178 179 176
22 15 168 169 166
23 15 136 137 134
24 15 80 81 79
25 15 39 40 38
26 15 41 42 41
27 15 61 63 62
28 15 79 83 82
29 15 53 55 55
30 15 14 14 14
31 15 31 31 30
32 15 57 57 55
33 15 98 98 94
34 15 103 102 98
35 15 115 115 111
36 15 159 160 157
37 15 194 194 192
38 15 194 194 191
39 15 187 187 184
40 15 175 176 173
41 15 174 174 171
42 15 179 178 175
43 15 172 171 167
44 15 166 164 160
45 15 159 156 151
17 16 179 174 167
18 16 168 165 158
19 16 175 174 170
20 16 174 174 171
21 16 157 158 155
22 16 119 120 117
23 16 87 88 86
24 16 32 33 32
25 16 2 2 2
26 16 4 5 4
27 16 11 12 11
28 16 65 67 66
29 16 88 90 88
30 16 78 79 77
31 16 83 83 81
32 16 92 93 90
33 16 98 97 94
34 16 107 107 103
35 16 103 103 99
36 16 107 106 102
37 16 162 162 159
38 16 194 193 191
39 16 190 190 187
40 16 165 165 162
41 16 136 136 133
42 16 171 170 166
43 16 177 175 171
44 16 171 169 164
45 16 163 160 156
17 17 170 166 158
18 17 171 168 162
19 17 165 164 161
20 17 138 139 136
21 17 94 95 93
22 17 86 87 85
23 17 80 82 81
24 17 41 43 42
25 17 7 8 7
27 17 7 7 7
28 17 54 55 53
29 17 97 98 95
30 17 102 102 100
31 17 101 101 98
32 17 105 105 102
33 17 103 103 99
34 17 104 103 99
35 17 103 102 97
36 17 102 100 96
37 17 109 107 102
38 17 166 166 161
39 17 191 190 187
40 17 176 175 171
41 17 101 100 97
42 17 136 134 130
43 17 173 171 167
44 17 172 169 165
16 18 168 160 150
17 18 151 146 138
18 18 154 152 146
19 18 117 117 114
20 18 67 68 66
21 18 31 32 31
22 18 35 36 34
23 18 50 52 50
24 18 61 64 63
25 18 42 44 43
26 18 20 20 20
27 18 40 41 39
28 18 76 76 74
29 18 97 97 94
30 18 102 102 99
31 18 103 103 100
32 18 101 101 98
33 18 106 106 102
34 18 102 101 97
35 18 105 103 98
36 18 98 96 92
37 18 101 99 93
38 18 115 113 107
39 18 169 168 163
40 18 186 185 181
41 18 150 149 145
42 18 101 100 96
43 18 162 160 155
44 18 172 169 164
17 19 125 118 107
18 19 113 110 104
19 19 81 81 78
20 19 27 27 26
21 19 2 2 2
22 19 2 2 2
23 19 12 13 13
24 19 65 67 66
25 19 84 86 83
26 19 79 79 77
27 19 84 85 82
28 19 92 92 89
29 19 100 100 97
30 19 101 100 97
31 19 98 98 95
32 19 102 102 98
33 19 100 100 96
34 19 100 100 95
35 19 98 97 93
36 19 91 89 85
37 19 86 84 79
38 19 85 83 78
39 19 112 110 105
40 19 167 166 161
41 19 180 178 174
42 19 150 147 142
43 19 158 155 150
44 19 171 169 163
18 20 109 104 96
19 20 87 85 80
20 20 48 48 46
21 20 11 11 11
23 20 15 15 14
24 20 66 67 65
25 20 95 96 93
26 20 100 100 97
27 20 100 100 97
28 20 101 100 97
29 20 101 100 97
30 20 100 100 96
31 20 101 100 97
32 20 96 96 93
33 20 99 99 95
34 20 96 96 92
35 20 80 80 76
36 20 58 58 54
37 20 34 33 31
38 20 34 33 30
39 20 71 70 65
40 20 112 110 104
41 20 168 166 161
42 20 179 176 172
43 20 174 172 167
44 20 172 170 165
19 21 110 105 97
20 21 79 76 72
21 21 56 56 54
22 21 39 39 37
23 21 56 56 55
24 21 82 83 80
25 21 99 99 96
26 21 100 100 97
27 21 101 100 97
28 21 102 101 98
29 21 101 100 97
30 21 100 100 96
31 21 99 99 95
32 21 95 95 91
33 21 96 96 92
34 21 86 86 83
35 21 61 61 58
36 21 17 17 16
37 21 2 2 2
38 21 2 1 1
39 21 27 27 24
40 21 76 74 69
41 21 118 116 110
42 21 167 164 159
43 21 178 175 170
44 21 175 172 167
20 22 110 105 97
21 22 94 92 88
22 22 87 87 84
23 22 90 90 88
24 22 95 95 92
25 22 99 98 95
26 22 100 100 97
27 22 101 101 97
28 22 99 99 96
29 22 99 99 95
30 22 96 96 93
31 22 88 88 84
32 22 80 80 77
33 22 69 69 66
34 22 78 79 76
35 22 63 63 61
36 22 20 20 19
37 22 2 2 1
39 22 16 16 15
40 22 67 65 61
41 22 82 79 74
42 22 119 115 109
43 22 158 152 146
44 22 169 164 158
21 23 111 106 99
22 23 99 96 92
23 23 97 96 93
24 23 97 97 94
25 23 99 99 96
26 23 98 98 95
27 23 98 98 94
28 23 98 97 94
29 23 98 98 94
30 23 92 92 89
31 23 62 62 60
32 23 34 34 32
33 23 20 20 19
34 23 31 31 30
35 23 66 66 63
36 23 58 58 56
37 23 33 33 31
38 23 26 26 24
39 23 51 49 46
40 23 79 76 71
41 23 86 82 76
42 23 80 75 70
43 23 114 104 96
44 23 163 154 147
22 24 112 106 99
23 24 99 97 92
24 24 97 96 93
25 24 97 96 94
26 24 97 97 94
27 24 97 96 93
28 24 94 94 91
29 24 93 93 89
30 24 85 86 83
31 24 42 43 41
32 24 6 6 5
34 24 2 2 1
35 24 42 41 40
36 24 81 80 77
37 24 77 76 72
38 24 76 74 70
39 24 79 76 72
40 24 82 78 72
41 24 75 70 65
42 24 78 73 67
43 24 44 39 35
23 25 107 102 95
24 25 98 95 90
25 25 97 96 93
26 25 94 94 91
27 25 78 78 75
28 25 65 66 63
29 25 65 65 62
30 25 71 72 69
31 25 62 62 60
32 25 26 26 25
33 25 6 6 6
34 25 6 6 5
35 25 47 46 44
36 25 81 80 76
37 25 86 84 80
38 25 86 83 78
39 25 73 69 65
40 25 83 78 73
41 25 47 44 40
24 26 109 104 97
25 26 96 93 89
26 26 86 85 82
27 26 42 42 41
28 26 16 16 15
29 26 16 16 15
30 26 25 25 24
31 26 67 67 65
32 26 68 68 66
33 26 49 48 46
34 26 56 55 53
35 26 76 74 70
36 26 84 82 77
37 26 84 81 76
38 26 76 72 67
39 26 52 49 45
25 27 104 99 93
26 27 82 79 75
27 27 29 29 27
28 27 3 3 3
29 27 1 1 1
30 27 10 10 9
31 27 62 61 59
32 27 85 84 81
33 27 84 82 79
34 27 85 83 78
35 27 82 79 75
36 27 76 73 69
37 27 90 86 80
26 28 93 86 79
27 28 52 47 43
28 28 30 29 28
29 28 15 15 14
30 28 36 35 34
31 28 71 70 67
32 28 87 86 82
33 28 87 85 80
34 28 74 71 67
35 28 84 80 75
36 28 50 47 44
27 29 87 79 72
28 29 78 74 69
29 29 69 66 62
30 29 77 75 71
31 29 85 83 78
32 29 77 74 70
33 29 81 78 73
34 29 53 50 47
28 30 96 87 79
29 30 85 78 71
30 30 82 77 72
31 30 78 74 70
32 30 54 52 48
29 31 89 78 69
30 31 82 75 68
