31 1 156 147 139
32 1 161 153 147
33 1 173 167 162
29 2 162 155 146
30 2 165 159 151
31 2 170 164 157
32 2 175 171 164
33 2 179 175 170
34 2 183 180 175
35 2 186 183 179
27 3 165 159 151
28 3 168 162 155
29 3 170 166 159
30 3 174 170 164
31 3 177 174 167
32 3 178 175 169
33 3 180 177 172
34 3 185 183 178
35 3 189 188 185
36 3 193 191 189
25 4 164 158 150
26 4 169 164 157
27 4 172 168 162
28 4 176 173 167
29 4 179 176 170
30 4 179 177 171
31 4 179 177 172
32 4 181 179 173
33 4 182 181 176
34 4 185 184 179
35 4 190 190 186
36 4 194 194 191
37 4 196 196 194
38 4 195 196 195
23 5 163 157 149
24 5 169 164 157
25 5 172 168 162
26 5 176 174 168
27 5 179 177 172
28 5 181 179 174
29 5 182 181 176
30 5 183 181 176
31 5 184 182 178
32 5 184 183 178
33 5 185 184 180
34 5 187 187 182
35 5 190 189 186
36 5 194 194 191
37 5 196 196 194
38 5 197 198 197
39 5 198 199 198
22 6 169 165 158
23 6 172 169 163
24 6 177 175 169
25 6 180 178 173
26 6 181 180 175
27 6 182 181 177
28 6 184 183 179
29 6 184 184 180
30 6 185 185 182
31 6 186 186 183
32 6 187 187 184
33 6 189 188 185
34 6 189 189 185
35 6 191 191 188
36 6 193 193 190
37 6 195 195 192
38 6 198 198 196
39 6 201 202 201
40 6 202 203 202
20 7 168 162 156
21 7 169 165 159
22 7 170 167 162
23 7 171 170 165
24 7 175 174 170
25 7 181 180 176
26 7 183 183 179
27 7 184 184 181
28 7 183 183 180
29 7 178 178 175
30 7 174 174 171
31 7 179 179 176
32 7 188 189 186
33 7 191 191 188
34 7 192 192 189
35 7 192 192 189
36 7 187 187 184
37 7 180 181 177
38 7 183 184 181
39 7 197 198 195
40 7 202 203 202
41 7 204 206 205
42 7 203 205 204
18 8 167 156 147
19 8 171 166 159
20 8 171 168 163
21 8 160 158 154
22 8 138 137 133
23 8 120 119 115
24 8 134 134 130
25 8 173 173 169
26 8 184 184 181
27 8 182 182 179
28 8 161 161 158
29 8 126 127 124
30 8 100 100 98
31 8 124 124 121
32 8 176 177 174
33 8 192 193 190
34 8 191 192 190
35 8 174 175 173
36 8 137 138 136
37 8 101 101 99
38 8 107 108 105
39 8 169 170 167
40 8 199 200 199
41 8 205 207 205
42 8 204 206 205
43 8 197 199 199
17 9 164 149 138
18 9 173 162 153
19 9 177 173 168
20 9 167 166 162
21 9 115 114 112
22 9 47 47 45
23 9 29 29 28
24 9 106 106 103
25 9 172 172 169
26 9 185 185 182
27 9 175 175 173
28 9 115 116 113
29 9 34 34 33
30 9 28 29 28
31 9 105 106 104
32 9 174 175 172
33 9 192 193 191
34 9 187 189 187
35 9 143 145 144
36 9 53 54 53
37 9 19 20 19
38 9 75 76 75
39 9 160 162 160
40 9 197 199 197
41 9 205 206 205
42 9 202 204 203
43 9 199 201 201
17 10 143 138 131
18 10 160 150 141
19 10 180 175 169
20 10 165 164 160
21 10 118 119 117
22 10 89 89 87
23 10 118 119 116
24 10 161 161 158
25 10 184 184 181
26 10 188 188 185
27 10 179 180 177
28 10 151 152 150
29 10 116 118 115
30 10 136 137 135
31 10 173 174 172
32 10 191 192 190
33 10 196 197 194
34 10 192 193 191
35 10 171 173 172
36 10 141 143 141
37 10 136 138 137
38 10 166 168 167
39 10 190 192 190
40 10 201 203 201
41 10 203 203 202
42 10 201 202 201
43 10 195 198 197
44 10 200 202 202
18 11 77 75 70
19 11 156 149 142
20 11 180 176 171
21 11 174 173 170
22 11 171 171 168
23 11 179 179 176
24 11 186 186 183
25 11 189 189 186
26 11 191 191 188
27 11 189 189 187
28 11 186 186 184
29 11 183 184 181
30 11 187 188 185
31 11 195 196 193
32 11 197 197 195
33 11 198 199 197
34 11 198 199 197
35 11 195 196 194
36 11 193 195 193
37 11 194 195 194
38 11 199 200 198
39 11 199 200 198
40 11 193 195 192
41 11 184 185 182
42 11 191 192 190
43 11 194 196 195
44 11 200 202 201
18 12 51 49 46
19 12 70 67 63
20 12 161 154 148
21 12 187 184 180
22 12 189 188 185
23 12 191 190 187
24 12 191 191 188
25 12 192 192 189
26 12 193 192 190
27 12 193 193 190
28 12 193 193 191
29 12 195 196 193
30 12 196 197 194
31 12 197 198 195
32 12 198 199 196
33 12 198 199 197
34 12 200 201 199
35 12 201 202 200
36 12 202 203 201
37 12 202 203 201
38 12 198 199 197
39 12 178 179 177
40 12 134 135 133
41 12 119 119 117
42 12 176 177 174
43 12 189 191 189
44 12 199 201 200
18 13 51 49 46
19 13 47 45 43
20 13 71 67 63
21 13 166 160 154
22 13 191 188 183
23 13 192 191 187
24 13 193 193 189
25 13 193 192 189
26 13 193 193 190
27 13 195 195 192
28 13 195 196 193
29 13 197 197 194
30 13 197 198 195
31 13 199 199 197
32 13 199 199 197
33 13 200 201 198
34 13 201 201 199
35 13 201 201 199
36 13 201 201 199
37 13 196 197 195
38 13 172 174 172
39 13 105 107 105
40 13 28 29 28
41 13 57 57 55
42 13 163 163 160
43 13 187 188 186
44 13 194 196 195
19 14 50 48 46
20 14 42 41 39
21 14 88 85 80
22 14 170 166 159
23 14 193 190 185
24 14 193 193 189
25 14 195 195 192
26 14 195 194 192
27 14 196 196 193
28 14 197 198 195
29 14 198 198 196
30 14 198 198 196
31 14 200 200 198
32 14 201 201 199
33 14 201 202 200
34 14 199 200 198
35 14 193 194 192
36 14 180 181 179
37 14 179 181 179
38 14 156 158 157
39 14 43 44 44
40 14 21 21 20
41 14 102 101 98
42 14 168 167 164
43 14 184 185 182
44 14 190 191 189
19 15 55 53 50
20 15 49 48 45
21 15 46 46 44
22 15 96 93 88
23 15 175 171 165
24 15 194 191 186
25 15 195 194 191
26 15 196 196 193
27 15 197 197 195
28 15 197 198 195
29 15 199 199 197
30 15 199 200 197
31 15 200 201 199
32 15 200 200 198
33 15 198 198 196
34 15 180 182 179
35 15 140 142 139
36 15 101 102 100
37 15 141 144 142
38 15 155 159 158
39 15 81 83 81
40 15 104 105 102
41 15 155 155 152
42 15 179 178 174
43 15 183 183 180
44 15 184 185 182
20 16 56 54 51
21 16 51 51 48
22 16 56 56 54
23 16 101 98 93
24 16 178 174 167
25 16 195 193 188
26 16 196 196 193
27 16 198 198 195
28 16 199 199 197
29 16 199 200 197
30 16 199 200 197
31 16 198 199 197
32 16 195 196 194
33 16 180 181 179
34 16 116 118 115
35 16 35 36 35
36 16 24 25 24
37 16 120 122 121
38 16 169 171 170
39 16 158 159 156
40 16 163 163 160
41 16 175 174 171
42 16 177 177 173
43 16 177 177 173
44 16 179 178 175
20 17 58 55 52
21 17 57 55 53
22 17 57 57 55
23 17 59 60 57
24 17 105 102 97
25 17 179 175 168
26 17 196 194 189
27 17 198 198 194
28 17 198 198 195
29 17 196 196 194
30 17 192 192 190
31 17 177 178 176
32 17 175 176 174
33 17 162 164 163
34 17 69 71 70
35 17 12 12 12
36 17 73 74 72
37 17 151 152 149
38 17 177 178 175
39 17 178 178 175
40 17 177 177 173
41 17 176 175 171
42 17 174 173 168
43 17 172 170 165
44 17 169 168 164
45 17 179 178 174
20 18 57 55 51
21 18 58 57 53
22 18 59 58 55
23 18 58 58 56
24 18 60 60 58
25 18 110 107 101
26 18 178 173 166
27 18 193 190 184
28 18 193 192 189
29 18 180 181 178
30 18 143 144 141
31 18 103 104 102
32 18 118 120 118
33 18 148 152 150
34 18 101 104 102
35 18 93 94 91
36 18 142 143 140
37 18 173 173 170
38 18 179 178 175
39 18 177 177 173
40 18 175 175 171
41 18 172 171 166
42 18 169 167 162
43 18 167 165 159
44 18 165 163 158
45 18 175 174 169
21 19 57 55 51
22 19 58 57 54
23 19 59 59 57
24 19 60 60 58
25 19 60 60 58
26 19 122 117 110
27 19 184 180 173
28 19 176 175 171
29 19 124 125 122
30 19 43 44 43
31 19 15 15 15
32 19 89 91 89
33 19 162 164 162
34 19 165 166 163
35 19 164 164 161
36 19 172 172 169
37 19 178 177 174
38 19 177 177 174
39 19 174 174 170
40 19 169 169 164
41 19 155 154 149
42 19 136 134 128
43 19 147 145 139
44 19 159 158 152
45 19 172 171 166
21 20 54 50 46
22 20 56 54 50
23 20 58 58 55
24 20 60 60 57
25 20 59 59 57
26 20 83 82 79
27 20 174 169 162
28 20 165 164 160
29 20 84 84 81
30 20 9 9 9
31 20 51 52 50
32 20 134 135 132
33 20 175 175 172
34 20 181 181 178
35 20 179 179 176
36 20 178 178 175
37 20 176 175 172
38 20 174 174 170
39 20 170 170 166
40 20 151 150 146
41 20 98 97 93
42 20 50 49 46
43 20 119 117 111
44 20 154 152 146
45 20 160 157 152
22 21 53 49 45
23 21 56 54 51
24 21 58 58 56
25 21 59 59 57
26 21 60 60 58
27 21 153 150 143
28 21 162 160 155
29 21 105 105 103
30 21 83 83 81
31 21 129 130 127
32 21 167 167 164
33 21 180 180 177
34 21 179 179 176
35 21 178 177 174
36 21 175 175 172
37 21 171 171 167
38 21 166 166 162
39 21 158 158 154
40 21 105 105 101
41 21 21 21 20
42 21 37 36 34
43 21 119 116 110
44 21 147 143 137
45 21 148 142 136
22 22 50 46 41
23 22 53 51 47
24 22 57 56 53
25 22 57 57 55
26 22 58 58 56
27 22 121 119 114
28 22 173 170 164
29 22 165 165 162
30 22 162 162 159
31 22 170 170 167
32 22 178 178 175
33 22 179 178 175
34 22 177 177 174
35 22 175 175 171
36 22 164 164 161
37 22 144 144 140
38 22 124 124 120
39 22 140 140 137
40 22 94 94 91
41 22 47 46 43
42 22 101 97 92
43 22 136 132 125
44 22 135 129 122
45 22 128 120 112
23 23 51 48 44
24 23 54 52 49
25 23 55 55 52
26 23 55 55 53
27 23 75 74 71
28 23 171 167 161
29 23 180 179 175
30 23 179 179 176
31 23 179 178 176
32 23 178 178 175
33 23 176 176 173
34 23 175 175 171
35 23 167 167 163
36 23 130 130 126
37 23 65 65 62
38 23 44 44 42
39 23 125 125 121
40 23 131 131 126
41 23 124 121 116
42 23 135 131 125
43 23 128 123 116
44 23 77 71 66
24 24 52 50 47
25 24 53 51 49
26 24 49 49 46
27 24 49 49 47
28 24 149 145 140
29 24 179 176 171
30 24 179 178 175
31 24 178 178 175
32 24 175 175 172
33 24 171 171 168
34 24 168 168 165
35 24 151 152 148
36 24 64 64 62
37 24 6 6 5
38 24 73 72 69
39 24 138 136 131
40 24 150 147 142
41 24 139 135 129
42 24 124 118 112
43 24 43 40 37
25 25 52 50 47
26 25 48 47 45
27 25 38 38 36
28 25 106 103 98
29 25 174 170 164
30 25 177 175 172
31 25 172 172 169
32 25 155 155 152
33 25 139 139 135
34 25 137 137 133
35 25 143 144 141
36 25 76 77 75
37 25 75 74 71
38 25 126 124 119
39 25 147 144 138
40 25 138 134 128
41 25 107 102 96
26 26 47 46 43
27 26 37 36 34
28 26 54 52 49
29 26 163 159 153
30 26 173 171 167
31 26 152 151 148
32 26 93 93 90
33 26 44 44 42
34 26 87 87 84
35 26 147 147 144
36 26 138 137 133
37 26 139 136 131
38 26 141 138 132
39 26 133 128 122
40 26 46 44 41
27 27 42 40 37
28 27 35 33 31
29 27 135 131 125
30 27 162 159 154
31 27 107 106 103
32 27 17 17 16
33 27 30 30 29
34 27 119 118 115
35 27 155 153 150
36 27 154 151 146
37 27 140 137 131
38 27 111 107 101
27 28 45 42 39
28 28 40 37 35
29 28 86 82 77
30 28 145 139 131
31 28 82 80 77
32 28 55 54 51
33 28 107 105 101
34 28 144 142 137
35 28 150 147 142
36 28 136 132 127
37 28 49 47 43
28 29 42 39 36
29 29 57 54 51
30 29 143 135 128
31 29 141 137 131
32 29 137 134 129
33 29 145 142 137
34 29 141 138 133
35 29 115 111 105
29 30 43 41 38
30 30 137 128 120
31 30 156 148 140
32 30 149 144 138
33 30 136 131 125
34 30 48 46 42
30 31 131 119 110
31 31 148 135 125
32 31 123 115 107
