33 0 180 174 166
34 0 175 167 156
31 1 185 185 182
32 1 190 190 187
33 1 191 190 185
34 1 188 183 176
35 1 182 175 165
30 2 192 193 191
31 2 193 194 192
32 2 194 194 192
33 2 189 190 187
34 2 188 187 183
35 2 190 186 180
36 2 185 179 171
28 3 193 193 191
29 3 194 195 192
30 3 194 195 193
31 3 192 193 191
32 3 175 176 174
33 3 141 142 140
34 3 147 148 145
35 3 181 181 178
36 3 191 187 182
37 3 191 182 175
26 4 189 190 188
27 4 194 194 192
28 4 196 196 194
29 4 196 197 195
30 4 195 196 193
31 4 180 181 178
32 4 116 117 115
33 4 30 30 29
34 4 35 36 35
35 4 131 133 130
36 4 183 183 180
37 4 193 189 184
38 4 191 182 175
25 5 193 193 191
26 5 195 196 193
27 5 195 196 194
28 5 196 197 194
29 5 196 197 195
30 5 195 196 193
31 5 188 189 186
32 5 146 146 144
33 5 45 45 44
34 5 16 16 16
35 5 92 93 91
36 5 172 173 170
37 5 192 192 189
38 5 193 188 184
39 5 191 182 175
23 6 189 191 189
24 6 193 194 192
25 6 195 196 194
26 6 196 196 194
27 6 196 196 194
28 6 196 196 194
29 6 196 196 194
30 6 195 196 193
31 6 193 194 192
32 6 184 184 182
33 6 147 148 145
34 6 131 132 129
35 6 168 169 167
36 6 188 188 186
37 6 194 194 191
38 6 194 192 190
39 6 194 189 184
40 6 193 183 176
21 7 188 190 188
22 7 191 193 191
23 7 192 194 192
24 7 191 193 191
25 7 186 187 185
26 7 188 190 187
27 7 192 193 190
28 7 195 196 193
29 7 195 195 193
30 7 195 195 193
31 7 194 194 192
32 7 193 193 191
33 7 188 189 186
34 7 186 187 185
35 7 191 192 189
36 7 193 194 191
37 7 194 194 192
38 7 194 194 191
39 7 193 192 189
40 7 192 188 183
41 7 193 184 177
20 8 183 185 184
21 8 192 194 193
22 8 194 196 194
23 8 187 189 187
24 8 159 162 160
25 8 117 119 117
26 8 131 133 131
27 8 158 160 157
28 8 187 188 185
29 8 193 194 191
30 8 194 195 192
31 8 192 193 190
32 8 189 190 187
33 8 189 190 187
34 8 191 191 189
35 8 193 193 191
36 8 194 194 192
37 8 194 194 192
38 8 194 194 191
39 8 194 194 191
40 8 194 193 190
41 8 193 189 184
42 8 192 182 176
19 9 122 123 122
20 9 171 174 173
21 9 193 196 195
22 9 196 197 196
23 9 177 178 176
24 9 95 97 95
25 9 17 17 17
26 9 22 23 23
27 9 82 84 83
28 9 168 169 167
29 9 191 192 189
30 9 192 193 190
31 9 181 182 180
32 9 149 150 148
33 9 140 142 141
34 9 156 158 156
35 9 183 184 182
36 9 193 194 192
37 9 194 194 192
38 9 194 194 191
39 9 192 192 190
40 9 189 189 186
41 9 191 189 186
42 9 191 186 182
43 9 191 181 175
19 10 60 61 60
20 10 122 124 122
21 10 179 182 181
22 10 195 198 196
23 10 178 179 177
24 10 103 105 102
25 10 31 31 30
26 10 12 12 12
27 10 85 87 86
28 10 168 170 168
29 10 190 190 188
30 10 188 189 186
31 10 158 158 155
32 10 65 65 64
33 10 23 23 23
34 10 46 47 46
35 10 142 144 142
36 10 186 187 185
37 10 193 193 191
38 10 191 192 189
39 10 172 172 169
40 10 145 146 144
41 10 156 156 154
42 10 176 175 172
43 10 187 181 176
44 10 190 180 174
19 11 60 61 59
20 11 93 94 92
21 11 110 112 111
22 11 182 184 183
23 11 191 192 191
24 11 163 164 161
25 11 134 135 132
26 11 123 123 121
27 11 147 148 146
28 11 180 181 179
29 11 191 191 189
30 11 190 190 187
31 11 170 170 167
32 11 88 88 85
33 11 8 8 7
34 11 19 19 18
35 11 107 108 106
36 11 178 179 176
37 11 192 192 190
38 11 187 187 185
39 11 136 136 134
40 11 43 43 42
41 11 46 47 46
42 11 114 113 112
43 11 174 171 168
44 11 190 184 180
45 11 189 179 172
19 12 59 59 58
20 12 93 94 92
21 12 33 33 32
22 12 121 123 122
23 12 185 187 185
24 12 193 194 192
25 12 187 187 184
26 12 183 183 180
27 12 183 183 181
28 12 188 188 186
29 12 191 191 189
30 12 191 191 188
31 12 181 181 178
32 12 150 150 148
33 12 101 101 99
34 12 103 102 99
35 12 147 147 144
36 12 184 184 181
37 12 192 192 190
38 12 186 186 183
39 12 139 139 136
40 12 27 27 26
41 12 3 3 3
42 12 55 55 54
43 12 159 158 156
44 12 190 188 184
45 12 189 182 176
46 12 184 171 163
19 13 60 60 59
20 13 80 80 78
21 13 19 19 18
22 13 23 23 23
23 13 128 129 127
24 13 189 190 189
25 13 195 195 193
26 13 192 192 188
27 13 191 190 187
28 13 190 190 187
29 13 191 191 188
30 13 190 190 188
31 13 188 189 186
32 13 183 184 182
33 13 175 176 173
34 13 173 173 170
35 13 178 178 175
36 13 188 188 186
37 13 191 191 188
38 13 191 190 188
39 13 176 176 173
40 13 121 121 117
41 13 82 82 79
42 13 100 100 98
43 13 163 162 160
44 13 189 188 185
45 13 189 184 180
46 13 181 170 163
47 13 172 154 144
18 14 59 59 57
19 14 57 57 55
20 14 73 74 72
21 14 32 33 32
22 14 9 10 9
23 14 34 34 33
24 14 140 141 139
25 14 192 192 191
26 14 195 195 192
27 14 192 192 188
28 14 191 191 188
29 14 191 190 187
30 14 189 189 186
31 14 189 189 186
32 14 188 188 186
33 14 187 188 185
34 14 187 188 185
35 14 189 189 186
36 14 190 189 187
37 14 191 190 188
38 14 192 191 188
39 14 190 189 186
40 14 181 180 176
41 14 173 172 168
42 14 171 171 167
43 14 183 182 178
44 14 187 185 181
45 14 169 164 158
46 14 149 140 133
47 14 149 140 133
18 15 59 59 58
19 15 55 55 54
20 15 46 47 46
21 15 28 29 28
22 15 24 25 25
23 15 28 28 27
24 15 54 54 52
25 15 149 150 147
26 15 192 192 190
27 15 195 195 192
28 15 192 191 188
29 15 190 190 187
30 15 188 188 185
31 15 183 183 180
32 15 174 175 172
33 15 172 172 170
34 15 175 175 173
35 15 187 187 185
36 15 190 189 187
37 15 190 189 186
38 15 191 190 187
39 15 191 190 186
40 15 191 190 187
41 15 191 190 186
42 15 190 189 185
43 15 181 179 175
44 15 149 144 139
45 15 105 100 95
46 15 114 107 100
18 16 57 58 56
19 16 80 81 78
20 16 37 38 36
21 16 14 15 15
22 16 30 31 30
23 16 43 43 42
24 16 54 54 52
25 16 59 59 57
26 16 159 159 157
27 16 192 192 190
28 16 194 194 191
29 16 191 191 188
30 16 187 187 184
31 16 166 166 162
32 16 123 123 120
33 16 90 90 88
34 16 110 110 108
35 16 168 168 166
36 16 187 186 184
37 16 190 189 185
38 16 191 189 186
39 16 191 189 185
40 16 191 189 186
41 16 191 189 185
42 16 177 174 170
43 16 129 124 119
44 16 94 89 84
45 16 112 107 102
18 17 54 54 51
19 17 83 83 80
20 17 37 38 37
21 17 18 19 19
22 17 21 22 21
23 17 49 50 48
24 17 58 58 55
25 17 59 58 55
26 17 64 63 59
27 17 163 163 160
28 17 192 192 190
29 17 192 192 189
30 17 186 185 182
31 17 146 145 142
32 17 47 47 45
33 17 8 8 7
34 17 18 18 18
35 17 118 118 115
36 17 179 178 175
37 17 190 188 184
38 17 190 188 184
39 17 190 188 184
40 17 188 186 181
41 17 171 168 163
42 17 109 105 100
43 17 89 86 81
44 17 94 91 85
45 17 137 132 126
18 18 53 50 47
19 18 76 74 69
20 18 24 24 23
21 18 20 21 21
22 18 28 29 28
23 18 46 47 45
24 18 58 58 56
25 18 59 59 56
26 18 58 57 54
27 18 79 77 73
28 18 162 162 158
29 18 192 192 189
30 18 187 187 184
31 18 159 158 154
32 18 73 71 69
33 18 6 6 5
34 18 13 13 13
35 18 105 105 102
36 18 176 175 172
37 18 188 186 182
38 18 188 186 182
39 18 182 180 175
40 18 158 156 151
41 18 97 96 92
42 18 87 85 81
43 18 97 94 89
44 18 112 109 103
19 19 58 55 51
20 19 32 30 28
21 19 17 18 17
22 19 40 41 39
23 19 53 53 51
24 19 59 59 56
25 19 58 58 56
26 19 57 57 54
27 19 51 50 47
28 19 74 72 68
29 19 164 163 159
30 19 188 187 183
31 19 179 178 174
32 19 152 151 147
33 19 100 99 94
34 19 89 87 83
35 19 143 141 136
36 19 180 178 174
37 19 186 184 179
38 19 177 175 171
39 19 150 149 145
40 19 111 110 107
41 19 96 95 91
42 19 91 88 83
43 19 100 97 92
19 20 50 47 42
20 20 42 40 37
21 20 29 28 26
22 20 38 38 37
23 20 56 56 54
24 20 60 60 58
25 20 58 58 56
26 20 56 56 53
27 20 45 45 42
28 20 24 24 22
29 20 81 79 75
30 20 168 166 162
31 20 188 186 182
32 20 184 182 177
33 20 172 170 165
34 20 169 167 162
35 20 181 178 173
36 20 183 181 177
37 20 168 166 162
38 20 137 137 133
39 20 113 113 109
40 20 96 95 91
41 20 85 81 77
42 20 102 97 91
43 20 136 131 125
20 21 49 46 42
21 21 45 43 41
22 21 47 46 44
23 21 57 57 55
24 21 61 60 58
25 21 59 59 57
26 21 56 56 53
27 21 45 45 43
28 21 17 17 16
29 21 13 13 12
30 21 87 85 81
31 21 171 169 165
32 21 187 185 181
33 21 187 185 180
34 21 184 182 177
35 21 177 175 170
36 21 149 147 143
37 21 113 112 109
38 21 113 112 109
39 21 93 93 89
40 21 74 71 68
41 21 91 86 82
42 21 101 95 90
21 22 53 50 46
22 22 56 54 51
23 22 60 60 57
24 22 62 61 59
25 22 59 58 56
26 22 51 51 48
27 22 38 38 36
28 22 27 27 26
29 22 9 9 8
30 22 20 19 17
31 22 98 95 90
32 22 170 167 163
33 22 185 183 179
34 22 172 171 166
35 22 131 131 127
36 22 99 99 96
37 22 111 111 108
38 22 95 95 92
39 22 74 72 69
40 22 74 70 68
41 22 44 41 39
22 23 58 55 52
23 23 61 59 56
24 23 61 60 58
25 23 59 58 56
26 23 50 50 48
27 23 22 22 21
28 23 21 21 20
29 23 24 24 23
30 23 18 18 16
31 23 41 39 36
32 23 102 96 90
33 23 152 149 145
34 23 114 114 111
35 23 89 90 88
36 23 110 110 107
37 23 104 103 100
38 23 87 85 82
39 23 57 54 52
40 23 43 41 39
23 24 59 56 52
24 24 59 58 55
25 24 55 55 53
26 24 47 47 45
27 24 28 28 27
28 24 10 10 9
29 24 27 27 26
30 24 39 38 36
31 24 46 44 41
32 24 81 79 75
33 24 105 106 104
34 24 98 99 97
35 24 108 108 106
36 24 103 102 99
37 24 98 96 93
38 24 56 54 53
39 24 52 50 49
24 25 58 55 51
25 25 52 51 48
26 25 34 34 32
27 25 27 27 26
28 25 20 20 20
29 25 21 20 19
30 25 45 44 41
31 25 70 67 63
32 25 115 116 113
33 25 109 109 107
34 25 99 99 97
35 25 100 99 96
36 25 104 102 99
37 25 67 65 63
25 26 50 47 44
26 26 33 32 29
27 26 13 13 12
28 26 28 28 27
29 26 34 34 32
30 26 46 45 42
31 26 96 94 89
32 26 111 111 109
33 26 88 88 86
34 26 87 86 83
35 26 87 84 82
36 26 58 56 54
25 27 44 40 37
26 27 37 34 31
27 27 20 18 17
28 27 25 24 23
29 27 46 45 43
30 27 71 69 65
31 27 107 107 104
32 27 86 87 84
33 27 81 80 78
34 27 69 67 65
35 27 57 55 53
26 28 40 36 33
27 28 33 30 28
28 28 32 30 28
29 28 44 43 41
30 28 92 90 85
31 28 94 94 91
32 28 84 84 82
33 28 51 51 49
34 28 55 54 53
27 29 49 44 41
28 29 48 45 41
29 29 66 62 58
30 29 101 100 97
31 29 87 86 83
32 29 53 52 50
28 30 48 42 38
29 30 93 86 79
30 30 90 88 85
31 30 57 57 54
29 31 119 114 109
30 31 52 48 44
