33 0 179 173 165
34 0 175 167 156
32 1 190 190 187
33 1 191 189 185
34 1 187 183 176
35 1 182 175 165
30 2 192 193 190
31 2 193 194 192
32 2 194 195 193
33 2 190 190 188
34 2 188 187 183
35 2 190 186 180
36 2 186 179 172
28 3 193 193 191
29 3 194 196 193
30 3 195 196 193
31 3 193 194 192
32 3 178 179 177
33 3 144 145 143
34 3 144 146 143
35 3 180 180 176
36 3 190 187 182
37 3 190 182 175
27 4 193 194 192
28 4 196 196 194
29 4 197 197 195
30 4 195 196 194
31 4 184 185 182
32 4 129 130 128
33 4 36 37 36
34 4 32 33 32
35 4 124 126 123
36 4 181 181 178
37 4 193 188 184
38 4 191 182 175
25 5 192 193 191
26 5 195 196 194
27 5 196 197 194
28 5 197 197 195
29 5 197 197 195
30 5 196 196 194
31 5 190 191 189
32 5 156 157 154
33 5 61 61 60
34 5 11 11 11
35 5 79 80 78
36 5 166 167 164
37 5 192 191 188
38 5 192 188 184
39 5 191 183 176
23 6 189 191 189
24 6 194 195 193
25 6 195 196 194
26 6 196 197 195
27 6 196 197 194
28 6 196 197 194
29 6 196 196 194
30 6 195 196 194
31 6 194 194 192
32 6 187 187 185
33 6 155 156 154
34 6 126 127 124
35 6 163 164 162
36 6 186 187 184
37 6 193 193 191
38 6 193 192 189
39 6 193 189 184
40 6 192 183 177
21 7 186 188 186
22 7 191 193 191
23 7 193 194 192
24 7 193 194 192
25 7 187 188 186
26 7 187 188 186
27 7 191 192 190
28 7 195 195 193
29 7 195 196 193
30 7 195 196 193
31 7 194 195 192
32 7 193 193 191
33 7 189 190 188
34 7 186 186 184
35 7 190 191 189
36 7 193 193 191
37 7 194 194 192
38 7 194 193 191
39 7 193 192 189
40 7 192 188 183
41 7 192 184 178
20 8 182 184 183
21 8 191 193 192
22 8 195 197 195
23 8 191 193 191
24 8 169 171 169
25 8 123 126 123
26 8 123 126 124
27 8 148 151 148
28 8 182 183 180
29 8 193 194 191
30 8 195 195 193
31 8 193 193 191
32 8 190 191 188
33 8 188 189 187
34 8 190 191 189
35 8 192 193 190
36 8 194 194 191
37 8 194 194 191
38 8 194 193 191
39 8 194 193 191
40 8 194 193 190
41 8 193 188 184
42 8 191 183 177
19 9 97 98 96
20 9 163 166 165
21 9 190 193 192
22 9 197 199 197
23 9 187 189 186
24 9 127 129 126
25 9 27 28 27
26 9 15 16 16
27 9 56 58 57
28 9 152 154 152
29 9 189 190 187
30 9 193 194 191
31 9 186 187 184
32 9 159 160 157
33 9 138 139 137
34 9 153 154 153
35 9 179 180 178
36 9 193 193 191
37 9 194 194 192
38 9 194 194 191
39 9 192 192 190
40 9 189 189 187
41 9 190 189 186
42 9 190 186 181
43 9 190 181 176
19 10 61 62 60
20 10 84 85 84
21 10 166 169 168
22 10 195 197 196
23 10 188 189 187
24 10 135 137 134
25 10 47 47 46
26 10 10 11 10
27 10 55 57 56
28 10 152 154 152
29 10 187 188 186
30 10 191 191 189
31 10 171 172 169
32 10 93 94 91
33 10 22 22 22
34 10 35 36 35
35 10 124 125 124
36 10 181 182 180
37 10 192 193 191
38 10 192 192 190
39 10 177 178 175
40 10 148 149 146
41 10 154 154 152
42 10 174 173 171
43 10 185 180 175
44 10 189 180 174
19 11 61 62 60
20 11 96 97 95
21 11 81 83 81
22 11 168 171 170
23 11 194 196 195
24 11 175 177 174
25 11 144 145 142
26 11 123 123 121
27 11 138 139 137
28 11 172 173 172
29 11 190 190 188
30 11 191 191 189
31 11 180 180 178
32 11 119 119 116
33 11 21 21 20
34 11 7 8 7
35 11 80 82 80
36 11 168 169 167
37 11 191 192 189
38 11 190 190 187
39 11 152 153 150
40 11 54 54 53
41 11 43 43 43
42 11 105 104 103
43 11 168 165 163
44 11 189 183 179
45 11 188 179 172
19 12 60 61 59
20 12 104 105 102
21 12 32 33 31
22 12 73 74 72
23 12 171 173 172
24 12 194 196 194
25 12 190 190 187
26 12 184 184 181
27 12 183 183 181
28 12 186 187 184
29 12 191 191 189
30 12 191 191 189
31 12 186 186 184
32 12 161 162 159
33 12 116 116 114
34 12 96 95 91
35 12 132 132 129
36 12 177 178 175
37 12 192 192 189
38 12 189 189 186
39 12 156 156 153
40 12 46 46 45
41 12 4 4 4
42 12 37 37 36
43 12 148 147 145
44 12 188 186 183
45 12 188 182 176
46 12 184 172 164
19 13 61 62 60
20 13 94 94 92
21 13 22 23 22
22 13 14 14 13
23 13 87 88 86
24 13 175 177 175
25 13 195 196 194
26 13 194 193 190
27 13 192 191 188
28 13 191 190 187
29 13 192 191 188
30 13 191 191 188
31 13 190 190 187
32 13 185 186 183
33 13 178 179 176
34 13 173 173 170
35 13 175 175 172
36 13 186 186 184
37 13 191 190 188
38 13 191 191 188
39 13 182 181 179
40 13 137 137 133
41 13 81 80 78
42 13 92 92 90
43 13 152 152 149
44 13 187 186 183
45 13 189 185 180
46 13 181 171 164
47 13 179 163 153
18 14 60 60 58
19 14 58 59 57
20 14 75 76 74
21 14 36 37 36
22 14 10 11 11
23 14 23 23 22
24 14 102 103 100
25 14 181 183 181
26 14 195 196 193
27 14 194 193 190
28 14 192 191 188
29 14 191 190 188
30 14 190 189 186
31 14 190 190 187
32 14 188 189 186
33 14 187 188 186
34 14 187 187 185
35 14 188 189 186
36 14 189 189 186
37 14 190 190 187
38 14 191 191 188
39 14 190 190 186
40 14 184 183 179
41 14 173 172 168
42 14 170 170 166
43 14 180 178 175
44 14 187 185 182
45 14 173 168 163
46 14 155 147 140
47 14 38 34 31
18 15 60 61 59
19 15 65 66 64
20 15 47 48 46
21 15 28 28 28
22 15 26 27 27
23 15 22 22 21
24 15 49 49 47
25 15 112 112 110
26 15 183 184 182
27 15 196 196 193
28 15 193 193 190
29 15 191 191 188
30 15 189 189 186
31 15 186 186 184
32 15 177 178 175
33 15 173 173 171
34 15 171 172 169
35 15 184 185 182
36 15 189 189 186
37 15 189 189 186
38 15 191 190 187
39 15 191 190 186
40 15 191 190 187
41 15 190 189 186
42 15 190 189 185
43 15 185 183 179
44 15 158 153 148
45 15 104 99 94
46 15 118 111 104
18 16 58 59 57
19 16 87 87 85
20 16 38 39 37
21 16 12 13 12
22 16 28 29 29
23 16 42 43 41
24 16 52 52 50
25 16 59 58 56
26 16 122 122 119
27 16 184 184 182
28 16 195 196 193
29 16 193 192 189
30 16 190 189 186
31 16 178 178 175
32 16 140 140 137
33 16 104 104 102
34 16 92 92 90
35 16 152 153 150
36 16 183 183 180
37 16 189 188 185
38 16 190 189 185
39 16 190 189 185
40 16 191 189 185
41 16 191 189 185
42 16 181 179 175
43 16 139 135 130
44 16 99 94 89
45 16 101 96 91
18 17 56 55 53
19 17 91 91 88
20 17 37 38 37
21 17 18 19 19
22 17 17 18 17
23 17 47 48 46
24 17 58 58 56
25 17 59 58 56
26 17 59 58 55
27 17 126 125 121
28 17 185 185 183
29 17 193 193 191
30 17 190 190 186
31 17 170 170 167
32 17 89 88 85
33 17 17 17 16
34 17 5 5 5
35 17 77 77 75
36 17 165 165 162
37 17 188 186 183
38 17 190 188 184
39 17 190 188 183
40 17 189 187 183
41 17 176 173 169
42 17 124 121 116
43 17 87 84 79
44 17 99 96 90
18 18 53 51 47
19 18 70 69 65
20 18 20 20 20
21 18 21 22 22
22 18 27 28 27
23 18 45 45 43
24 18 58 58 56
25 18 59 59 56
26 18 58 58 55
27 18 57 56 52
28 18 131 129 125
29 18 186 186 183
30 18 191 190 187
31 18 178 177 173
32 18 116 115 111
33 18 23 23 21
34 18 8 8 7
35 18 58 58 57
36 18 159 158 155
37 18 186 185 181
38 18 188 186 182
39 18 186 184 179
40 18 171 168 163
41 18 117 115 110
42 18 85 82 78
43 18 87 85 80
44 18 111 108 103
18 19 56 52 47
19 19 51 49 45
20 19 28 26 24
21 19 17 17 17
22 19 41 42 41
23 19 53 54 52
24 19 59 59 56
25 19 59 58 56
26 19 58 58 55
27 19 54 53 50
28 19 48 47 44
29 19 138 136 132
30 19 185 184 180
31 19 185 184 180
32 19 168 166 162
33 19 125 123 119
34 19 85 83 79
35 19 117 115 110
36 19 171 169 164
37 19 185 183 179
38 19 181 179 174
39 19 156 154 150
40 19 111 110 106
41 19 92 90 86
42 19 90 86 82
43 19 117 113 108
19 20 49 46 43
20 20 39 37 34
21 20 26 25 23
22 20 39 40 38
23 20 57 57 55
24 20 61 60 58
25 20 59 58 56
26 20 57 57 54
27 20 51 51 48
28 20 30 29 27
29 20 29 28 26
30 20 144 142 137
31 20 184 182 178
32 20 187 185 180
33 20 179 177 172
34 20 168 165 160
35 20 176 174 168
36 20 184 182 177
37 20 175 173 168
38 20 145 144 140
39 20 115 115 111
40 20 90 89 85
41 20 89 85 80
42 20 103 98 93
20 21 47 45 41
21 21 45 44 41
22 21 48 47 45
23 21 58 58 56
24 21 61 60 58
25 21 60 60 57
26 21 57 57 54
27 21 50 50 48
28 21 26 26 24
29 21 5 5 4
30 21 29 28 26
31 21 149 146 142
32 21 183 181 177
33 21 188 186 182
34 21 185 182 178
35 21 183 181 176
36 21 167 165 160
37 21 127 126 123
38 21 107 107 103
39 21 90 89 86
40 21 76 72 69
41 21 99 94 90
42 21 119 112 106
21 22 54 52 48
22 22 57 55 53
23 22 61 60 58
24 22 62 61 59
25 22 59 59 57
26 22 53 53 50
27 22 40 40 38
28 22 31 31 30
29 22 14 14 13
30 22 8 8 7
31 22 40 38 36
32 22 149 146 141
33 22 181 179 175
34 22 182 180 175
35 22 152 150 146
36 22 99 99 96
37 22 104 104 101
38 22 93 92 89
39 22 75 73 70
40 22 69 66 63
41 22 97 93 89
22 23 58 55 52
23 23 60 59 56
24 23 61 60 58
25 23 59 59 57
26 23 53 52 50
27 23 25 25 24
28 23 19 19 18
29 23 27 27 25
30 23 17 17 16
31 23 31 30 28
32 23 65 61 57
33 23 138 133 128
34 23 135 134 130
35 23 97 97 95
36 23 103 102 100
37 23 101 100 97
38 23 85 83 80
39 23 46 44 43
40 23 50 48 46
23 24 59 57 53
24 24 60 58 55
25 24 56 56 53
26 24 49 49 47
27 24 31 31 30
28 24 8 8 8
29 24 22 22 21
30 24 38 38 35
31 24 44 42 40
32 24 64 61 57
33 24 104 104 101
34 24 98 99 96
35 24 101 101 98
36 24 102 101 98
37 24 94 93 90
38 24 54 53 51
24 25 58 55 52
25 25 53 51 49
26 25 34 33 32
27 25 28 28 27
28 25 22 22 21
29 25 15 15 14
30 25 41 40 37
31 25 56 54 51
32 25 100 98 94
33 25 106 107 105
34 25 94 94 92
35 25 95 94 91
36 25 89 88 85
37 25 58 57 55
25 26 50 48 45
26 26 32 30 28
27 26 11 11 11
28 26 27 27 26
29 26 34 33 32
30 26 44 43 40
31 26 76 73 68
32 26 107 107 104
33 26 89 89 87
34 26 84 83 81
35 26 70 69 67
36 26 59 58 56
25 27 48 44 41
26 27 35 33 30
27 27 19 17 16
28 27 22 22 21
29 27 46 45 43
30 27 63 61 58
31 27 101 100 96
32 27 89 89 86
33 27 79 78 76
34 27 50 50 48
35 27 59 57 55
26 28 40 36 33
27 28 33 30 27
28 28 31 29 27
29 28 44 43 41
30 28 91 88 83
31 28 95 95 92
32 28 87 87 85
33 28 51 50 49
27 29 47 43 39
28 29 49 45 42
29 29 64 60 56
30 29 98 97 93
31 29 82 81 79
32 29 53 53 51
28 30 50 44 39
29 30 91 84 78
30 30 72 70 67
31 30 58 57 55
29 31 45 38 33
30 31 53 49 46
