32 1 156 148 140
33 1 166 159 153
34 1 172 167 163
30 2 158 151 143
31 2 162 156 148
32 2 170 164 158
33 2 178 173 168
34 2 177 173 169
35 2 175 173 168
29 3 158 153 145
30 3 165 161 153
31 3 172 168 161
32 3 178 175 169
33 3 185 183 179
34 3 181 179 176
35 3 170 168 164
36 3 178 176 173
27 4 158 153 146
28 4 163 159 152
29 4 169 165 159
30 4 174 171 166
31 4 178 176 171
32 4 184 183 178
33 4 191 190 187
34 4 189 189 187
35 4 170 169 165
36 4 169 167 163
26 5 160 155 149
27 5 165 161 155
28 5 171 168 163
29 5 177 175 170
30 5 180 179 174
31 5 184 184 179
32 5 188 188 184
33 5 194 194 191
34 5 196 196 195
35 5 182 182 179
36 5 167 166 163
37 5 172 169 166
24 6 159 155 148
25 6 163 159 153
26 6 168 165 160
27 6 174 172 168
28 6 178 177 173
29 6 182 181 178
30 6 185 185 181
31 6 188 188 184
32 6 191 191 188
33 6 196 196 194
34 6 199 200 199
35 6 189 189 186
36 6 174 174 172
37 6 163 161 158
38 6 175 172 169
23 7 151 147 141
24 7 160 157 151
25 7 167 165 160
26 7 173 172 168
27 7 173 173 169
28 7 175 175 172
29 7 184 184 181
30 7 185 186 183
31 7 178 179 176
32 7 174 175 172
33 7 192 193 191
34 7 201 203 201
35 7 186 187 184
36 7 183 183 181
37 7 171 170 168
38 7 170 168 165
21 8 149 143 137
22 8 141 137 131
23 8 139 136 131
24 8 153 152 148
25 8 166 166 162
26 8 158 158 155
27 8 135 135 132
28 8 159 160 157
29 8 180 181 179
30 8 162 163 161
31 8 117 118 116
32 8 144 146 143
33 8 193 194 192
34 8 203 205 203
35 8 189 190 188
36 8 179 180 177
37 8 180 180 178
38 8 172 171 168
39 8 174 172 169
20 9 147 137 129
21 9 139 133 127
22 9 117 113 108
23 9 115 114 111
24 9 155 155 152
25 9 149 149 146
26 9 102 102 99
27 9 127 128 125
28 9 169 170 168
29 9 159 161 159
30 9 101 103 101
31 9 129 130 128
32 9 183 184 182
33 9 196 197 195
34 9 192 194 193
35 9 193 196 195
36 9 184 185 183
37 9 170 170 168
38 9 169 170 167
39 9 171 169 166
40 9 169 166 164
19 10 157 145 136
20 10 151 143 135
21 10 124 120 116
22 10 107 107 104
23 10 150 150 147
24 10 165 165 163
25 10 137 138 135
26 10 146 147 145
27 10 177 178 176
28 10 181 182 181
29 10 156 158 156
30 10 157 158 157
31 10 185 186 184
32 10 194 195 193
33 10 181 182 180
34 10 163 164 162
35 10 181 183 183
36 10 194 196 195
37 10 164 165 162
38 10 161 161 159
39 10 157 156 153
40 10 161 159 157
41 10 163 159 157
19 11 168 160 153
20 11 159 153 147
21 11 149 148 144
22 11 163 163 160
23 11 175 176 173
24 11 176 177 174
25 11 175 176 174
26 11 185 186 184
27 11 191 192 189
28 11 190 191 189
29 11 189 190 188
30 11 191 192 190
31 11 183 185 182
32 11 158 160 157
33 11 134 135 132
34 11 138 139 136
35 11 153 154 152
36 11 185 187 186
37 11 189 190 189
38 11 168 169 166
39 11 146 147 144
40 11 147 145 142
41 11 149 146 143
19 12 170 164 157
20 12 174 170 165
21 12 176 175 172
22 12 180 180 177
23 12 184 184 181
24 12 186 186 184
25 12 189 190 187
26 12 192 193 190
27 12 194 195 193
28 12 194 195 193
29 12 190 190 188
30 12 169 171 168
31 12 129 131 128
32 12 75 76 74
33 12 46 47 45
34 12 60 60 58
35 12 127 127 124
36 12 160 161 159
37 12 188 190 189
38 12 189 189 187
39 12 169 169 166
40 12 141 141 138
41 12 138 135 131
42 12 150 145 142
19 13 175 170 163
20 13 179 177 172
21 13 181 181 178
22 13 185 185 182
23 13 187 187 184
24 13 190 190 188
25 13 191 192 189
26 13 194 194 192
27 13 192 193 190
28 13 177 178 175
29 13 157 158 156
30 13 135 137 135
31 13 63 65 64
32 13 8 9 8
33 13 1 1 1
34 13 4 4 3
35 13 66 66 64
36 13 141 141 138
37 13 168 169 167
38 13 192 193 191
39 13 189 189 186
40 13 166 166 163
41 13 143 142 139
42 13 143 139 135
43 13 153 148 145
18 14 180 173 166
19 14 178 174 168
20 14 183 181 177
21 14 185 185 182
22 14 187 187 185
23 14 190 190 187
24 14 192 192 190
25 14 191 192 189
26 14 182 183 180
27 14 158 159 156
28 14 133 134 132
29 14 133 135 132
30 14 129 132 130
31 14 72 74 73
32 14 7 7 7
33 14 1 1 1
34 14 7 7 7
35 14 63 63 61
36 14 133 132 129
37 14 154 153 149
38 14 175 176 174
39 14 194 194 191
40 14 183 183 180
41 14 166 165 162
42 14 149 146 142
43 14 146 141 136
18 15 183 177 170
19 15 181 177 171
20 15 185 184 181
21 15 187 187 185
22 15 189 189 186
23 15 190 190 188
24 15 187 187 185
25 15 167 168 165
26 15 127 128 126
27 15 76 77 75
28 15 53 54 52
29 15 62 63 62
30 15 105 108 107
31 15 114 117 117
32 15 54 56 55
33 15 36 37 36
34 15 63 63 61
35 15 111 111 108
36 15 142 142 138
37 15 145 145 141
38 15 154 153 150
39 15 182 182 180
40 15 192 192 189
41 15 172 172 169
42 15 158 156 153
43 15 156 153 149
18 16 185 179 172
19 16 184 180 175
20 16 187 186 183
21 16 188 189 186
22 16 187 187 185
23 16 176 176 174
24 16 156 157 155
25 16 135 136 133
26 16 63 65 63
27 16 9 9 9
28 16 1 1 1
29 16 4 4 4
30 16 57 59 58
31 16 125 128 126
32 16 122 124 122
33 16 118 119 116
34 16 123 123 120
35 16 138 137 134
36 16 140 140 136
37 16 146 146 141
38 16 144 143 138
39 16 156 155 152
40 16 182 181 179
41 16 180 179 176
42 16 153 152 148
43 16 161 159 155
18 17 185 179 171
19 17 184 180 174
20 17 185 184 181
21 17 179 180 177
22 17 156 158 155
23 17 128 129 127
24 17 126 127 125
25 17 123 126 124
26 17 74 77 76
27 17 12 12 12
29 17 6 6 6
30 17 63 64 62
31 17 125 126 123
32 17 141 142 139
33 17 140 140 137
34 17 140 140 137
35 17 140 140 136
36 17 141 141 137
37 17 141 140 135
38 17 141 139 134
39 17 140 139 133
40 17 160 159 154
41 17 182 180 176
42 17 159 157 153
43 17 151 149 144
44 17 160 157 153
18 18 173 166 157
19 18 177 173 166
20 18 164 163 159
21 18 131 132 129
22 18 79 80 77
23 18 43 43 42
24 18 52 52 51
25 18 79 81 79
26 18 99 103 102
27 18 65 67 66
28 18 37 38 36
29 18 63 64 62
30 18 105 106 103
31 18 136 136 132
32 18 140 140 137
33 18 141 140 137
34 18 141 140 137
35 18 139 139 135
36 18 141 140 135
37 18 137 135 130
38 18 138 136 131
39 18 137 134 129
40 18 139 137 131
41 18 164 163 158
42 18 177 175 170
43 18 150 147 142
44 18 157 154 149
18 19 156 147 135
19 19 156 151 142
20 19 136 135 130
21 19 85 86 83
22 19 15 16 15
23 19 0 1 0
24 19 2 2 2
25 19 31 32 31
26 19 105 108 106
27 19 123 125 122
28 19 115 116 113
29 19 122 123 120
30 19 131 131 128
31 19 138 138 134
32 19 139 138 135
33 19 139 139 136
34 19 138 138 134
35 19 138 138 134
36 19 134 134 129
37 19 132 131 126
38 19 123 122 117
39 19 115 113 107
40 19 111 109 103
41 19 139 136 131
42 19 168 166 161
43 19 171 168 163
44 19 161 158 152
19 20 152 145 135
20 20 138 134 128
21 20 95 95 92
22 20 34 35 33
23 20 3 3 3
24 20 8 9 8
25 20 49 50 48
26 20 114 115 112
27 20 136 137 133
28 20 137 137 133
29 20 138 138 135
30 20 137 137 133
31 20 138 137 134
32 20 137 137 134
33 20 138 137 133
34 20 136 136 132
35 20 134 133 129
36 20 132 132 127
37 20 109 109 104
38 20 74 73 69
39 20 46 45 42
40 20 42 40 37
41 20 102 100 94
42 20 137 135 129
43 20 169 166 162
44 20 170 166 161
45 20 164 161 156
20 21 148 142 132
21 21 121 118 111
22 21 91 91 88
23 21 56 56 54
24 21 68 69 67
25 21 100 100 98
26 21 129 129 126
27 21 136 136 133
28 21 137 137 134
29 21 136 136 132
30 21 136 136 132
31 21 137 136 133
32 21 134 134 130
33 21 133 133 129
34 21 129 129 125
35 21 129 129 124
36 21 121 121 117
37 21 71 71 68
38 21 17 17 16
39 21 1 1 0
40 21 3 3 3
41 21 53 52 48
42 21 116 114 108
43 21 142 139 133
44 21 168 164 158
45 21 167 163 157
21 22 138 132 123
22 22 132 129 125
23 22 120 119 116
24 22 125 125 122
25 22 129 128 125
26 22 134 134 131
27 22 136 136 132
28 22 136 136 132
29 22 135 135 131
30 22 134 134 131
31 22 132 132 128
32 22 128 128 124
33 22 116 116 112
34 22 105 105 101
35 22 95 95 92
36 22 110 111 107
37 22 79 80 77
38 22 18 18 17
39 22 6 6 6
40 22 10 9 9
41 22 62 60 57
42 22 108 105 99
43 22 123 119 113
44 22 140 134 127
45 22 158 150 143
22 23 148 142 135
23 23 135 132 128
24 23 133 132 129
25 23 133 133 130
26 23 136 135 132
27 23 135 134 131
28 23 134 134 130
29 23 133 133 130
30 23 132 131 128
31 23 130 130 126
32 23 109 109 106
33 23 64 64 62
34 23 34 34 32
35 23 24 24 23
36 23 66 66 63
37 23 102 103 99
38 23 76 76 72
39 23 55 55 52
40 23 74 72 68
41 23 103 100 94
42 23 118 114 107
43 23 114 109 102
44 23 104 96 89
45 23 135 124 115
23 24 149 143 135
24 24 133 130 125
25 24 133 132 129
26 24 133 132 129
27 24 132 132 129
28 24 130 130 127
29 24 128 128 125
30 24 127 126 123
31 24 125 125 121
32 24 87 88 85
33 24 17 17 17
34 24 1 1 1
35 24 1 1 1
36 24 33 33 31
37 24 103 102 98
38 24 114 112 108
39 24 109 107 102
40 24 114 111 105
41 24 114 109 104
42 24 95 90 84
43 24 90 85 78
44 24 43 39 35
23 25 59 54 49
24 25 146 140 133
25 25 133 130 126
26 25 131 130 127
27 25 129 128 125
28 25 109 109 106
29 25 95 95 93
30 25 92 91 88
31 25 98 98 94
32 25 101 102 99
33 25 51 52 50
34 25 15 15 15
35 25 20 20 18
36 25 66 65 61
37 25 110 109 104
38 25 119 116 111
39 25 116 113 107
40 25 102 98 92
41 25 76 72 67
42 25 46 42 39
24 26 60 55 50
25 26 141 136 129
26 26 128 126 122
27 26 114 114 111
28 26 59 59 57
29 26 25 25 24
30 26 22 22 21
31 26 34 34 32
32 26 97 97 95
33 26 103 103 100
34 26 80 79 76
35 26 88 87 82
36 26 108 106 101
37 26 113 110 104
38 26 106 102 97
39 26 97 93 87
40 26 49 47 43
25 27 59 55 50
26 27 135 131 124
27 27 99 97 93
28 27 28 28 27
29 27 1 1 1
30 27 1 1 1
31 27 24 24 23
32 27 96 95 93
33 27 120 119 115
34 27 116 114 110
35 27 114 112 106
36 27 109 106 100
37 27 104 100 94
38 27 52 50 46
26 28 137 129 120
27 28 106 99 92
28 28 59 56 53
29 28 35 34 32
30 28 35 34 32
31 28 68 67 64
32 28 109 108 104
33 28 119 117 112
34 28 110 107 102
35 28 97 94 88
36 28 97 93 88
27 29 121 111 101
28 29 112 105 98
29 29 101 97 92
30 29 101 98 93
31 29 109 106 102
32 29 114 111 106
33 29 97 94 89
34 29 86 82 77
35 29 49 46 43
28 30 133 121 111
29 30 121 112 103
30 30 111 105 98
31 30 97 93 87
32 30 83 79 74
33 30 51 48 44
29 31 129 113 101
30 31 96 86 78
31 31 52 47 43
