29 0 184 188 186
30 0 188 191 190
31 0 193 195 193
28 1 187 190 188
29 1 192 194 193
30 1 194 196 194
31 1 195 196 194
32 1 194 195 193
27 2 190 193 191
28 2 192 194 192
29 2 198 194 192
30 2 203 191 188
31 2 201 193 191
32 2 197 196 194
33 2 194 195 193
34 2 194 196 193
26 3 187 190 188
27 3 193 194 192
28 3 196 196 194
29 3 201 191 189
30 3 208 173 170
31 3 209 170 169
32 3 204 184 183
33 3 199 192 190
34 3 196 195 193
35 3 195 196 194
36 3 194 195 193
26 4 193 194 192
27 4 195 194 192
28 4 201 189 187
29 4 204 181 180
30 4 205 182 181
31 4 208 163 163
32 4 211 152 151
33 4 208 169 168
34 4 205 181 179
35 4 202 191 189
36 4 198 195 193
37 4 197 196 195
38 4 194 195 193
25 5 191 193 191
26 5 196 195 193
27 5 199 189 188
28 5 205 172 170
29 5 207 159 159
30 5 207 163 163
31 5 207 160 161
32 5 209 153 155
33 5 210 138 137
34 5 210 142 140
35 5 209 162 160
36 5 205 185 183
37 5 198 196 193
38 5 196 197 195
39 5 195 197 194
40 5 194 197 194
24 6 192 194 192
25 6 195 195 193
26 6 198 192 190
27 6 202 177 176
28 6 206 156 156
29 6 205 170 171
30 6 205 169 171
31 6 206 158 159
32 6 206 163 164
33 6 206 172 172
34 6 203 180 179
35 6 203 186 184
36 6 201 191 189
37 6 197 196 194
38 6 195 197 195
39 6 196 199 196
40 6 197 199 196
41 6 196 198 195
23 7 191 192 190
24 7 194 193 192
25 7 197 190 188
26 7 200 179 178
27 7 203 156 156
28 7 205 144 144
29 7 205 163 164
30 7 204 172 173
31 7 202 180 180
32 7 198 188 187
33 7 196 191 189
34 7 194 194 192
35 7 195 196 193
36 7 195 197 194
37 7 195 197 194
38 7 195 197 194
39 7 195 198 195
40 7 196 198 195
41 7 197 199 196
42 7 197 199 196
43 7 196 198 195
22 8 189 190 188
23 8 192 193 190
24 8 196 191 189
25 8 198 174 172
26 8 200 161 160
27 8 201 165 165
28 8 202 147 147
29 8 202 166 165
30 8 199 186 186
31 8 194 189 187
32 8 191 191 189
33 8 189 190 188
34 8 190 192 190
35 8 192 195 192
36 8 194 196 194
37 8 195 197 194
38 8 195 197 194
39 8 196 198 195
40 8 197 198 196
41 8 197 199 196
42 8 197 199 196
43 8 197 198 195
44 8 196 196 192
45 8 190 186 179
21 9 187 188 185
22 9 192 192 189
23 9 194 189 187
24 9 196 180 177
25 9 198 152 150
26 9 199 149 149
27 9 199 174 174
28 9 198 174 174
29 9 197 182 181
30 9 194 190 189
31 9 184 185 183
32 9 169 172 169
33 9 152 155 152
34 9 157 160 157
35 9 180 183 180
36 9 193 195 192
37 9 195 197 194
38 9 196 197 195
39 9 196 198 195
40 9 197 198 195
41 9 197 199 196
42 9 197 198 195
43 9 197 198 195
44 9 196 195 189
45 9 187 182 174
46 9 166 157 146
21 10 191 190 187
22 10 193 189 186
23 10 193 178 175
24 10 194 145 142
25 10 196 111 109
26 10 198 114 113
27 10 198 150 150
28 10 198 171 170
29 10 194 185 183
30 10 188 189 187
31 10 166 169 166
32 10 106 109 107
33 10 51 53 51
34 10 58 60 58
35 10 132 136 133
36 10 183 186 183
37 10 194 196 193
38 10 196 198 195
39 10 196 197 194
40 10 196 198 195
41 10 196 198 195
42 10 196 198 195
43 10 197 197 193
44 10 193 191 185
45 10 184 179 171
46 10 175 166 152
20 11 187 186 182
21 11 190 188 184
22 11 191 176 172
23 11 193 153 151
24 11 193 115 114
25 11 194 97 95
26 11 195 99 98
27 11 197 135 136
28 11 196 176 175
29 11 192 189 187
30 11 188 189 187
31 11 164 166 164
32 11 73 75 73
33 11 6 7 7
34 11 11 12 12
35 11 86 90 88
36 11 173 176 174
37 11 193 195 193
38 11 196 198 195
39 11 195 197 194
40 11 196 197 194
41 11 196 197 194
42 11 196 197 194
43 11 195 194 189
44 11 187 183 177
45 11 151 146 139
19 12 179 175 169
20 12 186 184 179
21 12 188 184 180
22 12 190 170 165
23 12 193 144 141
24 12 193 132 133
25 12 193 109 109
26 12 193 99 98
27 12 195 116 116
28 12 195 172 172
29 12 192 190 188
30 12 190 191 188
31 12 177 178 176
32 12 125 127 125
33 12 69 72 70
34 12 68 71 69
35 12 129 132 130
36 12 183 186 183
37 12 194 197 194
38 12 195 197 193
39 12 196 198 195
40 12 195 197 194
41 12 196 197 194
42 12 195 196 191
43 12 190 187 181
44 12 161 158 152
45 12 50 49 46
19 13 145 136 128
20 13 172 168 161
21 13 182 180 174
22 13 187 180 175
23 13 189 169 164
24 13 193 144 141
25 13 193 119 117
26 13 193 130 129
27 13 194 125 124
28 13 195 167 166
29 13 192 189 187
30 13 191 192 189
31 13 189 190 187
32 13 176 178 175
33 13 162 165 162
34 13 165 168 166
35 13 179 181 179
36 13 192 194 191
37 13 194 196 192
38 13 195 197 193
39 13 196 197 194
40 13 195 197 193
41 13 195 195 192
42 13 193 191 186
43 13 179 176 169
44 13 128 125 120
19 14 51 47 44
20 14 94 87 81
21 14 153 148 142
22 14 177 174 168
23 14 184 181 177
24 14 188 176 172
25 14 193 162 159
26 14 193 146 144
27 14 193 129 128
28 14 194 156 154
29 14 191 187 184
30 14 190 191 188
31 14 191 193 190
32 14 192 193 190
33 14 191 192 190
34 14 191 193 190
35 14 192 194 191
36 14 193 195 192
37 14 194 196 192
38 14 195 196 193
39 14 195 196 193
40 14 195 196 192
41 14 194 193 188
42 14 187 184 178
43 14 143 142 137
44 14 50 50 48
19 15 54 51 48
20 15 49 47 44
21 15 38 36 33
22 15 124 120 113
23 15 164 162 156
24 15 182 180 176
25 15 186 182 179
26 15 190 176 173
27 15 193 159 156
28 15 194 155 152
29 15 192 183 181
30 15 190 190 188
31 15 191 192 189
32 15 191 193 189
33 15 192 194 191
34 15 192 194 190
35 15 194 195 192
36 15 194 195 192
37 15 193 195 191
38 15 194 195 192
39 15 194 195 192
40 15 195 195 190
41 15 191 188 182
42 15 169 167 162
43 15 92 91 88
19 16 57 55 52
20 16 49 47 44
21 16 22 21 20
22 16 14 13 13
23 16 61 58 54
24 16 138 134 128
25 16 176 174 169
26 16 185 183 180
27 16 189 183 180
28 16 192 177 174
29 16 191 184 181
30 16 191 191 188
31 16 191 192 189
32 16 192 193 190
33 16 193 194 191
34 16 193 194 191
35 16 194 195 192
36 16 193 195 191
37 16 194 195 192
38 16 194 195 191
39 16 194 194 190
40 16 193 191 185
41 16 184 180 175
42 16 132 131 127
43 16 130 129 125
19 17 60 59 56
20 17 56 55 52
21 17 37 37 35
22 17 12 12 11
23 17 9 9 8
24 17 34 33 31
25 17 101 98 92
26 17 159 156 150
27 17 181 179 175
28 17 187 186 182
29 17 189 189 185
30 17 191 191 188
31 17 191 191 188
32 17 191 192 189
33 17 192 193 190
34 17 193 194 191
35 17 194 194 191
36 17 194 194 191
37 17 194 195 191
38 17 194 194 190
39 17 193 191 186
40 17 189 185 179
41 17 159 157 153
42 17 112 112 109
19 18 61 61 59
20 18 60 60 57
21 18 55 55 52
22 18 41 41 39
23 18 24 24 23
24 18 32 32 31
25 18 51 50 48
26 18 58 57 53
27 18 130 127 121
28 18 168 166 161
29 18 186 185 181
30 18 189 189 185
31 18 191 192 188
32 18 191 192 188
33 18 193 193 190
34 18 193 194 191
35 18 193 194 191
36 18 194 194 190
37 18 193 194 190
38 18 193 192 187
39 18 190 186 180
40 18 174 172 167
41 18 130 129 126
42 18 142 142 140
19 19 61 62 60
20 19 61 61 58
21 19 59 59 57
22 19 57 57 55
23 19 52 52 50
24 19 50 50 48
25 19 54 54 52
26 19 57 57 54
27 19 57 56 53
28 19 84 82 77
29 19 144 141 135
30 19 180 178 174
31 19 188 188 184
32 19 191 191 187
33 19 192 193 189
34 19 192 193 189
35 19 193 194 190
36 19 192 192 188
37 19 192 191 187
38 19 191 188 182
39 19 185 180 175
40 19 149 148 145
41 19 89 88 86
18 20 59 60 59
19 20 61 61 60
20 20 58 58 56
21 20 49 50 48
22 20 54 54 52
23 20 58 58 56
24 20 59 59 57
25 20 58 58 55
26 20 58 58 55
27 20 58 58 55
28 20 58 57 54
29 20 57 56 53
30 20 108 104 99
31 20 162 160 154
32 20 183 181 177
33 20 190 190 185
34 20 191 192 188
35 20 192 192 188
36 20 192 191 187
37 20 190 188 182
38 20 187 182 175
39 20 165 162 158
40 20 111 111 109
41 20 59 58 57
18 21 59 60 58
19 21 60 61 60
20 21 52 53 51
21 21 27 27 26
22 21 27 28 27
23 21 48 49 47
24 21 59 59 57
25 21 60 60 58
26 21 60 59 57
27 21 59 59 57
28 21 59 59 56
29 21 56 56 53
30 21 46 45 43
31 21 39 38 36
32 21 132 129 124
33 21 172 169 164
34 21 186 185 180
35 21 189 188 183
36 21 190 187 182
37 21 188 181 174
38 21 175 170 165
39 21 138 138 135
40 21 60 60 58
19 22 55 56 55
20 22 55 55 54
21 22 39 40 39
22 22 18 18 18
23 22 27 28 27
24 22 54 54 53
25 22 60 60 58
26 22 61 61 59
27 22 61 60 58
28 22 60 60 58
29 22 58 58 55
30 22 44 43 41
31 22 18 18 17
32 22 15 14 14
33 22 63 61 57
34 22 142 138 132
35 22 180 175 168
36 22 184 176 168
37 22 180 173 167
38 22 154 153 150
39 22 101 100 98
20 23 55 56 54
21 23 51 52 51
22 23 42 43 42
23 23 38 39 38
24 23 51 52 51
25 23 60 61 59
26 23 62 62 60
27 23 61 61 59
28 23 61 61 59
29 23 60 60 58
30 23 56 56 54
31 23 36 35 34
32 23 11 11 11
33 23 9 9 8
34 23 36 35 34
35 23 111 103 97
36 23 165 154 145
37 23 161 158 153
38 23 126 126 123
39 23 59 59 57
22 24 53 54 52
23 24 54 55 54
24 24 59 60 59
25 24 62 62 61
26 24 62 62 60
27 24 62 62 60
28 24 62 61 59
29 24 61 61 58
30 24 61 61 58
31 24 57 56 55
32 24 44 43 42
33 24 29 29 28
34 24 32 31 30
35 24 128 123 118
36 24 152 148 143
37 24 141 140 137
38 24 60 59 58
24 25 60 61 59
25 25 62 63 61
26 25 63 64 62
27 25 63 63 61
28 25 60 60 59
29 25 55 55 53
30 25 57 57 55
31 25 61 60 58
32 25 61 61 59
33 25 58 57 55
34 25 70 69 66
35 25 154 149 143
36 25 148 146 142
37 25 99 98 96
38 25 60 60 59
25 26 58 59 57
26 26 62 62 60
27 26 62 63 61
28 26 58 58 56
29 26 37 38 36
30 26 30 30 29
31 26 45 45 43
32 26 59 59 57
33 26 62 62 60
34 26 114 110 105
35 26 150 146 140
36 26 134 133 130
37 26 56 55 53
27 27 61 61 59
28 27 60 60 58
29 27 46 47 45
30 27 22 22 21
31 27 16 16 16
32 27 42 43 41
33 27 62 61 59
34 27 146 142 137
35 27 136 133 128
36 27 84 83 81
28 28 55 56 54
29 28 53 54 52
30 28 44 45 43
31 28 32 32 31
32 28 34 35 34
33 28 85 83 80
34 28 146 142 137
35 28 101 98 95
36 28 59 57 56
30 29 56 56 55
31 29 53 53 52
32 29 55 55 53
33 29 120 118 114
34 29 133 129 126
35 29 54 52 50
32 30 79 77 73
33 30 139 134 128
34 30 106 103 101
33 31 150 145 137
