29 0 183 186 185
30 0 189 192 191
28 1 188 190 188
29 1 192 194 192
30 1 194 195 193
31 1 194 196 194
32 1 193 195 193
27 2 189 191 189
28 2 193 193 191
29 2 199 191 189
30 2 202 191 189
31 2 198 195 192
32 2 196 196 194
33 2 194 196 193
34 2 193 195 193
26 3 190 192 190
27 3 193 193 191
28 3 197 194 192
29 3 204 182 179
30 3 209 165 162
31 3 207 179 178
32 3 202 189 188
33 3 197 194 192
34 3 197 197 195
35 3 197 198 196
36 3 196 197 195
25 4 189 191 189
26 4 192 193 191
27 4 197 190 188
28 4 202 182 180
29 4 203 184 182
30 4 207 171 171
31 4 210 148 147
32 4 210 162 161
33 4 207 176 175
34 4 203 186 184
35 4 201 195 193
36 4 199 197 195
37 4 198 199 197
38 4 194 196 193
24 5 189 191 189
25 5 192 192 190
26 5 197 191 189
27 5 202 177 175
28 5 206 159 158
29 5 207 161 161
30 5 206 162 163
31 5 209 156 159
32 5 209 142 142
33 5 210 139 138
34 5 210 154 152
35 5 208 179 177
36 5 202 195 193
37 5 198 199 196
38 5 197 199 196
39 5 198 200 197
23 6 188 189 187
24 6 192 192 191
25 6 196 192 190
26 6 200 180 178
27 6 204 157 157
28 6 205 167 168
29 6 204 170 172
30 6 206 158 159
31 6 206 161 162
32 6 205 172 172
33 6 204 181 180
34 6 203 186 184
35 6 202 192 190
36 6 199 196 194
37 6 197 199 196
38 6 197 199 197
39 6 199 201 198
40 6 199 201 199
41 6 198 200 198
22 7 188 189 188
23 7 191 190 189
24 7 195 189 187
25 7 198 180 178
26 7 202 158 157
27 7 204 144 144
28 7 205 162 163
29 7 203 170 171
30 7 202 179 179
31 7 198 188 186
32 7 196 191 189
33 7 194 194 192
34 7 194 196 193
35 7 196 197 195
36 7 196 198 195
37 7 197 199 196
38 7 197 199 197
39 7 198 200 197
40 7 198 200 198
41 7 200 202 199
42 7 200 202 199
43 7 198 200 197
21 8 186 187 185
22 8 191 191 188
23 8 193 188 186
24 8 197 174 171
25 8 199 162 161
26 8 200 160 160
27 8 202 143 142
28 8 201 167 167
29 8 197 184 184
30 8 194 189 187
31 8 190 190 188
32 8 187 189 187
33 8 190 193 190
34 8 193 196 193
35 8 194 197 194
36 8 196 198 195
37 8 197 199 196
38 8 197 199 196
39 8 199 200 197
40 8 199 201 198
41 8 200 202 199
42 8 200 201 199
43 8 200 201 197
44 8 197 195 189
20 9 186 187 184
21 9 188 188 185
22 9 192 187 184
23 9 194 176 174
24 9 197 149 147
25 9 198 155 155
26 9 197 174 174
27 9 198 174 173
28 9 196 182 181
29 9 191 188 187
30 9 180 181 179
31 9 165 168 165
32 9 150 153 150
33 9 158 161 158
34 9 182 185 182
35 9 193 196 193
36 9 196 198 195
37 9 197 199 196
38 9 198 199 196
39 9 198 200 197
40 9 199 200 197
41 9 200 201 198
42 9 199 200 197
43 9 200 199 194
44 9 193 189 181
45 9 179 172 162
19 10 184 183 180
20 10 187 186 184
21 10 190 186 183
22 10 193 173 170
23 10 193 137 134
24 10 195 108 106
25 10 198 125 124
26 10 197 158 158
27 10 195 173 172
28 10 192 188 186
29 10 184 185 183
30 10 151 153 151
31 10 89 91 89
32 10 48 50 49
33 10 65 68 66
34 10 147 150 148
35 10 188 191 188
36 10 195 197 195
37 10 197 198 195
38 10 198 199 196
39 10 197 199 196
40 10 198 200 197
41 10 199 200 197
42 10 199 199 196
43 10 197 195 189
44 10 186 181 173
45 10 164 158 150
18 11 181 179 175
19 11 185 184 180
20 11 187 183 179
21 11 190 169 166
22 11 191 143 141
23 11 192 102 101
24 11 193 94 93
25 11 195 103 103
26 11 197 155 155
27 11 193 181 180
28 11 189 189 186
29 11 182 184 181
30 11 136 139 136
31 11 35 36 35
32 11 1 2 2
33 11 22 23 23
34 11 123 127 125
35 11 184 187 184
36 11 195 197 194
37 11 197 198 195
38 11 198 199 196
39 11 197 198 195
40 11 198 199 196
41 11 198 199 195
42 11 197 196 191
43 11 190 186 179
44 11 158 155 149
45 11 143 140 134
18 12 178 175 169
19 12 184 182 178
20 12 187 179 174
21 12 190 157 153
22 12 191 136 134
23 12 193 121 121
24 12 192 101 101
25 12 192 96 95
26 12 195 148 147
27 12 192 183 182
28 12 189 189 187
29 12 186 187 184
30 12 156 158 155
31 12 87 90 88
32 12 62 65 63
33 12 83 86 84
34 12 161 164 161
35 12 191 193 191
36 12 195 197 194
37 12 197 199 195
38 12 197 198 195
39 12 198 199 196
40 12 197 198 195
41 12 197 197 192
42 12 190 187 181
43 12 163 161 155
44 12 134 132 127
45 12 160 158 153
17 13 139 127 118
18 13 157 151 143
19 13 177 174 168
20 13 182 178 173
21 13 185 171 167
22 13 190 154 150
23 13 192 124 121
24 13 192 126 125
25 13 191 121 120
26 13 194 145 144
27 13 192 183 182
28 13 190 190 188
29 13 190 191 188
30 13 183 184 181
31 13 167 169 166
32 13 164 166 164
33 13 171 173 171
34 13 188 190 187
35 13 193 195 192
36 13 195 197 193
37 13 196 197 194
38 13 196 198 195
39 13 197 198 195
40 13 196 196 192
41 13 192 190 184
42 13 166 163 157
43 13 147 147 143
44 13 133 132 128
18 14 63 57 52
19 14 121 115 108
20 14 166 163 157
21 14 181 178 174
22 14 184 176 173
23 14 189 163 160
24 14 192 148 145
25 14 192 133 131
26 14 192 139 137
27 14 191 180 178
28 14 190 190 187
29 14 190 191 189
30 14 190 191 188
31 14 190 192 189
32 14 191 193 190
33 14 192 194 191
34 14 193 195 192
35 14 194 196 192
36 14 195 196 193
37 14 196 197 194
38 14 196 197 194
39 14 195 196 192
40 14 194 192 187
41 14 180 177 171
42 14 141 140 136
43 14 157 157 154
44 14 143 142 138
18 15 52 49 45
19 15 47 45 42
20 15 77 73 68
21 15 147 144 138
22 15 175 173 169
23 15 184 180 177
24 15 187 176 173
25 15 191 161 158
26 15 193 150 146
27 15 192 178 176
28 15 189 189 186
29 15 190 191 188
30 15 190 191 188
31 15 191 193 190
32 15 192 193 190
33 15 193 195 191
34 15 193 195 191
35 15 194 196 193
36 15 195 196 193
37 15 195 196 192
38 15 196 196 192
39 15 194 192 187
40 15 191 188 182
41 15 155 154 150
42 15 156 156 153
43 15 154 154 150
44 15 151 149 145
18 16 55 52 49
19 16 50 48 45
20 16 30 29 27
21 16 25 24 22
22 16 119 116 110
23 16 165 163 158
24 16 183 181 177
25 16 187 182 179
26 16 190 175 172
27 16 190 181 178
28 16 190 189 186
29 16 190 191 188
30 16 191 192 189
31 16 191 193 189
32 16 192 194 191
33 16 193 195 192
34 16 194 195 191
35 16 194 196 192
36 16 194 195 192
37 16 195 195 192
38 16 195 193 188
39 16 192 188 182
40 16 181 179 175
41 16 159 159 156
42 16 162 162 159
43 16 143 142 138
44 16 130 128 124
18 17 59 57 54
19 17 57 55 52
20 17 46 45 43
21 17 21 21 20
22 17 19 19 18
23 17 79 77 72
24 17 149 146 141
25 17 177 175 171
26 17 186 185 181
27 17 188 187 184
28 17 189 189 186
29 17 190 190 187
30 17 191 192 188
31 17 191 192 189
32 17 192 193 190
33 17 193 194 191
34 17 194 194 191
35 17 194 195 191
36 17 194 195 191
37 17 194 193 188
38 17 192 188 182
39 17 188 185 181
40 17 173 173 169
41 17 165 166 163
42 17 157 157 154
43 17 125 124 120
44 17 156 155 151
19 18 59 58 56
20 18 59 58 56
21 18 48 48 46
22 18 31 31 30
23 18 38 38 36
24 18 52 51 49
25 18 116 114 108
26 18 166 165 160
27 18 184 184 179
28 18 188 188 184
29 18 190 191 187
30 18 191 191 188
31 18 192 192 189
32 18 192 193 189
33 18 193 194 190
34 18 194 194 190
35 18 194 194 190
36 18 194 193 188
37 18 192 188 182
38 18 190 186 181
39 18 176 175 172
40 18 168 168 165
41 18 161 162 159
42 18 150 150 147
43 18 121 121 118
19 19 59 59 57
20 19 60 60 58
21 19 58 58 56
22 19 54 54 52
23 19 51 51 49
24 19 55 55 52
25 19 56 55 52
26 19 83 81 76
27 19 143 141 135
28 19 179 177 173
29 19 188 188 184
30 19 190 190 186
31 19 191 192 188
32 19 192 193 189
33 19 193 193 189
34 19 192 193 189
35 19 193 192 188
36 19 191 187 181
37 19 189 184 178
38 19 178 177 173
39 19 170 170 167
40 19 163 164 160
41 19 155 156 153
42 19 131 131 129
43 19 89 89 86
19 20 57 57 55
20 20 58 59 57
21 20 50 51 49
22 20 52 52 50
23 20 57 57 54
24 20 59 59 56
25 20 58 57 55
26 20 58 57 54
27 20 57 56 53
28 20 107 104 99
29 20 164 162 157
30 20 186 185 180
31 20 190 190 185
32 20 190 191 187
33 20 192 192 188
34 20 192 191 187
35 20 191 188 182
36 20 188 183 176
37 20 181 179 174
38 20 172 172 168
39 20 166 166 163
40 20 158 158 155
41 20 142 142 139
42 20 58 59 57
19 21 54 54 53
20 21 56 56 55
21 21 44 45 43
22 21 28 28 28
23 21 45 45 44
24 21 58 58 56
25 21 60 60 58
26 21 60 59 57
27 21 58 57 55
28 21 50 50 47
29 21 61 59 56
30 21 136 133 128
31 21 178 176 170
32 21 188 186 181
33 21 190 189 184
34 21 189 186 180
35 21 188 180 173
36 21 183 180 174
37 21 172 171 168
38 21 167 167 163
39 21 160 160 156
40 21 149 149 146
41 21 107 107 105
20 22 51 51 50
21 22 47 48 46
22 22 33 34 32
23 22 28 29 28
24 22 50 50 49
25 22 60 60 58
26 22 61 60 58
27 22 60 60 58
28 22 53 53 51
29 22 33 33 31
30 22 19 18 17
31 22 91 87 82
32 22 160 155 148
33 22 183 177 169
34 22 183 174 165
35 22 184 177 171
36 22 172 171 167
37 22 167 166 163
38 22 160 160 156
39 22 154 153 150
40 22 121 121 119
41 22 58 58 56
22 23 46 47 45
23 23 40 41 40
24 23 48 49 48
25 23 59 59 58
26 23 62 62 60
27 23 61 60 58
28 23 60 59 57
29 23 51 50 48
30 23 28 28 27
31 23 16 16 15
32 23 53 51 48
33 23 144 133 125
34 23 174 164 156
35 23 174 171 167
36 23 166 165 161
37 23 157 157 154
38 23 151 150 147
39 23 134 134 131
40 23 57 57 55
23 24 48 49 47
24 24 55 56 54
25 24 60 61 59
26 24 62 62 60
27 24 62 62 60
28 24 61 61 59
29 24 60 59 57
30 24 54 53 51
31 24 39 39 37
32 24 33 33 32
33 24 132 126 120
34 24 163 158 152
35 24 168 166 162
36 24 153 153 149
37 24 138 137 134
38 24 139 138 136
39 24 69 69 67
25 25 59 60 58
26 25 63 63 61
27 25 63 63 61
28 25 59 59 57
29 25 54 54 52
30 25 58 58 56
31 25 59 58 56
32 25 56 55 53
33 25 132 126 121
34 25 160 157 152
35 25 159 157 153
36 25 121 120 117
37 25 127 127 124
38 25 106 105 103
26 26 57 57 56
27 26 60 61 59
28 26 57 57 56
29 26 41 41 39
30 26 37 37 36
31 26 52 52 50
32 26 62 61 59
33 26 137 132 127
34 26 155 152 146
35 26 133 132 127
36 26 107 106 102
37 26 104 104 101
38 26 48 48 46
28 27 57 58 56
29 27 46 47 45
30 27 28 29 28
31 27 28 28 27
32 27 52 52 51
33 27 138 133 128
34 27 146 143 137
35 27 112 110 105
36 27 111 110 107
37 27 39 38 37
29 28 48 49 47
30 28 44 45 43
31 28 34 35 34
32 28 42 42 41
33 28 130 126 121
34 28 136 132 126
35 28 116 113 109
36 28 77 76 74
30 29 50 50 48
31 29 50 50 48
32 29 53 53 51
33 29 127 125 120
34 29 131 126 121
35 29 92 89 85
36 29 48 47 45
32 30 55 54 51
33 30 135 131 125
34 30 106 102 97
35 30 45 43 41
33 31 145 139 132
34 31 52 48 44
