29 0 183 187 185
30 0 187 191 189
31 0 193 196 194
28 1 187 189 188
29 1 192 194 193
30 1 194 196 194
31 1 195 196 194
32 1 193 195 193
33 1 191 193 191
27 2 189 191 189
28 2 192 194 192
29 2 197 194 192
30 2 203 191 189
31 2 201 192 190
32 2 197 196 193
33 2 194 195 193
34 2 193 195 193
27 3 193 195 193
28 3 196 196 194
29 3 200 193 191
30 3 207 175 173
31 3 210 169 167
32 3 205 183 182
33 3 200 191 190
34 3 197 195 193
35 3 195 196 194
36 3 194 195 193
26 4 192 194 192
27 4 195 195 193
28 4 201 191 189
29 4 204 181 179
30 4 204 182 181
31 4 208 167 167
32 4 211 151 151
33 4 209 167 166
34 4 205 180 178
35 4 202 190 189
36 4 198 195 193
37 4 197 196 194
38 4 193 195 192
25 5 192 194 192
26 5 196 196 194
27 5 199 191 189
28 5 204 176 174
29 5 207 158 158
30 5 207 163 163
31 5 207 161 162
32 5 208 154 156
33 5 210 140 140
34 5 211 140 138
35 5 209 158 156
36 5 206 183 181
37 5 198 195 192
38 5 195 197 194
39 5 195 197 194
40 5 194 197 194
24 6 192 194 192
25 6 195 195 194
26 6 198 194 192
27 6 201 182 180
28 6 206 158 157
29 6 206 167 168
30 6 205 171 173
31 6 206 159 161
32 6 206 161 162
33 6 206 171 170
34 6 204 179 178
35 6 203 185 183
36 6 202 190 188
37 6 197 195 193
38 6 195 197 194
39 6 196 198 195
40 6 196 198 196
41 6 195 198 195
42 6 193 195 192
23 7 191 192 190
24 7 194 194 192
25 7 197 192 190
26 7 200 183 181
27 7 203 162 161
28 7 205 143 143
29 7 206 159 160
30 7 205 171 172
31 7 202 178 178
32 7 199 187 186
33 7 197 191 189
34 7 194 194 191
35 7 195 196 193
36 7 195 196 194
37 7 195 197 194
38 7 195 197 194
39 7 195 197 194
40 7 195 197 195
41 7 197 199 196
42 7 196 198 195
43 7 196 198 195
22 8 189 190 188
23 8 192 193 191
24 8 195 193 191
25 8 198 179 177
26 8 200 161 160
27 8 202 165 165
28 8 201 152 151
29 8 203 158 158
30 8 200 184 184
31 8 195 188 187
32 8 191 191 189
33 8 189 191 188
34 8 189 192 189
35 8 192 194 192
36 8 194 196 193
37 8 194 197 194
38 8 195 197 194
39 8 196 198 195
40 8 196 198 195
41 8 197 198 195
42 8 197 198 195
43 8 196 198 195
44 8 195 196 192
45 8 191 187 181
22 9 191 192 189
23 9 193 191 189
24 9 196 184 181
25 9 198 161 158
26 9 199 143 142
27 9 200 171 171
28 9 198 175 175
29 9 198 179 178
30 9 195 190 188
31 9 187 187 186
32 9 173 176 173
33 9 155 158 155
34 9 153 156 154
35 9 175 178 175
36 9 191 194 191
37 9 195 197 194
38 9 195 197 194
39 9 196 197 194
40 9 196 198 195
41 9 197 198 195
42 9 196 197 194
43 9 197 198 195
44 9 196 195 190
45 9 187 182 174
46 9 170 162 150
21 10 190 190 187
22 10 192 190 188
23 10 193 183 180
24 10 194 156 154
25 10 196 117 115
26 10 197 107 106
27 10 198 141 140
28 10 199 167 167
29 10 195 181 180
30 10 191 190 188
31 10 176 178 175
32 10 125 127 125
33 10 58 60 59
34 10 51 53 52
35 10 114 117 115
36 10 176 180 177
37 10 193 195 192
38 10 196 197 195
39 10 195 197 194
40 10 196 197 194
41 10 196 198 194
42 10 196 197 194
43 10 196 197 193
44 10 194 191 186
45 10 184 179 171
46 10 178 170 158
20 11 187 186 182
21 11 190 189 185
22 11 191 181 178
23 11 193 161 158
24 11 193 128 126
25 11 194 99 97
26 11 195 98 98
27 11 197 119 119
28 11 197 168 167
29 11 193 187 185
30 11 190 190 188
31 11 176 178 176
32 11 105 107 105
33 11 15 16 15
34 11 5 5 5
35 11 58 61 60
36 11 159 163 161
37 11 191 194 191
38 11 195 197 195
39 11 195 196 194
40 11 196 197 194
41 11 195 197 194
42 11 196 197 193
43 11 195 195 190
44 11 187 184 177
45 11 178 172 164
19 12 180 175 169
20 12 185 183 177
21 12 188 186 181
22 12 189 177 172
23 12 193 153 149
24 12 194 136 135
25 12 194 118 118
26 12 193 103 102
27 12 194 101 101
28 12 196 159 159
29 12 194 188 186
30 12 191 192 189
31 12 183 185 182
32 12 145 147 145
33 12 79 82 80
34 12 65 68 66
35 12 105 108 106
36 12 175 177 175
37 12 193 196 193
38 12 194 196 193
39 12 196 197 194
40 12 195 197 193
41 12 196 197 194
42 12 195 196 192
43 12 190 188 182
44 12 172 167 158
45 12 44 44 42
19 13 141 130 121
20 13 162 157 149
21 13 181 178 172
22 13 186 182 177
23 13 189 174 170
24 13 193 156 152
25 13 193 123 120
26 13 193 128 127
27 13 194 125 124
28 13 196 151 150
29 13 193 186 184
30 13 191 191 189
31 13 190 192 189
32 13 181 183 180
33 13 165 167 164
34 13 164 166 164
35 13 173 175 173
36 13 190 192 189
37 13 194 195 192
38 13 195 196 193
39 13 195 197 194
40 13 195 196 193
41 13 195 195 192
42 13 193 192 187
43 13 185 182 175
44 13 141 138 133
19 14 52 48 44
20 14 76 70 65
21 14 133 128 121
22 14 172 169 163
23 14 183 181 176
24 14 187 180 176
25 14 192 168 165
26 14 193 152 149
27 14 193 136 134
28 14 194 140 138
29 14 193 181 178
30 14 190 190 188
31 14 191 193 190
32 14 192 193 190
33 14 191 192 190
34 14 191 192 190
35 14 192 193 191
36 14 193 195 191
37 14 194 195 192
38 14 194 196 192
39 14 194 196 192
40 14 195 196 192
41 14 194 194 189
42 14 187 185 179
43 14 148 144 138
44 14 49 48 47
19 15 54 52 48
20 15 51 49 46
21 15 39 37 35
22 15 89 84 79
23 15 154 150 144
24 15 178 175 171
25 15 185 183 179
26 15 189 180 177
27 15 192 168 165
28 15 194 151 147
29 15 193 175 173
30 15 190 189 187
31 15 191 192 189
32 15 191 192 189
33 15 192 194 190
34 15 192 194 190
35 15 193 195 192
36 15 194 195 192
37 15 193 195 191
38 15 194 195 192
39 15 194 195 191
40 15 195 195 191
41 15 192 190 185
42 15 176 173 168
43 15 112 105 96
19 16 57 56 52
20 16 52 50 47
21 16 27 26 24
22 16 11 10 9
23 16 27 25 24
24 16 123 119 113
25 16 166 163 157
26 16 183 182 178
27 16 188 185 181
28 16 191 179 176
29 16 192 180 177
30 16 191 189 186
31 16 191 192 189
32 16 192 193 190
33 16 193 194 191
34 16 193 194 191
35 16 194 195 192
36 16 193 195 191
37 16 194 195 192
38 16 194 195 191
39 16 194 194 190
40 16 193 192 187
41 16 186 182 176
42 16 112 109 104
43 16 52 52 50
19 17 61 59 57
20 17 57 56 53
21 17 42 41 39
22 17 16 16 15
23 17 5 5 4
24 17 25 24 23
25 17 75 72 68
26 17 138 135 129
27 17 175 173 168
28 17 186 185 181
29 17 189 188 184
30 17 190 190 187
31 17 191 191 188
32 17 191 192 189
33 17 192 193 190
34 17 193 194 191
35 17 194 194 191
36 17 194 194 191
37 17 194 195 191
38 17 193 194 190
39 17 193 192 188
40 17 190 186 180
41 17 165 161 156
42 17 53 52 51
19 18 62 61 59
20 18 61 60 57
21 18 56 56 53
22 18 44 43 41
23 18 25 25 24
24 18 26 26 25
25 18 47 47 45
26 18 55 54 51
27 18 101 98 92
28 18 156 154 148
29 18 181 180 175
30 18 188 188 184
31 18 191 191 188
32 18 191 192 188
33 18 193 193 189
34 18 193 194 190
35 18 193 194 191
36 18 193 194 190
37 18 193 194 190
38 18 193 192 188
39 18 191 188 182
40 18 179 174 169
41 18 106 103 100
42 18 53 52 51
18 19 61 62 60
19 19 62 62 60
20 19 61 61 58
21 19 59 59 57
22 19 58 57 55
23 19 53 53 51
24 19 50 50 48
25 19 53 53 51
26 19 57 56 54
27 19 57 56 53
28 19 60 58 55
29 19 124 121 115
30 19 169 167 162
31 19 187 186 181
32 19 190 190 186
33 19 192 192 188
34 19 192 193 189
35 19 193 194 190
36 19 192 193 189
37 19 192 192 188
38 19 192 190 185
39 19 187 182 176
40 19 148 144 140
41 19 65 65 63
18 20 60 62 60
19 20 61 62 60
20 20 57 58 56
21 20 50 50 48
22 20 54 54 52
23 20 58 58 56
24 20 59 59 57
25 20 58 58 55
26 20 58 58 56
27 20 59 58 55
28 20 58 58 55
29 20 58 57 54
30 20 78 75 71
31 20 142 139 133
32 20 176 175 170
33 20 189 188 183
34 20 191 191 187
35 20 192 192 188
36 20 192 192 188
37 20 191 189 185
38 20 189 184 177
39 20 171 167 162
40 20 88 87 85
18 21 58 60 58
19 21 60 61 60
20 21 50 51 49
21 21 24 25 24
22 21 27 28 27
23 21 48 49 47
24 21 59 59 57
25 21 60 60 58
26 21 60 60 57
27 21 59 59 57
28 21 59 59 56
29 21 58 57 55
30 21 50 50 47
31 21 40 40 37
32 21 96 93 88
33 21 158 155 150
34 21 181 179 174
35 21 188 187 182
36 21 190 188 183
37 21 189 184 178
38 21 182 176 171
39 21 133 130 127
40 21 58 57 56
19 22 55 56 54
20 22 54 55 53
21 22 37 37 36
22 22 15 15 15
23 22 27 28 27
24 22 54 54 53
25 22 60 60 58
26 22 61 61 59
27 22 61 60 58
28 22 60 60 58
29 22 59 59 57
30 22 50 49 47
31 22 26 25 23
32 22 10 9 9
33 22 24 24 23
34 22 115 111 106
35 22 169 164 157
36 22 184 177 169
37 22 182 173 165
38 22 155 151 147
39 22 60 59 58
20 23 55 56 54
21 23 50 51 50
22 23 42 43 41
23 23 37 38 37
24 23 51 53 52
25 23 60 61 59
26 23 62 62 60
27 23 61 61 59
28 23 61 61 59
29 23 61 60 58
30 23 58 58 56
31 23 42 42 40
32 23 17 16 16
33 23 4 4 4
34 23 23 23 23
35 23 73 70 66
36 23 152 142 134
37 23 169 163 156
38 23 107 104 101
39 23 61 60 59
22 24 54 55 53
23 24 55 56 55
24 24 59 60 59
25 24 62 63 61
26 24 62 62 60
27 24 62 62 60
28 24 62 61 59
29 24 61 61 59
30 24 61 61 59
31 24 59 58 56
32 24 48 48 46
33 24 32 32 31
34 24 27 27 26
35 24 73 71 67
36 24 153 148 142
37 24 136 134 131
38 24 55 54 53
23 25 57 57 56
24 25 61 61 60
25 25 63 63 62
26 25 64 64 62
27 25 63 63 61
28 25 61 61 59
29 25 55 55 53
30 25 57 56 55
31 25 60 60 58
32 25 62 61 59
33 25 59 58 56
34 25 59 59 57
35 25 138 133 129
36 25 149 147 143
37 25 81 80 78
25 26 59 59 57
26 26 62 62 60
27 26 63 63 61
28 26 58 58 56
29 26 37 37 36
30 26 29 29 28
31 26 43 43 42
32 26 59 58 57
33 26 62 62 60
34 26 86 84 80
35 26 154 149 144
36 26 110 108 106
37 26 58 57 55
27 27 61 62 60
28 27 60 60 59
29 27 46 47 45
30 27 20 21 20
31 27 14 14 14
32 27 40 40 39
33 27 59 59 57
34 27 135 131 127
35 27 135 132 128
36 27 61 59 57
28 28 57 57 55
29 28 54 55 53
30 28 45 45 44
31 28 32 32 31
32 28 33 33 33
33 28 75 75 72
34 28 145 141 137
35 28 101 99 97
36 28 55 54 54
30 29 57 57 56
31 29 54 54 53
32 29 55 55 54
33 29 119 116 112
34 29 132 129 126
35 29 58 55 52
32 30 78 76 72
33 30 141 136 130
34 30 83 81 78
33 31 151 145 138
