32 0 140 126 118
30 1 152 141 131
31 1 157 148 140
32 1 163 155 149
33 1 176 170 165
29 2 163 156 148
30 2 167 160 152
31 2 170 165 158
32 2 175 171 165
33 2 179 175 170
34 2 182 178 174
35 2 185 182 179
27 3 165 159 151
28 3 169 163 156
29 3 172 168 161
30 3 175 171 164
31 3 177 174 168
32 3 178 174 168
33 3 180 177 171
34 3 184 181 177
35 3 188 186 183
36 3 191 190 188
25 4 168 163 155
26 4 171 166 159
27 4 173 169 163
28 4 177 174 169
29 4 180 177 171
30 4 180 177 172
31 4 180 177 172
32 4 180 178 173
33 4 182 180 175
34 4 183 182 178
35 4 188 188 184
36 4 192 192 189
37 4 195 194 192
38 4 194 194 192
23 5 167 162 154
24 5 172 167 160
25 5 174 171 165
26 5 178 176 170
27 5 180 178 173
28 5 182 180 175
29 5 183 181 176
30 5 183 181 177
31 5 184 182 178
32 5 183 182 178
33 5 185 184 179
34 5 186 185 181
35 5 188 188 184
36 5 191 191 188
37 5 194 194 191
38 5 196 196 194
39 5 196 197 196
22 6 171 166 160
23 6 175 171 165
24 6 179 176 171
25 6 181 180 175
26 6 182 181 176
27 6 183 182 178
28 6 184 184 180
29 6 185 185 181
30 6 186 185 182
31 6 186 186 182
32 6 187 187 183
33 6 188 188 184
34 6 188 188 184
35 6 190 190 186
36 6 191 191 188
37 6 193 193 190
38 6 195 195 193
39 6 198 199 197
40 6 199 201 199
41 6 199 201 200
20 7 171 165 159
21 7 172 168 162
22 7 172 169 164
23 7 171 170 165
24 7 173 172 168
25 7 180 179 175
26 7 184 183 180
27 7 185 185 182
28 7 185 185 182
29 7 181 181 179
30 7 177 177 174
31 7 173 174 171
32 7 182 183 180
33 7 189 190 187
34 7 191 191 188
35 7 192 192 190
36 7 191 191 188
37 7 186 186 184
38 7 181 181 178
39 7 187 187 184
40 7 197 198 196
41 7 201 203 202
42 7 201 203 202
43 7 199 202 201
18 8 166 153 142
19 8 174 167 160
20 8 175 172 167
21 8 166 164 161
22 8 142 141 137
23 8 117 117 113
24 8 116 115 111
25 8 154 154 151
26 8 182 182 179
27 8 186 186 183
28 8 178 178 175
29 8 149 150 147
30 8 115 115 113
31 8 97 98 95
32 8 139 140 137
33 8 182 183 180
34 8 192 193 191
35 8 190 191 189
36 8 173 174 172
37 8 135 136 133
38 8 106 107 104
39 8 122 123 120
40 8 173 175 172
41 8 198 200 198
42 8 203 204 203
43 8 202 205 204
44 8 195 197 197
17 9 155 139 127
18 9 172 160 150
19 9 181 175 169
20 9 177 175 172
21 9 140 140 138
22 9 64 64 62
23 9 19 19 19
24 9 50 50 48
25 9 141 141 138
26 9 182 182 179
27 9 187 187 184
28 9 167 168 165
29 9 95 96 94
30 9 24 24 23
31 9 28 29 28
32 9 111 112 110
33 9 177 177 175
34 9 193 193 191
35 9 188 189 187
36 9 145 147 146
37 9 56 57 56
38 9 12 12 12
39 9 58 60 58
40 9 151 153 151
41 9 195 197 195
42 9 203 204 202
43 9 202 204 203
44 9 198 200 200
17 10 50 47 43
18 10 142 134 125
19 10 175 169 162
20 10 180 177 172
21 10 150 150 147
22 10 112 112 110
23 10 99 99 96
24 10 137 138 135
25 10 173 174 171
26 10 187 188 185
27 10 188 189 186
28 10 179 180 178
29 10 149 151 149
30 10 120 121 119
31 10 135 137 135
32 10 172 173 171
33 10 191 192 190
34 10 196 197 194
35 10 193 194 193
36 10 173 175 174
37 10 142 144 143
38 10 127 129 127
39 10 154 156 154
40 10 184 186 185
41 10 199 201 199
42 10 202 203 201
43 10 201 202 201
44 10 191 193 193
18 11 55 52 49
19 11 116 111 106
20 11 174 169 164
21 11 181 178 174
22 11 176 175 172
23 11 176 176 173
24 11 183 183 180
25 11 189 189 186
26 11 192 191 189
27 11 192 192 189
28 11 190 190 188
29 11 187 188 185
30 11 184 185 182
31 11 188 189 186
32 11 194 195 193
33 11 197 198 195
34 11 198 199 196
35 11 197 198 196
36 11 195 196 194
37 11 193 194 192
38 11 192 193 192
39 11 195 197 195
40 11 199 200 198
41 11 197 198 196
42 11 187 188 186
43 11 191 192 191
44 11 187 189 188
18 12 51 50 46
19 12 44 43 41
20 12 101 97 92
21 12 171 167 161
22 12 189 186 182
23 12 192 191 187
24 12 192 192 189
25 12 193 192 189
26 12 193 193 190
27 12 194 193 191
28 12 194 194 191
29 12 195 195 192
30 12 196 196 193
31 12 197 197 194
32 12 198 198 196
33 12 198 198 196
34 12 199 200 197
35 12 200 201 198
36 12 200 201 199
37 12 202 203 201
38 12 201 202 200
39 12 201 202 200
40 12 188 189 187
41 12 145 147 144
42 12 127 128 125
43 12 182 183 180
44 12 186 188 186
45 12 194 196 195
18 13 52 50 47
19 13 44 43 40
20 13 26 26 24
21 13 91 89 86
22 13 172 168 162
23 13 192 188 184
24 13 194 193 189
25 13 193 193 189
26 13 194 194 191
27 13 196 195 193
28 13 196 195 193
29 13 197 197 194
30 13 197 197 194
31 13 198 198 196
32 13 198 199 196
33 13 199 199 197
34 13 200 200 198
35 13 201 201 199
36 13 202 202 200
37 13 201 202 200
38 13 200 201 199
39 13 188 189 187
40 13 127 129 127
41 13 31 32 31
42 13 87 87 84
43 13 176 177 174
44 13 183 184 183
45 13 193 194 193
18 14 53 51 48
19 14 49 48 45
20 14 33 32 31
21 14 36 37 36
22 14 89 89 86
23 14 168 163 158
24 14 192 189 184
25 14 195 194 190
26 14 195 195 191
27 14 196 196 193
28 14 197 197 194
29 14 197 198 195
30 14 197 198 195
31 14 199 200 197
32 14 200 200 198
33 14 201 201 199
34 14 201 202 199
35 14 202 202 200
36 14 199 200 198
37 14 188 189 187
38 14 180 182 180
39 14 165 167 166
40 14 61 63 62
41 14 33 33 32
42 14 127 127 123
43 14 177 177 174
44 14 179 180 178
45 14 190 192 190
19 15 55 53 50
20 15 50 49 47
21 15 37 37 36
22 15 54 54 52
23 15 81 81 78
24 15 162 158 153
25 15 192 188 183
26 15 196 194 191
27 15 197 197 194
28 15 197 197 195
29 15 198 199 196
30 15 199 199 196
31 15 200 200 198
32 15 200 201 198
33 15 201 202 200
34 15 200 201 199
35 15 196 197 195
36 15 167 169 166
37 15 111 112 110
38 15 128 131 129
39 15 155 158 157
40 15 86 88 87
41 15 120 120 117
42 15 166 166 162
43 15 180 179 176
44 15 177 177 175
45 15 187 188 186
19 16 57 54 50
20 16 58 57 54
21 16 53 53 51
22 16 56 56 54
23 16 61 61 59
24 16 66 66 64
25 16 152 149 144
26 16 191 188 182
27 16 197 195 191
28 16 199 198 195
29 16 199 199 196
30 16 200 200 198
31 16 201 201 198
32 16 200 201 199
33 16 200 200 198
34 16 194 195 193
35 16 163 164 162
36 16 74 75 73
37 16 18 18 18
38 16 111 113 112
39 16 168 170 168
40 16 159 160 157
41 16 167 167 164
42 16 174 174 170
43 16 176 175 171
44 16 169 169 165
45 16 184 184 182
19 17 56 52 48
20 17 58 56 52
21 17 59 59 56
22 17 59 59 57
23 17 60 60 58
24 17 61 61 59
25 17 61 61 59
26 17 147 145 140
27 17 190 186 180
28 17 198 195 190
29 17 199 198 195
30 17 200 200 196
31 17 198 198 195
32 17 192 192 190
33 17 179 180 178
34 17 174 176 174
35 17 131 134 132
36 17 17 17 17
37 17 66 67 65
38 17 151 151 148
39 17 178 178 175
40 17 178 178 175
41 17 175 175 171
42 17 172 171 166
43 17 170 169 164
44 17 164 163 158
45 17 179 178 175
20 18 57 55 51
21 18 60 59 56
22 18 60 60 58
23 18 59 59 57
24 18 60 60 58
25 18 61 61 59
26 18 61 62 59
27 18 130 127 122
28 18 185 181 175
29 18 196 192 186
30 18 195 194 191
31 18 182 182 179
32 18 137 138 135
33 18 97 98 96
34 18 141 144 142
35 18 127 131 129
36 18 90 92 89
37 18 142 143 140
38 18 174 174 171
39 18 177 177 174
40 18 177 176 173
41 18 172 171 166
42 18 167 165 160
43 18 164 162 156
44 18 161 160 154
45 18 171 170 165
20 19 56 52 48
21 19 59 57 54
22 19 60 59 57
23 19 60 60 57
24 19 60 60 57
25 19 59 60 57
26 19 61 61 59
27 19 62 62 60
28 19 122 121 117
29 19 184 180 174
30 19 176 175 171
31 19 116 116 113
32 19 30 31 29
33 19 46 47 46
34 19 144 146 144
35 19 170 171 169
36 19 164 164 161
37 19 174 174 170
38 19 177 177 174
39 19 175 175 172
40 19 171 170 166
41 19 156 155 150
42 19 133 131 125
43 19 147 145 139
44 19 154 152 147
45 19 167 165 161
20 20 54 49 45
21 20 57 54 50
22 20 59 59 56
23 20 59 59 56
24 20 60 60 57
25 20 59 59 57
26 20 59 60 57
27 20 61 61 59
28 20 97 98 95
29 20 176 172 166
30 20 161 160 156
31 20 53 53 51
32 20 23 23 22
33 20 108 109 106
34 20 169 170 167
35 20 181 181 178
36 20 180 180 177
37 20 177 176 173
38 20 176 176 172
39 20 171 171 167
40 20 156 156 152
41 20 102 102 97
42 20 53 52 48
43 20 133 130 124
44 20 148 145 140
45 20 161 159 154
20 21 45 39 35
21 21 54 49 45
22 21 57 55 52
23 21 59 58 56
24 21 59 58 56
25 21 59 59 57
26 21 59 59 57
27 21 60 60 57
28 21 78 79 76
29 21 168 165 160
30 21 152 151 146
31 21 86 86 84
32 21 112 113 110
33 21 160 160 157
34 21 179 179 176
35 21 179 179 176
36 21 177 177 174
37 21 173 173 169
38 21 167 167 163
39 21 159 159 155
40 21 117 117 113
41 21 22 22 21
42 21 62 60 56
43 21 133 130 123
44 21 133 128 122
45 21 151 147 141
21 22 47 42 38
22 22 53 51 48
23 22 58 56 53
24 22 59 58 56
25 22 58 58 56
26 22 58 58 56
27 22 59 59 57
28 22 61 61 59
29 22 161 159 155
30 22 174 172 168
31 22 162 162 159
32 22 170 170 167
33 22 177 177 174
34 22 179 179 176
35 22 178 177 174
36 22 172 172 168
37 22 153 154 150
38 22 124 124 120
39 22 132 132 129
40 22 103 103 100
41 22 63 61 57
42 22 117 113 107
43 22 134 128 122
44 22 116 109 101
45 22 138 129 122
22 23 47 45 42
23 23 54 52 49
24 23 57 56 53
25 23 57 57 55
26 23 57 57 55
27 23 56 56 54
28 23 59 59 57
29 23 147 146 142
30 23 181 178 173
31 23 180 179 176
32 23 180 180 177
33 23 179 179 176
34 23 177 176 173
35 23 174 174 171
36 23 153 153 149
37 23 89 89 86
38 23 40 40 38
39 23 118 118 114
40 23 133 132 127
41 23 129 126 120
42 23 131 126 119
43 23 106 100 94
23 24 48 46 43
24 24 53 51 49
25 24 56 55 52
26 24 53 52 50
27 24 47 47 45
28 24 54 54 52
29 24 120 119 115
30 24 178 174 168
31 24 180 180 176
32 24 179 178 175
33 24 175 174 171
34 24 171 171 168
35 24 165 165 162
36 24 113 113 110
37 24 14 14 14
38 24 72 71 68
39 24 139 137 132
40 24 146 143 137
41 24 129 124 118
42 24 48 46 42
24 25 47 45 42
25 25 53 51 48
26 25 52 51 48
27 25 34 33 32
28 25 39 39 37
29 25 92 92 88
30 25 172 168 163
31 25 177 176 172
32 25 172 171 169
33 25 151 151 148
34 25 133 132 129
35 25 143 143 140
36 25 110 111 108
37 25 79 78 74
38 25 128 126 120
39 25 144 141 135
40 25 130 126 119
41 25 46 44 40
25 26 46 44 41
26 26 49 47 44
27 26 37 36 34
28 26 22 22 21
29 26 66 66 63
30 26 166 162 157
31 26 173 171 167
32 26 143 143 140
33 26 71 72 69
34 26 55 55 53
35 26 134 133 130
36 26 145 144 141
37 26 139 137 132
38 26 137 134 128
39 26 121 117 111
26 27 44 42 39
27 27 42 40 38
28 27 29 28 27
29 27 40 40 38
30 27 148 146 141
31 27 156 154 149
32 27 81 81 78
33 27 11 11 10
34 27 93 92 89
35 27 151 149 145
36 27 153 151 146
37 27 139 135 130
38 27 51 49 46
27 28 40 38 35
28 28 38 36 34
29 28 37 36 33
30 28 126 122 117
31 28 136 130 124
32 28 63 62 59
33 28 90 89 85
34 28 138 136 131
35 28 148 145 140
36 28 133 130 124
37 28 48 45 42
28 29 40 38 35
29 29 43 41 38
30 29 103 99 94
31 29 150 143 136
32 29 139 136 131
33 29 143 140 135
34 29 140 137 132
35 29 117 113 107
29 30 40 38 35
30 30 94 89 83
31 30 152 143 134
32 30 153 147 141
33 30 139 135 129
34 30 50 48 45
30 31 93 86 80
31 31 149 136 125
32 31 123 114 105
33 31 46 41 37
