34 0 162 155 145
33 1 180 179 176
34 1 181 178 172
35 1 174 167 159
31 2 168 166 163
32 2 168 167 164
33 2 191 191 189
34 2 188 188 185
35 2 182 179 173
36 2 178 172 165
30 3 155 154 150
31 3 164 163 160
32 3 190 190 188
33 3 193 194 192
34 3 175 176 174
35 3 163 163 159
36 3 177 173 168
37 3 181 173 167
29 4 143 141 137
30 4 156 154 150
31 4 187 186 184
32 4 198 199 197
33 4 194 195 192
34 4 156 157 154
35 4 82 83 81
36 4 152 151 147
37 4 180 175 170
38 4 182 171 164
28 5 141 140 136
29 5 149 148 145
30 5 181 181 179
31 5 200 200 198
32 5 199 200 197
33 5 197 197 195
34 5 181 182 179
35 5 113 114 112
36 5 83 83 81
37 5 163 161 157
38 5 182 177 172
39 5 181 170 162
27 6 137 136 132
28 6 145 143 139
29 6 172 172 169
30 6 199 200 198
31 6 201 202 200
32 6 200 200 198
33 6 198 199 196
34 6 194 194 192
35 6 174 175 173
36 6 124 125 122
37 6 163 163 160
38 6 183 181 178
39 6 184 179 174
40 6 182 169 162
26 7 122 121 117
27 7 136 135 132
28 7 162 162 159
29 7 197 198 196
30 7 201 202 201
31 7 191 192 190
32 7 190 192 189
33 7 196 197 194
34 7 196 196 194
35 7 192 193 190
36 7 181 182 179
37 7 182 183 181
38 7 185 185 182
39 7 184 182 178
40 7 181 176 171
41 7 180 167 159
25 8 107 106 102
26 8 126 125 122
27 8 150 150 147
28 8 187 188 187
29 8 201 203 201
30 8 196 198 196
31 8 143 145 143
32 8 126 129 127
33 8 174 175 172
34 8 194 195 192
35 8 194 194 192
36 8 190 190 188
37 8 188 188 186
38 8 187 187 185
39 8 186 186 183
40 8 183 181 177
41 8 180 174 169
24 9 112 111 108
25 9 128 128 125
26 9 143 142 139
27 9 157 156 154
28 9 177 180 179
29 9 201 203 203
30 9 199 201 199
31 9 149 151 149
32 9 33 34 33
33 9 106 108 106
34 9 180 181 179
35 9 192 193 190
36 9 172 173 171
37 9 160 161 159
38 9 179 180 177
39 9 186 186 183
40 9 183 183 180
41 9 180 177 173
42 9 176 169 164
22 10 48 47 44
23 10 115 114 111
24 10 126 125 122
25 10 149 148 146
26 10 153 153 151
27 10 131 132 130
28 10 100 101 100
29 10 177 180 180
30 10 200 202 201
31 10 181 183 182
32 10 97 98 96
33 10 56 58 57
34 10 162 163 161
35 10 190 191 188
36 10 156 157 154
37 10 65 66 64
38 10 132 134 131
39 10 178 179 176
40 10 181 182 179
41 10 165 165 162
42 10 165 162 158
43 10 171 162 157
22 11 118 117 113
23 11 132 131 128
24 11 152 151 149
25 11 157 156 154
26 11 123 124 121
27 11 67 68 66
28 11 58 59 57
29 11 97 99 97
30 11 179 181 181
31 11 198 200 199
32 11 177 179 176
33 11 145 146 143
34 11 168 169 167
35 11 190 190 188
36 11 179 180 177
37 11 110 110 107
38 11 50 51 50
39 11 151 152 150
40 11 178 179 176
41 11 137 137 135
42 11 110 109 107
43 11 152 147 142
44 11 170 162 156
21 12 134 133 129
22 12 145 144 140
23 12 158 157 155
24 12 154 154 152
25 12 111 112 109
26 12 48 49 47
27 12 17 18 17
28 12 15 16 15
29 12 35 35 34
30 12 95 96 94
31 12 179 181 180
32 12 200 201 200
33 12 194 194 192
34 12 191 190 188
35 12 193 193 190
36 12 190 190 187
37 12 165 165 162
38 12 107 107 105
39 12 143 144 141
40 12 179 179 177
41 12 157 157 154
42 12 63 63 61
43 12 112 110 107
44 12 165 160 155
45 12 167 158 151
20 13 144 143 139
21 13 141 140 136
22 13 161 161 158
23 13 152 151 149
24 13 99 101 98
25 13 58 59 57
26 13 22 22 22
27 13 2 2 2
28 13 1 1 1
29 13 8 8 7
30 13 42 42 40
31 13 105 106 103
32 13 178 180 178
33 13 199 200 199
34 13 197 197 194
35 13 194 193 190
36 13 192 192 189
37 13 187 187 185
38 13 176 176 173
39 13 171 171 168
40 13 181 181 178
41 13 178 177 174
42 13 137 136 133
43 13 90 89 87
44 13 154 152 148
45 13 168 161 155
46 13 161 149 141
19 14 151 150 145
20 14 151 150 146
21 14 160 160 156
22 14 147 147 144
23 14 81 82 80
24 14 51 51 50
25 14 50 52 50
26 14 32 34 33
27 14 7 8 8
28 14 1 1 1
29 14 2 2 2
30 14 27 27 26
31 14 65 64 62
32 14 107 108 105
33 14 179 181 179
34 14 200 200 199
35 14 197 196 194
36 14 193 192 190
37 14 190 190 187
38 14 187 188 185
39 14 184 185 182
40 14 185 185 182
41 14 184 183 181
42 14 176 175 172
43 14 157 156 152
44 14 163 161 158
45 14 171 167 163
46 14 168 162 156
18 15 156 155 151
19 15 147 146 142
20 15 156 156 153
21 15 137 138 136
22 15 67 68 66
23 15 26 26 25
24 15 18 18 18
25 15 26 27 27
26 15 39 40 40
27 15 30 31 31
28 15 10 11 10
29 15 16 16 15
30 15 37 38 36
31 15 59 59 56
32 15 65 65 62
33 15 99 99 96
34 15 178 178 176
35 15 199 200 198
36 15 196 195 193
37 15 191 190 188
38 15 183 184 181
39 15 172 173 170
40 15 177 177 175
41 15 184 183 180
42 15 183 182 179
43 15 180 179 175
44 15 176 175 171
45 15 173 170 166
17 16 144 142 138
18 16 147 147 143
19 16 152 152 148
20 16 128 129 126
21 16 72 73 71
22 16 37 38 36
23 16 6 6 6
24 16 1 1 1
25 16 3 3 3
26 16 25 26 26
27 16 46 47 46
28 16 44 44 43
29 16 45 46 44
30 16 52 52 50
31 16 57 57 55
32 16 59 59 56
33 16 61 60 57
34 16 102 102 99
35 16 179 179 176
36 16 197 197 195
37 16 194 193 191
38 16 179 178 175
39 16 125 125 123
40 16 126 126 124
41 16 173 172 169
42 16 183 181 178
43 16 181 180 176
44 16 178 176 172
45 16 176 174 169
17 17 145 144 141
18 17 147 147 143
19 17 113 114 111
20 17 59 60 58
21 17 48 49 47
22 17 40 42 41
23 17 17 18 17
24 17 1 1 1
25 17 1 1 0
26 17 18 19 18
27 17 48 48 47
28 17 58 58 56
29 17 58 58 56
30 17 59 58 56
31 17 58 58 55
32 17 58 58 55
33 17 62 61 58
34 17 67 65 62
35 17 110 109 105
36 17 176 175 172
37 17 195 195 192
38 17 184 184 181
39 17 121 120 117
40 17 30 30 29
41 17 131 130 127
42 17 178 176 172
43 17 181 179 175
44 17 178 176 171
45 17 178 175 171
16 18 149 143 135
17 18 133 129 122
18 18 103 103 99
19 18 44 45 43
20 18 15 15 14
21 18 15 16 15
22 18 25 26 26
23 18 32 33 33
24 18 21 21 21
25 18 16 16 16
26 18 33 33 32
27 18 52 52 50
28 18 59 59 56
29 18 60 60 58
30 18 59 59 56
31 18 59 59 56
32 18 60 59 56
33 18 60 58 55
34 18 64 63 59
35 18 69 68 64
36 18 115 113 108
37 18 176 175 171
38 18 190 190 187
39 18 162 162 158
40 18 79 77 74
41 18 84 83 81
42 18 168 166 162
43 18 181 179 174
44 18 179 176 171
16 19 66 60 52
17 19 86 81 74
18 19 59 58 54
19 19 28 28 27
20 19 2 2 2
21 19 1 1 1
22 19 8 8 8
23 19 36 37 36
24 19 50 51 49
25 19 49 49 47
26 19 53 53 51
27 19 58 58 55
28 19 60 59 57
29 19 60 60 57
30 19 59 59 56
31 19 60 60 57
32 19 58 58 55
33 19 58 57 54
34 19 54 53 50
35 19 52 51 48
36 19 53 51 48
37 19 105 103 98
38 19 174 173 168
39 19 184 183 179
40 19 158 157 152
41 19 122 120 115
42 19 165 163 158
43 19 180 177 172
44 19 179 176 171
17 20 61 57 51
18 20 57 54 50
19 20 42 41 38
20 20 17 17 17
21 20 2 2 2
22 20 9 9 9
23 20 37 37 36
24 20 58 58 56
25 20 60 60 58
26 20 60 60 58
27 20 61 60 58
28 20 60 60 58
29 20 60 59 57
30 20 59 59 56
31 20 58 58 55
32 20 57 57 54
33 20 53 52 50
34 20 36 36 33
35 20 20 20 19
36 20 18 18 16
37 20 37 36 33
38 20 104 102 97
39 20 173 172 167
40 20 185 183 178
41 20 176 174 169
42 20 178 176 171
43 20 180 178 173
44 20 178 175 169
18 21 57 52 47
19 21 52 49 45
20 21 44 43 40
21 21 31 31 30
22 21 33 33 32
23 21 48 48 47
24 21 59 59 57
25 21 62 61 59
26 21 61 61 59
27 21 60 60 58
28 21 60 60 57
29 21 59 59 56
30 21 58 58 55
31 21 57 57 54
32 21 54 54 52
33 21 45 45 43
34 21 17 16 16
35 21 1 1 1
37 21 10 9 9
38 21 45 43 40
39 21 107 105 100
40 21 171 169 164
41 21 184 182 177
42 21 182 180 175
43 21 180 177 172
19 22 58 53 48
20 22 59 56 52
21 22 57 56 53
22 22 57 57 55
23 22 59 59 57
24 22 62 62 59
25 22 61 61 59
26 22 61 61 59
27 22 61 60 58
28 22 59 59 57
29 22 57 57 55
30 22 50 50 47
31 22 43 43 41
32 22 40 40 38
33 22 41 41 39
34 22 25 25 24
35 22 4 4 4
37 22 3 3 2
38 22 28 27 25
39 22 53 51 47
40 22 109 106 100
41 22 164 160 154
42 22 178 175 170
43 22 182 180 174
20 23 60 55 49
21 23 60 57 53
22 23 61 60 56
23 23 62 61 59
24 23 61 61 59
25 23 61 61 59
26 23 61 61 59
27 23 60 60 57
28 23 60 59 57
29 23 54 54 52
30 23 34 34 32
31 23 14 14 13
32 23 9 9 8
33 23 22 22 21
34 23 36 36 34
35 23 26 26 25
36 23 13 13 12
37 23 17 17 15
38 23 36 35 33
39 23 52 50 46
40 23 57 54 49
41 23 95 87 80
42 23 157 150 143
21 24 59 54 49
22 24 61 57 53
23 24 62 60 57
24 24 62 61 59
25 24 61 61 59
26 24 59 59 57
27 24 58 58 56
28 24 56 56 54
29 24 51 51 49
30 24 26 26 25
31 24 3 3 3
32 24 1 1 1
33 24 4 4 3
34 24 29 29 27
35 24 46 45 43
36 24 42 41 38
37 24 44 43 40
38 24 50 48 45
39 24 53 50 46
40 24 48 45 41
41 24 46 43 39
22 25 59 54 49
23 25 60 56 52
24 25 61 59 56
25 25 61 60 58
26 25 52 52 50
27 25 38 39 37
28 25 34 34 32
29 25 38 38 36
30 25 37 37 36
31 25 19 19 18
32 25 3 3 3
33 25 5 5 5
34 25 28 28 26
35 25 49 48 45
36 25 53 52 48
37 25 51 49 45
38 25 52 48 45
39 25 49 45 42
40 25 46 43 39
23 26 59 54 49
24 26 60 57 52
25 26 58 57 54
26 26 41 41 39
27 26 11 11 11
28 26 4 4 3
29 26 10 10 9
30 26 31 31 30
31 26 42 42 41
32 26 30 30 29
33 26 31 30 29
34 26 44 43 41
35 26 52 50 47
36 26 52 50 47
37 26 52 49 45
38 26 51 48 44
24 27 59 54 49
25 27 56 53 49
26 27 41 39 36
27 27 11 11 10
28 27 1 1 1
29 27 2 2 2
30 27 23 23 22
31 27 50 49 47
32 27 53 52 50
33 27 52 51 48
34 27 53 51 48
35 27 51 49 46
36 27 51 49 45
25 28 55 50 44
26 28 46 41 37
27 28 31 28 25
28 28 19 18 17
29 28 14 14 13
30 28 33 33 31
31 28 51 50 48
32 28 55 54 51
33 28 54 52 48
34 28 52 50 46
35 28 51 49 45
26 29 51 45 40
27 29 50 45 41
28 29 50 46 43
29 29 47 45 42
30 29 52 51 48
31 29 54 52 49
32 29 54 51 48
33 29 52 50 46
27 30 51 45 40
28 30 55 48 43
29 30 54 49 44
30 30 54 50 46
31 30 53 50 46
32 30 51 48 45
29 31 51 42 36
30 31 54 47 42
