29 0 183 187 185
30 0 188 192 190
28 1 187 189 188
29 1 192 194 192
30 1 194 195 193
31 1 194 196 194
32 1 193 195 193
27 2 190 192 190
28 2 194 192 190
29 2 200 190 188
30 2 201 192 190
31 2 197 195 193
32 2 196 196 194
33 2 194 196 194
34 2 195 196 194
26 3 189 191 189
27 3 193 193 191
28 3 198 191 189
29 3 206 174 171
30 3 208 167 165
31 3 205 184 182
32 3 200 191 190
33 3 197 195 193
34 3 197 197 195
35 3 197 198 196
25 4 188 190 188
26 4 193 192 190
27 4 198 186 184
28 4 201 182 181
29 4 204 182 181
30 4 209 159 159
31 4 211 148 148
32 4 209 168 167
33 4 206 179 178
34 4 202 190 188
35 4 201 197 195
36 4 199 199 197
37 4 198 200 198
24 5 189 190 188
25 5 192 191 189
26 5 198 187 185
27 5 203 169 167
28 5 206 157 157
29 5 206 162 162
30 5 207 160 162
31 5 209 153 154
32 5 210 135 134
33 5 210 144 143
34 5 209 165 163
35 5 206 188 186
36 5 200 199 197
37 5 198 200 197
38 5 198 200 198
39 5 198 200 198
23 6 188 189 187
24 6 192 192 190
25 6 196 188 186
26 6 202 170 169
27 6 204 158 158
28 6 204 171 173
29 6 205 163 165
30 6 206 156 157
31 6 206 168 168
32 6 204 177 176
33 6 204 185 183
34 6 202 190 188
35 6 201 195 192
36 6 198 199 196
37 6 198 200 197
38 6 198 201 198
39 6 200 202 200
40 6 201 203 200
41 6 201 203 200
22 7 187 188 186
23 7 191 189 187
24 7 195 185 184
25 7 199 171 170
26 7 202 147 147
27 7 204 154 154
28 7 204 167 169
29 7 202 173 174
30 7 199 185 184
31 7 197 189 188
32 7 195 193 191
33 7 194 195 193
34 7 195 197 194
35 7 197 198 196
36 7 197 199 196
37 7 198 200 197
38 7 199 200 198
39 7 199 201 198
40 7 200 202 199
41 7 202 204 201
42 7 201 203 200
43 7 199 199 195
21 8 186 187 185
22 8 190 189 187
23 8 194 181 179
24 8 198 166 164
25 8 199 162 162
26 8 200 146 146
27 8 202 152 152
28 8 198 180 180
29 8 195 186 184
30 8 191 190 188
31 8 188 189 186
32 8 188 190 188
33 8 192 195 192
34 8 194 197 194
35 8 195 198 195
36 8 197 199 196
37 8 198 200 197
38 8 199 200 198
39 8 200 202 199
40 8 201 202 199
41 8 202 203 200
42 8 202 203 200
43 8 201 200 195
44 8 190 184 176
20 9 186 186 184
21 9 188 186 183
22 9 192 182 180
23 9 195 163 160
24 9 198 146 145
25 9 197 170 170
26 9 196 173 173
27 9 197 177 176
28 9 193 187 185
29 9 183 184 182
30 9 170 172 170
31 9 153 155 153
32 9 152 155 152
33 9 176 179 176
34 9 191 194 191
35 9 196 198 195
36 9 197 199 196
37 9 198 200 197
38 9 199 200 197
39 9 199 201 198
40 9 200 202 199
41 9 201 203 200
42 9 201 201 197
43 9 198 195 188
44 9 186 180 170
19 10 184 184 181
20 10 187 185 182
21 10 190 180 177
22 10 193 153 151
23 10 194 118 116
24 10 196 112 111
25 10 197 150 150
26 10 195 168 168
27 10 192 183 181
28 10 187 187 185
29 10 162 164 162
30 10 105 108 105
31 10 53 55 53
32 10 54 56 55
33 10 128 132 129
34 10 183 186 183
35 10 195 197 194
36 10 197 199 196
37 10 198 199 196
38 10 199 200 197
39 10 199 200 197
40 10 200 201 198
41 10 200 201 198
42 10 199 198 193
43 10 194 190 182
44 10 172 168 161
45 10 181 176 168
18 11 182 181 177
19 11 185 182 179
20 11 188 174 171
21 11 190 155 152
22 11 191 115 113
23 11 193 93 91
24 11 193 95 94
25 11 196 141 141
26 11 194 177 176
27 11 189 187 185
28 11 184 185 183
29 11 150 152 150
30 11 50 52 50
31 11 3 3 3
32 11 14 15 15
33 11 105 109 107
34 11 180 183 180
35 11 194 196 193
36 11 196 198 195
37 11 198 199 196
38 11 199 200 197
39 11 198 199 196
40 11 199 200 197
41 11 199 198 193
42 11 194 191 184
43 11 182 179 174
44 11 150 148 144
45 11 177 175 170
17 12 174 170 164
18 12 180 178 173
19 12 184 179 175
20 12 188 165 160
21 12 190 139 136
22 12 191 124 125
23 12 192 103 103
24 12 191 94 93
25 12 194 134 134
26 12 192 179 178
27 12 189 189 186
28 12 185 187 184
29 12 162 164 162
30 12 96 99 96
31 12 66 69 67
32 12 81 83 82
33 12 155 158 155
34 12 189 192 189
35 12 195 197 194
36 12 196 198 195
37 12 198 199 196
38 12 198 199 196
39 12 199 200 197
40 12 197 197 193
41 12 194 191 185
42 12 171 168 163
43 12 151 151 147
44 12 145 143 139
17 13 156 149 142
18 13 169 165 159
19 13 180 177 172
20 13 184 173 168
21 13 188 156 152
22 13 191 128 125
23 13 191 121 120
24 13 191 122 121
25 13 192 137 135
26 13 191 179 177
27 13 189 189 187
28 13 189 190 187
29 13 183 185 182
30 13 166 168 166
31 13 164 166 164
32 13 170 172 170
33 13 187 189 186
34 13 193 195 192
35 13 195 196 193
36 13 196 198 194
37 13 197 198 195
38 13 197 198 195
39 13 198 198 194
40 13 194 192 186
41 13 178 175 169
42 13 117 116 113
43 13 157 157 154
44 13 150 150 145
17 14 44 39 35
18 14 103 98 92
19 14 155 151 145
20 14 178 175 170
21 14 183 176 172
22 14 188 164 160
23 14 191 148 145
24 14 191 133 132
25 14 192 137 135
26 14 190 178 175
27 14 188 188 186
28 14 190 191 188
29 14 190 191 189
30 14 189 190 188
31 14 190 192 189
32 14 192 193 191
33 14 194 195 192
34 14 194 196 192
35 14 195 197 193
36 14 196 197 194
37 14 196 197 194
38 14 196 197 193
39 14 194 192 187
40 14 188 185 180
41 14 131 130 126
42 14 139 139 136
43 14 168 169 166
44 14 148 147 143
18 15 49 45 42
19 15 57 53 50
20 15 131 128 123
21 15 170 168 164
22 15 182 179 175
23 15 186 175 172
24 15 190 160 157
25 15 192 148 145
26 15 190 177 175
27 15 189 188 186
28 15 189 190 187
29 15 190 191 188
30 15 190 192 189
31 15 192 193 190
32 15 192 194 191
33 15 194 195 192
34 15 193 195 192
35 15 195 197 193
36 15 196 197 193
37 15 195 196 192
38 15 195 193 188
39 15 193 190 184
40 15 173 172 169
41 15 137 138 135
42 15 166 167 164
43 15 167 167 164
44 15 142 141 136
18 16 52 48 45
19 16 45 43 40
20 16 27 25 24
21 16 95 92 87
22 16 161 159 154
23 16 181 180 176
24 16 186 181 177
25 16 189 174 171
26 16 189 181 178
27 16 188 188 185
28 16 190 190 187
29 16 190 191 188
30 16 191 192 189
31 16 192 193 190
32 16 193 194 191
33 16 194 195 192
34 16 194 195 192
35 16 195 196 192
36 16 195 195 191
37 16 195 193 188
38 16 194 190 184
39 16 187 185 182
40 16 170 170 167
41 16 167 168 164
42 16 171 171 168
43 16 160 160 157
44 16 140 138 134
18 17 57 53 50
19 17 54 52 49
20 17 41 40 38
21 17 21 21 20
22 17 66 64 60
23 17 145 143 138
24 17 177 175 171
25 17 185 184 180
26 17 187 187 183
27 17 189 189 186
28 17 190 190 187
29 17 190 191 187
30 17 191 192 189
31 17 192 193 190
32 17 193 193 190
33 17 193 194 191
34 17 194 195 191
35 17 195 195 191
36 17 194 192 187
37 17 193 189 182
38 17 190 187 183
39 17 180 180 177
40 17 174 175 172
41 17 170 171 168
42 17 166 166 163
43 17 154 154 150
44 17 130 128 124
19 18 58 56 54
20 18 57 56 54
21 18 45 44 42
22 18 35 35 34
23 18 48 47 44
24 18 120 118 112
25 18 167 166 161
26 18 184 184 180
27 18 187 188 184
28 18 189 189 186
29 18 191 191 188
30 18 191 192 188
31 18 192 193 190
32 18 192 193 189
33 18 193 194 190
34 18 194 194 190
35 18 194 192 187
36 18 192 187 181
37 18 189 186 181
38 18 180 179 176
39 18 176 176 173
40 18 172 172 169
41 18 167 168 165
42 18 162 163 160
43 18 148 148 145
44 18 121 119 116
19 19 56 56 54
20 19 59 59 56
21 19 57 57 55
22 19 52 52 50
23 19 53 52 50
24 19 56 55 53
25 19 84 81 77
26 19 154 152 146
27 19 181 180 175
28 19 187 187 183
29 19 190 190 187
30 19 191 191 188
31 19 192 192 189
32 19 192 193 189
33 19 193 193 189
34 19 192 191 186
35 19 191 186 180
36 19 190 186 181
37 19 180 179 175
38 19 177 176 173
39 19 171 172 168
40 19 167 167 164
41 19 163 163 160
42 19 155 155 152
43 19 126 126 123
44 19 117 116 113
20 20 57 57 55
21 20 53 53 51
22 20 50 50 48
23 20 55 55 53
24 20 59 59 56
25 20 58 57 54
26 20 56 55 52
27 20 127 124 119
28 20 170 169 164
29 20 187 186 182
30 20 190 190 186
31 20 191 191 187
32 20 191 191 186
33 20 192 190 185
34 20 190 185 178
35 20 189 184 178
36 20 181 180 176
37 20 175 174 171
38 20 173 172 169
39 20 168 168 165
40 20 163 163 160
41 20 157 157 154
42 20 138 138 135
43 20 58 59 57
20 21 53 54 52
21 21 51 51 49
22 21 36 36 35
23 21 42 42 41
24 21 57 57 55
25 21 60 60 57
26 21 59 58 56
27 21 50 50 47
28 21 80 78 74
29 21 153 151 145
30 21 182 180 175
31 21 189 188 183
32 21 190 187 182
33 21 189 183 176
34 21 188 181 174
35 21 183 180 176
36 21 175 174 171
37 21 172 171 168
38 21 168 168 165
39 21 163 163 160
40 21 159 159 155
41 21 143 144 141
42 21 57 57 55
21 22 51 51 49
22 22 42 42 41
23 22 34 35 34
24 22 46 46 45
25 22 59 59 57
26 22 61 60 58
27 22 56 55 53
28 22 37 37 35
29 22 31 30 29
30 22 124 119 113
31 22 173 167 160
32 22 184 176 168
33 22 184 174 166
34 22 182 178 173
35 22 177 176 172
36 22 170 170 166
37 22 168 168 164
38 22 163 163 160
39 22 160 159 156
40 22 149 149 146
41 22 102 103 100
22 23 47 47 45
23 23 43 44 42
24 23 45 46 44
25 23 56 57 56
26 23 61 61 60
27 23 60 60 58
28 23 54 54 52
29 23 35 35 33
30 23 23 22 21
31 23 87 80 75
32 23 161 149 139
33 23 179 172 165
34 23 176 174 170
35 23 172 171 167
36 23 166 166 162
37 23 160 159 156
38 23 155 155 152
39 23 152 151 148
40 23 117 117 114
41 23 54 55 53
24 24 52 52 51
25 24 57 58 57
26 24 61 61 59
27 24 61 61 59
28 24 60 60 58
29 24 56 55 53
30 24 43 42 41
31 24 38 38 36
32 24 145 137 130
33 24 169 166 160
34 24 172 170 166
35 24 167 166 162
36 24 152 152 149
37 24 138 138 135
38 24 148 147 144
39 24 126 125 122
40 24 56 55 54
25 25 56 57 55
26 25 61 62 60
27 25 61 62 60
28 25 58 58 57
29 25 53 53 52
30 25 57 57 55
31 25 55 55 53
32 25 136 130 124
33 25 165 161 156
34 25 167 165 160
35 25 155 154 150
36 25 109 108 105
37 25 128 127 124
38 25 133 132 129
39 25 54 54 52
27 26 59 59 57
28 26 56 57 55
29 26 43 43 42
30 26 41 41 40
31 26 55 55 53
32 26 117 111 106
33 26 159 155 149
34 26 158 156 151
35 26 122 121 117
36 26 92 91 88
37 26 122 122 118
38 26 49 48 47
28 27 56 57 55
29 27 47 47 46
30 27 32 32 31
31 27 36 36 35
32 27 91 88 84
33 27 155 150 144
34 27 145 142 137
35 27 100 98 94
36 27 113 112 108
37 27 94 93 91
29 28 48 48 47
30 28 44 45 43
31 28 39 39 37
32 28 57 56 54
33 28 147 142 136
34 28 138 134 129
35 28 122 119 113
36 28 97 94 91
37 28 45 44 42
31 29 49 49 47
32 29 53 53 51
33 29 131 128 123
34 29 136 131 125
35 29 109 105 99
36 29 46 44 41
32 30 52 51 49
33 30 136 132 127
34 30 117 112 106
35 30 44 41 38
34 31 51 48 45
