32 0 180 175 168
33 0 181 174 164
34 0 175 166 154
31 1 190 190 187
32 1 191 190 187
33 1 191 188 182
34 1 188 182 173
35 1 181 173 163
29 2 188 189 187
30 2 192 193 191
31 2 192 193 191
32 2 189 189 187
33 2 188 188 184
34 2 193 190 185
35 2 191 185 179
36 2 188 177 168
27 3 189 189 187
28 3 191 192 190
29 3 192 193 190
30 3 187 188 186
31 3 168 169 167
32 3 134 135 133
33 3 143 144 141
34 3 184 184 181
35 3 195 192 187
36 3 195 187 181
25 4 186 187 184
26 4 190 191 188
27 4 192 192 190
28 4 193 194 192
29 4 190 191 189
30 4 159 161 158
31 4 79 80 79
32 4 21 21 21
33 4 39 40 39
34 4 145 146 144
35 4 191 191 188
36 4 196 192 188
37 4 195 187 180
23 5 184 184 181
24 5 188 189 186
25 5 190 191 189
26 5 193 193 191
27 5 193 193 191
28 5 194 194 192
29 5 191 192 190
30 5 166 167 164
31 5 73 74 72
32 5 17 17 17
33 5 72 72 71
34 5 149 149 147
35 5 190 190 187
36 5 197 196 193
37 5 196 192 187
38 5 195 186 178
22 6 186 187 185
23 6 188 189 186
24 6 191 192 190
25 6 193 193 191
26 6 193 193 190
27 6 193 193 191
28 6 193 194 191
29 6 192 193 191
30 6 186 187 185
31 6 155 155 153
32 6 133 134 132
33 6 167 168 165
34 6 187 187 185
35 6 195 195 193
36 6 197 197 194
37 6 197 195 192
38 6 196 190 185
39 6 197 186 178
20 7 183 184 182
21 7 186 187 185
22 7 186 188 185
23 7 185 186 184
24 7 188 189 187
25 7 190 191 188
26 7 192 192 190
27 7 192 193 191
28 7 192 193 190
29 7 192 192 190
30 7 192 193 190
31 7 189 189 187
32 7 187 188 185
33 7 191 192 190
34 7 194 195 192
35 7 196 196 194
36 7 197 197 195
37 7 198 197 195
38 7 197 195 192
39 7 197 191 186
40 7 196 186 178
18 8 178 180 179
19 8 185 187 185
20 8 186 188 186
21 8 181 183 181
22 8 160 162 160
23 8 135 137 135
24 8 149 152 150
25 8 173 174 172
26 8 189 190 187
27 8 192 192 189
28 8 191 191 189
29 8 189 190 187
30 8 187 188 186
31 8 188 189 187
32 8 191 192 189
33 8 194 194 192
34 8 195 195 193
35 8 196 196 193
36 8 197 197 194
37 8 197 197 195
38 8 197 197 194
39 8 198 195 192
40 8 197 190 185
41 8 196 185 178
17 9 155 155 153
18 9 178 180 179
19 9 188 191 189
20 9 186 188 186
21 9 149 151 149
22 9 67 69 68
23 9 23 23 23
24 9 51 53 53
25 9 138 140 138
26 9 184 185 182
27 9 191 191 189
28 9 185 185 183
29 9 163 164 162
30 9 135 137 134
31 9 146 148 146
32 9 170 172 170
33 9 191 192 190
34 9 194 195 192
35 9 195 196 193
36 9 196 196 193
37 9 193 193 190
38 9 189 189 187
39 9 193 192 189
40 9 196 193 189
41 9 197 190 184
42 9 195 183 175
18 10 168 171 170
19 10 186 188 187
20 10 182 184 182
21 10 130 132 129
22 10 36 36 35
23 10 7 7 7
24 10 59 61 60
25 10 150 152 150
26 10 184 185 182
27 10 187 187 185
28 10 165 166 163
29 10 89 90 88
30 10 19 20 19
31 10 28 29 29
32 10 106 108 107
33 10 179 180 178
34 10 194 194 192
35 10 194 195 192
36 10 183 184 181
37 10 150 150 148
38 10 133 134 132
39 10 153 153 151
40 10 179 177 175
41 10 193 188 184
42 10 197 189 183
43 10 195 181 172
18 11 96 95 92
19 11 169 172 171
20 11 186 188 186
21 11 155 156 153
22 11 116 117 114
23 11 106 106 104
24 11 135 136 135
25 11 174 175 174
26 11 187 188 186
27 11 187 187 185
28 11 164 165 162
29 11 78 78 75
30 11 1 1 1
31 11 26 26 25
32 11 104 106 104
33 11 175 176 174
34 11 193 193 191
35 11 190 190 188
36 11 158 159 156
37 11 62 62 60
38 11 25 25 25
39 11 48 49 48
40 11 138 137 135
41 11 189 186 184
42 11 197 192 187
43 11 196 186 178
18 12 45 45 43
19 12 109 110 108
20 12 176 178 177
21 12 186 187 184
22 12 178 178 175
23 12 176 176 173
24 12 177 178 175
25 12 185 185 183
26 12 188 188 185
27 12 186 187 184
28 12 173 173 170
29 12 137 138 135
30 12 92 92 89
31 12 108 107 104
32 12 155 155 152
33 12 185 185 183
34 12 193 193 190
35 12 189 189 186
36 12 145 145 142
37 12 32 32 31
38 12 3 3 3
39 12 27 27 27
40 12 128 128 127
41 12 189 188 185
42 12 198 195 191
43 12 195 187 181
44 12 190 176 167
19 13 44 44 42
20 13 133 135 133
21 13 186 187 186
22 13 190 190 187
23 13 187 186 182
24 13 186 186 183
25 13 186 186 183
26 13 187 187 184
27 13 187 188 185
28 13 184 185 182
29 13 180 180 178
30 13 173 173 170
31 13 174 173 170
32 13 182 182 179
33 13 190 189 187
34 13 192 191 189
35 13 191 191 188
36 13 176 176 173
37 13 117 117 113
38 13 92 92 89
39 13 104 104 102
40 13 160 159 157
41 13 191 190 188
42 13 197 194 190
43 13 190 183 177
44 13 180 167 158
45 13 167 153 142
19 14 41 40 39
20 14 54 54 51
21 14 161 163 161
22 14 191 191 189
23 14 189 188 185
24 14 187 186 183
25 14 187 187 184
26 14 186 186 183
27 14 186 186 183
28 14 186 186 183
29 14 185 186 184
30 14 185 186 183
31 14 188 188 186
32 14 190 190 187
33 14 191 191 188
34 14 192 191 188
35 14 193 192 189
36 14 191 190 187
37 14 182 181 178
38 14 179 178 175
39 14 178 177 174
40 14 189 188 184
41 14 193 190 187
42 14 182 178 173
43 14 156 150 144
44 14 158 151 143
45 14 172 162 153
20 15 37 36 35
21 15 84 84 82
22 15 176 177 174
23 15 190 190 188
24 15 188 187 184
25 15 186 186 183
26 15 185 185 182
27 15 180 180 177
28 15 172 173 170
29 15 169 170 168
30 15 173 174 171
31 15 186 186 184
32 15 189 188 186
33 15 190 190 187
34 15 191 190 187
35 15 193 192 189
36 15 193 192 189
37 15 193 192 188
38 15 193 192 189
39 15 193 191 188
40 15 187 185 181
41 15 160 156 151
42 15 113 109 104
43 15 122 118 113
44 15 157 152 145
45 15 171 165 157
20 16 39 38 36
21 16 41 40 38
22 16 127 127 125
23 16 187 188 186
24 16 190 190 187
25 16 187 187 184
26 16 181 181 178
27 16 154 154 151
28 16 115 115 112
29 16 85 85 83
30 16 112 113 111
31 16 172 172 169
32 16 188 187 184
33 16 191 189 186
34 16 191 190 186
35 16 193 191 187
36 16 193 191 187
37 16 193 191 188
38 16 192 190 186
39 16 178 176 171
40 16 125 122 116
41 16 63 61 57
42 16 62 60 57
43 16 119 116 110
44 16 152 147 140
45 16 166 160 153
20 17 46 44 42
21 17 38 37 35
22 17 49 48 46
23 17 161 161 159
24 17 190 190 187
25 17 187 187 183
26 17 173 172 169
27 17 107 106 103
28 17 28 28 27
29 17 5 5 5
30 17 31 32 30
31 17 143 143 140
32 17 184 183 180
33 17 190 188 184
34 17 191 189 185
35 17 191 190 185
36 17 192 190 186
37 17 186 184 180
38 17 160 158 154
39 17 100 97 93
40 17 31 30 28
41 17 48 48 46
42 17 94 93 88
43 17 127 124 118
44 17 154 150 143
21 18 46 44 42
22 18 49 48 46
23 18 74 74 72
24 18 173 172 169
25 18 187 187 183
26 18 172 172 168
27 18 107 106 102
28 18 12 12 11
29 18 6 6 6
30 18 54 54 52
31 18 153 153 149
32 18 184 183 179
33 18 189 187 183
34 18 190 188 184
35 18 188 186 182
36 18 172 170 166
37 18 145 144 140
38 18 115 115 111
39 18 72 71 69
40 18 76 76 73
41 18 105 104 100
42 18 119 117 112
43 18 125 122 116
44 18 151 146 140
22 19 43 42 39
23 19 42 41 39
24 19 120 119 116
25 19 181 180 176
26 19 180 178 174
27 19 157 155 151
28 19 104 102 98
29 19 86 84 80
30 19 128 126 121
31 19 173 171 167
32 19 186 184 179
33 19 188 186 182
34 19 182 181 177
35 19 157 157 153
36 19 136 136 132
37 19 131 130 127
38 19 121 120 117
39 19 113 113 110
40 19 115 115 111
41 19 121 120 115
42 19 117 116 111
43 19 123 120 115
44 19 149 144 138
22 20 46 45 42
23 20 42 41 38
24 20 48 47 45
25 20 151 149 145
26 20 184 182 178
27 20 182 180 176
28 20 169 167 162
29 20 167 165 160
30 20 178 176 171
31 20 185 184 179
32 20 181 180 177
33 20 161 161 157
34 20 134 134 130
35 20 132 132 129
36 20 130 130 126
37 20 127 127 124
38 20 127 126 123
39 20 123 123 119
40 20 121 120 116
41 20 108 107 102
42 20 101 100 96
43 20 112 110 105
44 20 137 132 126
23 21 47 45 43
24 21 48 47 44
25 21 65 63 60
26 21 166 164 159
27 21 185 184 179
28 21 184 181 177
29 21 184 182 177
30 21 182 181 177
31 21 166 166 163
32 21 119 119 116
33 21 96 96 94
34 21 123 123 120
35 21 128 128 125
36 21 128 128 125
37 21 127 126 123
38 21 124 124 120
39 21 119 119 115
40 21 99 98 94
41 21 62 62 58
42 21 66 65 62
43 21 107 102 97
44 21 138 129 122
24 22 50 48 46
25 22 38 37 35
26 22 106 103 99
27 22 177 175 171
28 22 184 183 179
29 22 179 179 176
30 22 141 143 140
31 22 75 76 74
32 22 35 35 34
33 22 89 91 89
34 22 123 123 121
35 22 129 128 125
36 22 125 125 122
37 22 124 123 120
38 22 121 121 118
39 22 100 100 97
40 22 55 55 52
41 22 42 40 38
42 22 87 82 78
43 22 95 88 82
44 22 136 121 113
24 23 53 51 48
25 23 43 42 39
26 23 29 27 26
27 23 134 133 129
28 23 159 160 157
29 23 122 124 121
30 23 50 51 50
31 23 35 36 36
32 23 86 87 86
33 23 119 120 118
34 23 128 127 125
35 23 126 125 122
36 23 124 123 120
37 23 123 123 120
38 23 115 115 112
39 23 85 84 82
40 23 71 68 65
41 23 70 65 61
42 23 85 77 72
43 23 55 49 45
25 24 45 43 40
26 24 35 34 32
27 24 52 51 48
28 24 130 131 129
29 24 102 104 102
30 24 87 89 88
31 24 106 108 106
32 24 122 123 121
33 24 126 126 124
34 24 124 124 121
35 24 123 123 120
36 24 122 122 119
37 24 120 120 117
38 24 117 115 112
39 24 104 100 96
40 24 82 76 72
41 24 46 42 40
26 25 41 39 37
27 25 34 32 30
28 25 128 130 127
29 25 124 126 123
30 25 124 126 123
31 25 127 128 125
32 25 125 125 123
33 25 116 116 113
34 25 112 112 110
35 25 118 118 115
36 25 119 118 115
37 25 118 116 112
38 25 105 100 96
39 25 84 79 75
40 25 58 53 49
26 26 41 39 36
27 26 40 38 36
28 26 113 113 110
29 26 130 131 128
30 26 128 129 126
31 26 120 120 118
32 26 95 96 93
33 26 67 67 65
34 26 89 89 87
35 26 114 112 109
36 26 115 111 107
37 26 103 99 94
38 26 61 58 55
27 27 43 41 39
28 27 56 54 52
29 27 127 128 125
30 27 120 121 118
31 27 83 83 81
32 27 39 39 38
33 27 58 59 58
34 27 103 101 98
35 27 105 101 97
36 27 94 89 84
27 28 51 49 47
28 28 43 41 39
29 28 122 122 119
30 28 106 106 104
31 28 66 66 64
32 28 75 75 72
33 28 87 85 81
34 28 97 93 88
35 28 58 54 51
28 29 44 41 39
29 29 124 124 121
30 29 114 113 110
31 29 101 100 96
32 29 90 88 84
33 29 103 99 94
29 30 94 91 87
30 30 104 101 96
31 30 82 79 75
32 30 57 54 50
30 31 56 53 50
