33 0 176 171 162
34 0 175 166 156
32 1 190 190 187
33 1 191 190 185
34 1 187 183 176
35 1 182 175 165
30 2 193 194 191
31 2 193 194 192
32 2 194 195 193
33 2 191 191 189
34 2 188 187 183
35 2 189 186 180
36 2 185 179 172
28 3 189 189 187
29 3 194 195 193
30 3 195 196 194
31 3 195 196 194
32 3 183 184 182
33 3 152 153 151
34 3 142 143 140
35 3 176 176 173
36 3 189 186 182
37 3 190 182 176
27 4 193 194 192
28 4 196 197 194
29 4 197 198 195
30 4 196 197 195
31 4 190 190 188
32 4 150 151 149
33 4 52 53 52
34 4 27 28 27
35 4 110 112 110
36 4 176 176 173
37 4 192 188 183
38 4 190 182 175
25 5 192 193 191
26 5 196 197 195
27 5 196 197 195
28 5 198 198 196
29 5 197 198 195
30 5 196 197 194
31 5 194 194 192
32 5 171 172 170
33 5 94 95 93
34 5 10 10 9
35 5 53 54 52
36 5 153 154 151
37 5 189 189 186
38 5 192 188 184
39 5 190 183 176
24 6 193 194 192
25 6 195 197 194
26 6 196 197 195
27 6 197 197 195
28 6 197 197 195
29 6 196 197 194
30 6 196 196 194
31 6 195 195 193
32 6 191 191 189
33 6 169 170 167
34 6 124 124 122
35 6 152 153 150
36 6 181 182 180
37 6 192 192 190
38 6 193 192 189
39 6 192 188 184
40 6 191 183 176
22 7 190 192 191
23 7 193 194 193
24 7 195 196 195
25 7 191 193 191
26 7 185 187 184
27 7 190 191 189
28 7 193 194 192
29 7 196 196 194
30 7 196 196 194
31 7 195 195 193
32 7 193 194 191
33 7 191 192 190
34 7 185 186 183
35 7 189 189 187
36 7 192 192 190
37 7 193 193 191
38 7 193 193 190
39 7 192 191 189
40 7 191 187 183
41 7 191 183 177
20 8 175 176 173
21 8 187 189 188
22 8 195 197 196
23 8 195 197 195
24 8 186 188 186
25 8 149 151 149
26 8 110 112 110
27 8 133 135 134
28 8 165 167 164
29 8 190 191 189
30 8 195 196 193
31 8 193 194 191
32 8 192 192 190
33 8 189 190 187
34 8 190 191 188
35 8 191 192 189
36 8 193 193 191
37 8 193 194 191
38 8 193 193 190
39 8 193 193 190
40 8 193 192 189
41 8 192 188 184
42 8 190 182 176
20 9 129 131 130
21 9 174 177 176
22 9 196 199 198
23 9 196 198 196
24 9 174 176 174
25 9 83 85 83
26 9 10 11 11
27 9 25 26 26
28 9 100 102 101
29 9 176 178 175
30 9 193 194 191
31 9 192 192 190
32 9 176 177 174
33 9 141 142 140
34 9 147 149 147
35 9 168 169 167
36 9 190 190 188
37 9 193 194 191
38 9 193 193 191
39 9 192 192 190
40 9 190 190 187
41 9 189 188 185
42 9 189 185 181
43 9 189 181 175
20 10 63 64 62
21 10 124 126 124
22 10 181 184 184
23 10 196 198 197
24 10 179 180 178
25 10 105 106 104
26 10 32 33 31
27 10 14 15 14
28 10 99 101 100
29 10 173 175 173
30 10 191 192 190
31 10 187 188 185
32 10 144 144 142
33 10 43 43 42
34 10 27 27 27
35 10 81 83 81
36 10 165 166 164
37 10 190 191 189
38 10 192 193 190
39 10 184 185 182
40 10 157 157 155
41 10 151 151 149
42 10 171 170 167
43 10 183 178 174
44 10 188 179 173
19 11 63 64 62
20 11 71 72 70
21 11 80 81 79
22 11 107 109 108
23 11 183 186 185
24 11 192 193 192
25 11 168 169 166
26 11 139 140 137
27 11 126 126 124
28 11 150 152 150
29 11 182 183 182
30 11 191 192 190
31 11 190 191 188
32 11 162 163 159
33 11 73 73 70
34 11 3 3 3
35 11 32 32 31
36 11 135 137 135
37 11 186 186 184
38 11 192 192 189
39 11 173 173 170
40 11 89 89 87
41 11 41 41 41
42 11 89 89 88
43 11 156 153 151
44 11 186 181 177
45 11 187 179 173
46 11 181 165 155
19 12 63 63 62
20 12 107 108 106
21 12 52 53 51
22 12 29 29 28
23 12 114 115 114
24 12 184 186 185
25 12 195 196 194
26 12 189 189 186
27 12 185 185 182
28 12 184 184 182
29 12 190 190 188
30 12 192 192 189
31 12 191 191 188
32 12 179 180 177
33 12 145 145 142
34 12 97 97 95
35 12 108 107 103
36 12 157 158 155
37 12 188 188 185
38 12 191 191 188
39 12 176 176 173
40 12 95 95 92
41 12 7 7 6
42 12 15 15 15
43 12 122 121 120
44 12 183 181 178
45 12 187 182 177
46 12 184 173 166
47 12 176 157 146
19 13 63 64 62
20 13 112 113 110
21 13 34 35 34
22 13 5 5 5
23 13 24 24 23
24 13 120 122 120
25 13 185 187 185
26 13 196 197 194
27 13 195 194 191
28 13 192 191 188
29 13 192 191 188
30 13 191 191 188
31 13 191 191 189
32 13 188 188 186
33 13 183 184 181
34 13 175 175 172
35 13 173 173 170
36 13 180 180 177
37 13 189 189 186
38 13 191 191 188
39 13 188 188 185
40 13 160 160 157
41 13 93 93 90
42 13 82 82 80
43 13 129 129 127
44 13 181 180 177
45 13 188 185 181
46 13 182 173 167
47 13 170 156 147
18 14 62 62 61
19 14 61 61 59
20 14 90 91 89
21 14 43 44 43
22 14 18 19 19
23 14 6 6 6
24 14 37 37 35
25 14 128 130 127
26 14 187 188 186
27 14 196 197 194
28 14 194 194 191
29 14 192 191 188
30 14 190 190 187
31 14 191 191 188
32 14 190 190 187
33 14 188 189 186
34 14 187 187 185
35 14 187 188 185
36 14 188 189 186
37 14 190 189 187
38 14 191 190 187
39 14 190 190 187
40 14 188 187 184
41 14 175 174 170
42 14 170 169 166
43 14 173 172 169
44 14 186 185 181
45 14 179 176 171
46 14 167 161 155
47 14 164 156 149
18 15 62 62 61
19 15 98 99 96
20 15 49 50 48
21 15 26 27 26
22 15 30 31 31
23 15 19 19 19
24 15 33 33 31
25 15 56 56 53
26 15 135 135 133
27 15 190 190 188
28 15 196 196 193
29 15 193 193 190
30 15 191 190 187
31 15 190 189 187
32 15 185 185 182
33 15 176 177 174
34 15 172 172 170
35 15 175 176 173
36 15 187 187 184
37 15 189 188 185
38 15 190 189 186
39 15 190 189 186
40 15 191 190 186
41 15 190 189 185
42 15 190 189 185
43 15 187 186 182
44 15 171 168 164
45 15 139 134 128
46 15 41 37 34
18 16 60 61 59
19 16 102 103 100
20 16 37 38 36
21 16 8 8 8
22 16 22 23 23
23 16 40 41 40
24 16 48 48 47
25 16 56 56 54
26 16 59 59 56
27 16 138 138 135
28 16 190 191 189
29 16 195 195 193
30 16 193 192 189
31 16 189 189 186
32 16 173 173 170
33 16 132 132 129
34 16 95 95 93
35 16 108 108 106
36 16 165 166 163
37 16 187 186 183
38 16 190 188 185
39 16 190 188 184
40 16 190 189 185
41 16 190 189 185
42 16 187 185 181
43 16 164 161 156
44 16 109 105 100
45 16 118 113 108
17 17 56 55 53
18 17 58 58 55
19 17 77 77 75
20 17 38 39 38
21 17 19 20 19
22 17 9 9 9
23 17 41 41 40
24 17 58 58 56
25 17 59 59 56
26 17 59 58 55
27 17 59 58 55
28 17 143 142 138
29 17 189 189 187
30 17 194 194 191
31 17 189 188 185
32 17 164 163 160
33 17 71 71 69
34 17 10 10 10
35 17 14 14 13
36 17 109 109 106
37 17 176 175 172
38 17 188 187 183
39 17 189 187 183
40 17 189 188 183
41 17 184 182 177
42 17 152 149 144
43 17 92 88 84
44 17 97 93 88
17 18 52 49 45
18 18 65 63 58
19 18 48 48 45
20 18 16 16 16
21 18 23 24 24
22 18 25 26 25
23 18 40 41 39
24 18 57 58 55
25 18 60 59 57
26 18 59 58 56
27 18 58 57 53
28 18 57 55 52
29 18 145 144 140
30 18 188 187 184
31 18 191 191 187
32 18 173 172 169
33 18 107 106 103
34 18 23 23 22
35 18 11 11 11
36 18 87 87 84
37 18 171 170 166
38 18 187 185 181
39 18 187 185 181
40 18 181 178 174
41 18 143 140 135
42 18 97 94 89
43 18 100 97 92
18 19 56 53 48
19 19 48 46 42
20 19 17 17 16
21 19 17 17 17
22 19 43 44 42
23 19 54 54 52
24 19 59 59 56
25 19 59 59 56
26 19 59 59 56
27 19 57 56 53
28 19 52 51 47
29 19 49 47 44
30 19 148 146 142
31 19 186 185 181
32 19 184 183 179
33 19 165 163 159
34 19 121 119 115
35 19 89 87 83
36 19 130 128 123
37 19 176 174 170
38 19 187 185 180
39 19 175 173 168
40 19 136 134 129
41 19 93 90 86
42 19 88 85 81
43 19 46 44 41
19 20 48 46 42
20 20 36 34 32
21 20 20 20 19
22 20 42 42 41
23 20 58 58 56
24 20 61 61 58
25 20 59 59 56
26 20 58 58 55
27 20 56 56 53
28 20 44 44 42
29 20 22 22 20
30 20 33 32 30
31 20 150 148 143
32 20 185 183 179
33 20 187 186 181
34 20 177 175 170
35 20 168 166 161
36 20 178 175 170
37 20 183 181 176
38 20 170 168 163
39 20 129 128 123
40 20 90 88 84
41 20 86 83 79
42 20 49 47 44
20 21 48 45 42
21 21 45 44 41
22 21 49 49 47
23 21 59 59 57
24 21 61 61 58
25 21 60 60 58
26 21 58 58 56
27 21 55 55 52
28 21 43 43 41
29 21 12 12 11
30 21 7 6 6
31 21 34 33 31
32 21 151 149 144
33 21 184 182 178
34 21 187 185 181
35 21 185 183 178
36 21 182 180 175
37 21 155 153 148
38 21 108 108 104
39 21 85 84 81
40 21 80 77 74
41 21 114 110 106
21 22 56 53 50
22 22 58 57 54
23 22 61 61 59
24 22 62 61 59
25 22 60 60 57
26 22 56 56 54
27 22 45 45 43
28 22 36 36 35
29 22 25 25 24
30 22 5 5 4
31 22 12 12 11
32 22 56 54 50
33 22 149 145 140
34 22 182 179 175
35 22 181 179 174
36 22 148 146 141
37 22 106 105 101
38 22 93 91 88
39 22 75 72 69
40 22 52 50 48
22 23 59 56 52
23 23 61 60 57
24 23 61 61 58
25 23 60 60 57
26 23 57 57 54
27 23 33 33 32
28 23 12 12 12
29 23 25 26 24
30 23 24 24 23
31 23 14 14 13
32 23 37 35 33
33 23 68 64 59
34 23 136 130 124
35 23 134 133 129
36 23 102 102 99
37 23 94 92 90
38 23 76 74 72
39 23 44 42 40
22 24 55 51 47
23 24 60 57 54
24 24 60 59 56
25 24 57 57 55
26 24 52 52 50
27 24 38 38 36
28 24 11 11 10
29 24 10 10 10
30 24 33 33 31
31 24 40 39 37
32 24 46 45 42
33 24 66 63 58
34 24 102 102 98
35 24 97 96 94
36 24 96 95 92
37 24 68 66 64
38 24 54 53 51
23 25 56 52 48
24 25 59 57 53
25 25 54 53 50
26 25 34 34 32
27 25 30 30 28
28 25 26 27 26
29 25 11 11 10
30 25 27 27 25
31 25 49 48 45
32 25 65 63 58
33 25 99 99 95
34 25 93 93 91
35 25 94 92 90
36 25 75 74 72
37 25 57 56 55
24 26 57 53 49
25 26 51 49 46
26 26 29 28 26
27 26 8 8 8
28 26 26 26 25
29 26 35 34 33
30 26 38 37 35
31 26 59 57 54
32 26 95 93 89
33 26 93 93 90
34 26 89 88 86
35 26 56 55 53
36 26 59 58 57
25 27 50 47 43
26 27 34 31 28
27 27 15 14 12
28 27 17 17 16
29 27 45 45 43
30 27 53 52 49
31 27 84 81 77
32 27 96 95 92
33 27 79 79 77
34 27 55 55 53
26 28 40 35 32
27 28 33 30 27
28 28 28 27 25
29 28 44 43 41
30 28 76 73 69
31 28 93 92 89
32 28 79 78 76
33 28 52 51 50
27 29 49 45 41
28 29 50 47 43
29 29 64 61 57
30 29 95 92 88
31 29 79 78 75
32 29 54 54 52
28 30 50 44 39
29 30 89 83 77
30 30 71 68 66
31 30 57 56 54
29 31 46 38 33
30 31 46 38 33
