34 0 168 161 151
32 1 186 186 183
33 1 190 189 185
34 1 184 181 175
35 1 176 170 161
31 2 193 195 192
32 2 194 195 192
33 2 193 193 191
34 2 188 188 184
35 2 184 181 175
36 2 180 174 167
30 3 195 196 194
31 3 196 197 195
32 3 194 196 193
33 3 181 182 180
34 3 152 153 150
35 3 164 164 160
36 3 181 178 173
37 3 185 176 170
28 4 193 194 192
29 4 198 199 197
30 4 198 199 197
31 4 197 198 195
32 4 192 193 190
33 4 156 157 155
34 4 59 60 59
35 4 85 86 84
36 4 158 158 154
37 4 184 180 175
38 4 186 177 170
27 5 197 198 196
28 5 198 199 197
29 5 199 200 198
30 5 199 199 197
31 5 198 198 196
32 5 194 195 192
33 5 177 177 175
34 5 115 116 114
35 5 24 24 23
36 5 102 103 100
37 5 174 173 170
38 5 187 183 179
39 5 186 177 170
26 6 196 198 196
27 6 198 199 197
28 6 199 200 198
29 6 199 200 197
30 6 198 199 196
31 6 198 198 196
32 6 196 197 194
33 6 192 193 191
34 6 172 173 171
35 6 129 129 127
36 6 148 149 146
37 6 182 183 180
38 6 189 188 186
39 6 189 184 180
40 6 187 177 170
24 7 191 193 191
25 7 197 199 197
26 7 198 200 198
27 7 197 198 197
28 7 187 189 187
29 7 187 189 186
30 7 193 194 192
31 7 197 197 195
32 7 196 196 194
33 7 195 195 193
34 7 191 191 189
35 7 184 185 182
36 7 186 187 184
37 7 190 190 188
38 7 190 190 187
39 7 189 188 185
40 7 187 182 178
41 7 186 177 171
23 8 183 184 182
24 8 191 194 193
25 8 199 201 199
26 8 198 200 198
27 8 178 180 178
28 8 122 124 122
29 8 123 126 124
30 8 157 159 156
31 8 186 187 185
32 8 195 195 193
33 8 195 195 193
34 8 192 193 190
35 8 188 189 186
36 8 190 190 188
37 8 191 191 189
38 8 190 191 188
39 8 190 190 187
40 8 189 188 185
41 8 187 183 178
42 8 185 176 169
23 9 107 109 107
24 9 175 178 177
25 9 199 202 201
26 9 199 201 199
27 9 173 175 173
28 9 75 77 75
29 9 20 20 20
30 9 75 77 75
31 9 163 164 162
32 9 192 193 190
33 9 193 193 191
34 9 174 175 173
35 9 147 149 147
36 9 160 162 160
37 9 181 182 180
38 9 190 191 188
39 9 190 190 187
40 9 189 188 186
41 9 186 185 182
42 9 183 179 174
43 9 183 174 168
22 10 73 74 72
23 10 119 120 118
24 10 100 102 101
25 10 175 178 177
26 10 199 201 200
27 10 184 186 184
28 10 113 115 112
29 10 32 32 31
30 10 47 48 47
31 10 148 150 149
32 10 189 190 188
33 10 189 190 187
34 10 153 153 151
35 10 59 60 58
36 10 61 62 61
37 10 140 141 139
38 10 182 182 180
39 10 189 190 187
40 10 182 183 180
41 10 159 160 157
42 10 163 162 159
43 10 175 169 165
44 10 178 168 162
21 11 63 64 62
22 11 124 125 123
23 11 96 98 95
24 11 51 51 50
25 11 91 93 92
26 11 175 177 176
27 11 197 198 197
28 11 178 180 177
29 11 148 148 145
30 11 140 140 138
31 11 169 170 168
32 11 190 190 188
33 11 192 192 190
34 11 172 173 170
35 11 101 102 99
36 11 17 17 17
37 11 75 76 75
38 11 166 167 164
39 11 187 187 185
40 11 173 174 171
41 11 102 102 100
42 11 81 81 80
43 11 135 133 130
44 11 172 165 161
45 11 180 170 164
20 12 64 65 63
21 12 91 92 90
22 12 110 112 109
23 12 44 45 44
24 12 19 20 19
25 12 31 31 30
26 12 86 87 86
27 12 175 176 175
28 12 197 199 197
29 12 194 195 192
30 12 189 189 186
31 12 188 188 186
32 12 193 193 190
33 12 192 192 189
34 12 186 186 183
35 12 156 157 154
36 12 111 111 109
37 12 115 114 111
38 12 167 167 164
39 12 188 188 185
40 12 178 178 175
41 12 119 119 116
42 12 19 19 18
43 12 71 70 69
44 12 159 157 155
45 12 179 173 168
46 12 176 165 158
20 13 68 68 66
21 13 128 129 126
22 13 70 71 69
23 13 28 29 28
24 13 4 4 4
25 13 5 5 4
26 13 28 28 27
27 13 91 92 90
28 13 173 175 174
29 13 199 200 199
30 13 198 197 194
31 13 195 194 191
32 13 193 192 189
33 13 192 192 189
34 13 190 190 187
35 13 184 185 182
36 13 176 176 174
37 13 172 172 169
38 13 180 180 177
39 13 188 188 185
40 13 186 186 183
41 13 165 165 162
42 13 109 108 105
43 13 83 83 81
44 13 149 149 146
45 13 179 176 173
46 13 177 169 163
47 13 169 155 146
19 14 63 63 62
20 14 129 130 127
21 14 84 85 83
22 14 50 50 49
23 14 37 39 38
24 14 15 15 15
25 14 1 1 1
26 14 11 11 11
27 14 43 43 41
28 14 92 93 90
29 14 174 175 173
30 14 198 198 196
31 14 197 197 194
32 14 194 193 190
33 14 193 193 190
34 14 191 191 188
35 14 189 190 187
36 14 186 187 184
37 14 186 186 184
38 14 187 187 185
39 14 188 188 185
40 14 189 188 185
41 14 185 184 181
42 14 172 171 168
43 14 163 162 158
44 14 170 169 166
45 14 181 179 175
46 14 180 175 171
47 14 172 161 153
18 15 63 64 62
19 15 117 118 116
20 15 96 97 95
21 15 32 32 31
22 15 22 22 22
23 15 31 32 32
24 15 30 32 32
25 15 16 17 17
26 15 19 19 19
27 15 45 45 43
28 15 58 58 55
29 15 91 92 89
30 15 172 173 170
31 15 197 198 196
32 15 196 196 193
33 15 193 193 190
34 15 190 190 187
35 15 186 186 183
36 15 176 176 174
37 15 171 172 169
38 15 179 180 177
39 15 186 186 183
40 15 188 187 184
41 15 188 187 183
42 15 187 186 182
43 15 185 184 180
44 15 183 182 178
45 15 182 180 176
46 15 180 177 173
17 16 62 62 60
18 16 84 85 83
19 16 117 117 115
20 16 60 60 58
21 16 20 21 20
22 16 2 2 2
23 16 12 12 12
24 16 34 36 35
25 16 43 44 43
26 16 45 46 44
27 16 53 53 51
28 16 59 58 56
29 16 59 59 56
30 16 89 88 85
31 16 171 171 169
32 16 196 196 194
33 16 196 196 193
34 16 191 191 188
35 16 177 177 174
36 16 135 135 132
37 16 97 98 96
38 16 140 141 138
39 16 176 176 173
40 16 187 186 182
41 16 188 186 182
42 16 187 185 181
43 16 185 184 180
44 16 184 182 178
45 16 183 181 176
17 17 61 61 58
18 17 118 119 116
19 17 62 63 61
20 17 43 44 43
21 17 30 31 30
22 17 10 11 10
23 17 3 3 3
24 17 27 28 27
25 17 53 53 51
26 17 58 58 56
27 17 59 58 56
28 17 59 58 56
29 17 58 58 55
30 17 59 58 55
31 17 86 84 81
32 17 168 168 165
33 17 195 195 192
34 17 193 193 190
35 17 177 177 174
36 17 105 105 102
37 17 12 12 11
38 17 58 58 56
39 17 146 146 142
40 17 183 181 178
41 17 187 185 181
42 17 186 184 179
43 17 185 182 178
44 17 184 181 177
16 18 54 50 45
17 18 100 96 88
18 18 75 74 71
19 18 23 23 22
20 18 15 15 15
21 18 24 25 25
22 18 27 29 28
23 18 20 20 20
24 18 35 35 34
25 18 55 55 53
26 18 60 60 57
27 18 59 59 56
28 18 58 58 55
29 18 59 58 55
30 18 58 56 53
31 18 57 56 53
32 18 88 87 82
33 18 167 166 162
34 18 193 193 190
35 18 186 186 182
36 18 141 139 136
37 18 47 46 44
38 18 25 25 24
39 18 120 120 116
40 18 178 176 172
41 18 186 184 179
42 18 186 183 179
43 18 185 182 178
17 19 79 74 67
18 19 54 52 48
19 19 24 24 23
20 19 2 2 2
21 19 12 12 12
22 19 38 39 38
23 19 50 50 49
24 19 53 54 51
25 19 58 57 55
26 19 60 60 58
27 19 59 59 57
28 19 58 58 55
29 19 58 58 55
30 19 56 55 52
31 19 51 50 47
32 19 48 46 43
33 19 81 80 75
34 19 163 162 158
35 19 189 188 184
36 19 177 176 172
37 19 144 142 138
38 19 107 105 101
39 19 139 137 132
40 19 179 177 172
41 19 185 183 178
42 19 184 182 177
43 19 183 180 176
18 20 54 51 46
19 20 40 38 35
20 20 19 18 17
21 20 10 10 9
22 20 38 38 37
23 20 58 58 56
24 20 61 61 59
25 20 60 60 57
26 20 60 59 57
27 20 60 59 57
28 20 59 59 56
29 20 57 57 54
30 20 53 53 50
31 20 36 36 34
32 20 19 19 17
33 20 26 26 24
34 20 75 73 69
35 20 161 159 155
36 20 187 185 181
37 20 183 181 177
38 20 172 170 165
39 20 177 175 170
40 20 184 181 177
41 20 184 181 176
42 20 184 181 176
19 21 50 47 43
20 21 44 43 40
21 21 39 39 37
22 21 48 48 46
23 21 59 59 57
24 21 61 61 59
25 21 61 61 58
26 21 60 60 58
27 21 59 59 56
28 21 58 58 55
29 21 56 56 53
30 21 49 49 47
31 21 26 26 25
32 21 2 2 2
33 21 5 4 4
34 21 22 21 20
35 21 71 70 66
36 21 158 156 151
37 21 186 184 179
38 21 187 185 180
39 21 184 182 177
40 21 184 181 176
41 21 184 181 176
20 22 57 54 50
21 22 58 56 53
22 22 59 59 57
23 22 62 61 59
24 22 62 62 59
25 22 61 61 58
26 22 60 60 58
27 22 58 58 56
28 22 51 51 49
29 22 43 43 41
30 22 38 38 36
31 22 31 31 29
32 22 13 13 12
34 22 7 7 6
35 22 33 32 30
36 22 77 75 70
37 22 153 149 144
38 22 182 179 174
39 22 185 183 178
40 22 184 182 177
21 23 59 56 52
22 23 61 59 56
23 23 62 61 59
24 23 61 61 59
25 23 61 61 58
26 23 61 60 58
27 23 57 57 54
28 23 42 42 40
29 23 16 16 15
30 23 14 14 13
31 23 26 26 25
32 23 28 28 27
33 23 17 16 16
34 23 14 14 13
35 23 36 34 32
36 23 49 47 44
37 23 70 65 60
38 23 140 132 126
39 23 174 170 166
22 24 59 56 52
23 24 61 59 56
24 24 61 61 58
25 24 60 60 57
26 24 56 56 54
27 24 54 54 51
28 24 40 40 39
29 24 13 13 13
30 24 1 1 1
31 24 12 12 11
32 24 34 34 32
33 24 40 40 37
34 24 41 40 37
35 24 48 46 43
36 24 59 55 51
37 24 59 54 50
38 24 48 44 40
23 25 59 55 51
24 25 60 58 55
25 25 57 56 54
26 25 40 40 39
27 25 31 31 29
28 25 34 34 33
29 25 28 28 27
30 25 12 13 12
31 25 6 6 6
32 25 31 30 28
33 25 50 49 46
34 25 52 50 47
35 25 58 55 51
36 25 56 52 48
37 25 49 45 41
24 26 58 55 51
25 26 53 51 48
26 26 27 26 25
27 26 4 4 4
28 26 11 11 11
29 26 32 32 31
30 26 37 37 35
31 26 29 29 28
32 26 43 42 40
33 26 53 52 48
34 26 60 57 53
35 26 51 48 45
36 26 49 45 42
25 27 51 48 44
26 27 33 31 28
27 27 9 8 8
28 27 3 3 3
29 27 25 25 24
30 27 49 49 47
31 27 52 51 48
32 27 62 60 56
33 27 52 50 47
34 27 52 49 46
26 28 41 36 33
27 28 32 29 26
28 28 22 21 19
29 28 31 30 29
30 28 52 51 48
31 28 66 63 60
32 28 54 51 48
33 28 51 48 45
27 29 49 45 40
28 29 50 46 43
29 29 52 50 47
30 29 65 62 58
31 29 56 53 49
32 29 55 52 49
28 30 53 47 42
29 30 60 54 49
30 30 53 50 46
31 30 54 50 47
29 31 49 41 35
30 31 50 44 39
