33 0 181 175 166
34 0 174 165 154
31 1 189 189 187
32 1 191 190 187
33 1 191 189 184
34 1 188 183 175
35 1 182 175 165
29 2 189 190 187
30 2 193 194 192
31 2 193 194 192
32 2 191 192 189
33 2 187 187 184
34 2 192 190 185
35 2 190 186 179
36 2 187 179 171
27 3 187 188 185
28 3 191 192 190
29 3 192 194 191
30 3 191 192 190
31 3 180 181 179
32 3 148 149 147
33 3 130 132 129
34 3 170 171 168
35 3 192 190 187
36 3 193 187 182
37 3 193 183 176
26 4 190 191 189
27 4 192 192 190
28 4 194 195 193
29 4 194 195 193
30 4 181 182 180
31 4 124 125 122
32 4 39 39 39
33 4 21 21 21
34 4 97 99 97
35 4 176 177 174
36 4 195 192 189
37 4 195 188 182
38 4 193 182 174
24 5 189 190 188
25 5 191 192 189
26 5 194 194 192
27 5 194 194 192
28 5 195 195 193
29 5 194 195 193
30 5 186 187 184
31 5 140 141 138
32 5 32 33 32
33 5 25 25 24
34 5 97 98 96
35 5 169 170 167
36 5 194 194 192
37 5 195 193 189
38 5 195 188 182
39 5 194 181 173
22 6 186 187 185
23 6 189 190 188
24 6 192 193 191
25 6 194 195 192
26 6 194 194 192
27 6 194 194 192
28 6 194 195 192
29 6 194 194 192
30 6 192 193 190
31 6 180 181 179
32 6 140 140 138
33 6 142 143 140
34 6 173 174 172
35 6 190 191 188
36 6 196 195 193
37 6 196 195 193
38 6 195 192 188
39 6 196 189 183
40 6 195 183 175
20 7 184 185 183
21 7 188 190 188
22 7 189 190 189
23 7 186 188 186
24 7 186 187 185
25 7 189 190 188
26 7 192 193 190
27 7 193 194 191
28 7 193 194 191
29 7 193 193 191
30 7 193 193 191
31 7 192 192 190
32 7 187 188 185
33 7 188 189 186
34 7 192 192 190
35 7 195 195 193
36 7 196 196 193
37 7 196 196 194
38 7 196 195 192
39 7 196 192 188
40 7 195 189 183
41 7 195 182 174
18 8 173 175 173
19 8 185 187 186
20 8 189 191 189
21 8 188 190 188
22 8 176 178 176
23 8 142 145 142
24 8 131 133 131
25 8 150 152 150
26 8 178 180 177
27 8 192 193 190
28 8 192 192 190
29 8 192 192 190
30 8 190 191 189
31 8 186 187 185
32 8 189 190 188
33 8 192 193 190
34 8 194 194 192
35 8 195 195 192
36 8 196 196 193
37 8 196 196 193
38 8 196 196 193
39 8 197 196 193
40 8 197 193 189
41 8 196 188 183
42 8 194 180 171
18 9 176 177 175
19 9 185 188 187
20 9 192 194 193
21 9 182 184 182
22 9 126 128 125
23 9 40 41 40
24 9 21 21 21
25 9 59 61 60
26 9 151 153 150
27 9 188 189 186
28 9 191 192 189
29 9 184 185 183
30 9 161 162 159
31 9 135 136 134
32 9 148 149 148
33 9 172 173 171
34 9 191 192 190
35 9 194 195 192
36 9 195 196 193
37 9 195 195 193
38 9 192 192 190
39 9 189 189 187
40 9 193 191 189
41 9 195 191 187
42 9 194 186 180
18 10 101 101 99
19 10 166 169 168
20 10 191 194 192
21 10 179 181 179
22 10 111 113 110
23 10 26 27 26
24 10 10 10 10
25 10 71 73 72
26 10 157 159 157
27 10 186 187 185
28 10 189 190 187
29 10 164 165 162
30 10 86 87 85
31 10 20 21 20
32 10 30 30 30
33 10 107 109 107
34 10 178 179 177
35 10 194 194 192
36 10 194 194 192
37 10 184 184 182
38 10 154 154 151
39 10 137 138 136
40 10 157 157 156
41 10 180 178 175
42 10 192 186 182
43 10 194 185 179
18 11 49 50 48
19 11 89 92 91
20 11 175 177 176
21 11 187 188 186
22 11 154 155 152
23 11 122 123 120
24 11 112 113 111
25 11 141 142 141
26 11 177 178 177
27 11 188 189 187
28 11 188 189 186
29 11 169 169 166
30 11 88 88 85
31 11 5 5 5
32 11 17 17 16
33 11 93 94 92
34 11 171 172 170
35 11 191 192 190
36 11 191 192 189
37 11 165 165 162
38 11 72 72 70
39 11 27 28 28
40 11 54 54 54
41 11 135 134 132
42 11 186 184 181
43 11 195 190 185
44 11 193 182 175
18 12 47 47 45
19 12 44 45 43
20 12 112 113 111
21 12 183 185 183
22 12 188 189 186
23 12 182 182 179
24 12 179 178 176
25 12 180 180 178
26 12 186 187 184
27 12 189 189 186
28 12 188 188 185
29 12 178 178 175
30 12 145 145 143
31 12 93 93 91
32 12 101 100 97
33 12 145 145 142
34 12 183 183 181
35 12 192 192 190
36 12 190 190 188
37 12 159 159 156
38 12 49 49 47
39 12 5 5 5
40 12 16 16 16
41 12 113 113 112
42 12 184 183 180
43 12 195 192 188
44 12 195 187 180
45 12 187 173 164
19 13 45 46 44
20 13 52 53 51
21 13 137 138 137
22 13 190 191 189
23 13 192 191 188
24 13 189 189 185
25 13 187 186 183
26 13 188 187 184
27 13 189 189 186
28 13 189 189 186
29 13 186 187 184
30 13 182 183 180
31 13 175 176 173
32 13 174 173 171
33 13 179 179 176
34 13 189 188 186
35 13 192 191 189
36 13 192 192 189
37 13 182 182 179
38 13 135 135 132
39 13 88 88 85
40 13 97 97 94
41 13 145 144 142
42 13 187 186 184
43 13 195 192 189
44 13 191 184 179
45 13 176 164 155
46 13 155 138 127
19 14 44 44 42
20 14 55 55 54
21 14 37 38 36
22 14 161 162 160
23 14 193 193 191
24 14 191 191 188
25 14 189 188 185
26 14 188 187 184
27 14 188 188 185
28 14 188 188 185
29 14 187 187 184
30 14 185 186 183
31 14 187 187 185
32 14 188 188 186
33 14 190 190 187
34 14 190 190 187
35 14 192 191 188
36 14 192 191 189
37 14 192 191 188
38 14 185 184 180
39 14 177 176 173
40 14 176 175 172
41 14 184 183 179
42 14 192 190 186
43 14 184 181 176
44 14 157 150 144
45 14 152 144 136
46 14 156 145 136
19 15 44 44 42
20 15 57 57 55
21 15 25 26 25
22 15 69 69 67
23 15 171 172 170
24 15 192 193 190
25 15 190 190 187
26 15 188 188 185
27 15 188 187 185
28 15 184 184 181
29 15 176 177 174
30 15 171 172 169
31 15 170 171 168
32 15 182 182 180
33 15 189 189 186
34 15 189 189 186
35 15 192 191 188
36 15 193 191 188
37 15 192 191 187
38 15 192 192 188
39 15 192 192 188
40 15 193 192 188
41 15 189 187 183
42 15 169 165 161
43 15 123 118 112
44 15 125 120 114
45 15 152 146 139
19 16 47 46 44
20 16 48 48 46
21 16 27 28 27
22 16 39 39 37
23 16 107 107 104
24 16 182 182 180
25 16 193 192 190
26 16 189 189 186
27 16 186 186 183
28 16 173 173 170
29 16 133 133 130
30 16 100 100 98
31 16 84 84 82
32 16 148 149 146
33 16 184 184 181
34 16 189 189 185
35 16 191 190 186
36 16 192 190 186
37 16 192 191 187
38 16 193 191 187
39 16 192 190 187
40 16 182 179 175
41 16 142 138 133
42 16 74 70 66
43 16 87 85 81
44 16 118 113 107
45 16 145 140 133
19 17 47 46 43
20 17 43 42 40
21 17 29 29 28
22 17 36 36 34
23 17 54 54 51
24 17 132 132 129
25 17 187 187 185
26 17 190 190 187
27 17 185 184 181
28 17 153 153 150
29 17 61 61 59
30 17 12 12 12
31 17 4 4 4
32 17 80 80 78
33 17 169 168 165
34 17 189 187 183
35 17 191 189 185
36 17 191 189 185
37 17 191 189 185
38 17 188 186 182
39 17 174 171 167
40 17 125 122 117
41 17 44 43 41
42 17 75 74 71
43 17 115 113 107
44 17 128 124 117
45 17 159 155 148
20 18 48 46 43
21 18 47 46 43
22 18 30 30 29
23 18 49 49 47
24 18 57 56 53
25 18 153 152 149
26 18 188 188 185
27 18 185 185 181
28 18 156 155 152
29 18 71 70 67
30 18 5 5 4
31 18 8 8 8
32 18 89 89 86
33 18 170 170 166
34 18 188 186 182
35 18 189 187 183
36 18 189 187 183
37 18 183 181 177
38 18 158 156 152
39 18 122 121 117
40 18 78 78 75
41 18 91 90 87
42 18 114 113 108
43 18 119 117 111
44 18 136 131 125
20 19 53 50 47
21 19 42 40 37
22 19 32 31 30
23 19 48 48 46
24 19 56 56 53
25 19 68 66 63
26 19 162 161 157
27 19 186 185 181
28 19 175 174 169
29 19 146 144 140
30 19 92 90 86
31 19 90 88 84
32 19 143 140 136
33 19 180 178 173
34 19 187 185 180
35 19 184 183 179
36 19 166 165 161
37 19 138 138 134
38 19 128 128 124
39 19 117 117 114
40 19 111 110 107
41 19 117 116 111
42 19 113 111 106
43 19 115 111 106
44 19 141 137 131
21 20 49 47 44
22 20 38 37 35
23 20 46 46 43
24 20 57 57 55
25 20 44 44 42
26 20 84 82 79
27 20 170 168 163
28 20 186 184 180
29 20 181 179 174
30 20 168 166 161
31 20 170 167 162
32 20 180 178 173
33 20 185 183 179
34 20 177 176 172
35 20 153 153 150
36 20 134 134 130
37 20 130 130 127
38 20 128 128 125
39 20 124 123 120
40 20 120 119 115
41 20 106 105 100
42 20 94 93 89
43 20 101 96 91
44 20 116 111 105
22 21 46 44 41
23 21 50 49 46
24 21 57 57 55
25 21 48 48 46
26 21 27 27 26
27 21 110 107 103
28 21 179 177 172
29 21 187 185 180
30 21 184 182 177
31 21 185 183 178
32 21 179 178 174
33 21 155 155 151
34 21 102 102 99
35 21 120 121 118
36 21 128 128 124
37 21 127 127 124
38 21 125 124 121
39 21 118 117 114
40 21 94 93 90
41 21 62 61 58
42 21 93 88 84
43 21 108 100 94
44 21 123 116 109
23 22 56 54 51
24 22 59 58 55
25 22 50 50 47
26 22 30 30 28
27 22 23 22 21
28 22 134 131 126
29 22 181 179 175
30 22 183 182 178
31 22 174 174 171
32 22 124 125 122
33 22 60 61 59
34 22 89 90 88
35 22 122 122 119
36 22 125 124 121
37 22 123 122 119
38 22 117 117 113
39 22 91 91 88
40 22 53 52 50
41 22 74 69 65
42 22 89 82 77
43 22 112 97 90
23 23 58 56 53
24 23 59 58 55
25 23 53 52 50
26 23 33 33 31
27 23 19 19 18
28 23 45 42 39
29 23 141 139 135
30 23 157 158 155
31 23 102 103 101
32 23 47 49 48
33 23 82 83 82
34 23 117 118 116
35 23 124 123 121
36 23 120 120 117
37 23 119 119 116
38 23 109 108 105
39 23 77 75 72
40 23 68 62 59
41 23 78 69 65
42 23 50 44 40
24 24 58 56 53
25 24 52 51 48
26 24 35 35 33
27 24 21 21 20
28 24 31 30 28
29 24 103 103 100
30 24 119 121 118
31 24 89 91 89
32 24 102 103 102
33 24 118 119 117
34 24 123 123 120
35 24 123 122 119
36 24 121 120 117
37 24 119 118 115
38 24 110 107 103
39 24 84 79 76
40 24 75 67 62
25 25 52 50 47
26 25 38 37 35
27 25 21 21 20
28 25 32 31 29
29 25 94 92 88
30 25 124 126 123
31 25 122 124 121
32 25 125 125 123
33 25 119 119 117
34 25 111 111 109
35 25 114 114 111
36 25 117 116 112
37 25 111 108 104
38 25 101 96 91
39 25 58 53 50
26 26 40 38 36
27 26 26 25 23
28 26 29 28 27
29 26 90 87 83
30 26 127 128 125
31 26 125 125 122
32 26 108 108 106
33 26 76 76 74
34 26 91 91 88
35 26 109 107 104
36 26 102 98 94
37 26 93 86 81
26 27 40 38 35
27 27 31 29 27
28 27 32 31 29
29 27 87 84 80
30 27 123 124 121
31 27 100 101 98
32 27 57 57 55
33 27 67 67 65
34 27 100 97 93
35 27 102 98 93
36 27 61 57 54
27 28 39 36 34
28 28 36 33 31
29 28 80 77 73
30 28 112 113 110
31 28 74 75 73
32 28 75 74 71
33 28 80 77 74
34 28 84 79 75
28 29 42 38 35
29 29 81 77 73
30 29 110 110 107
31 29 96 95 91
32 29 85 83 80
33 29 48 47 45
29 30 97 91 86
30 30 99 96 92
31 30 86 83 78
29 31 49 46 42
30 31 55 52 48
