31 0 173 168 158
32 0 176 171 162
33 0 175 176 173
30 1 175 175 171
31 1 182 180 174
32 1 187 183 177
33 1 189 188 186
34 1 182 180 177
28 2 179 180 177
29 2 176 177 174
30 2 179 179 177
31 2 184 184 180
32 2 194 189 183
33 2 196 189 186
34 2 196 187 184
35 2 182 178 175
27 3 174 175 172
28 3 173 174 171
29 3 162 163 160
30 3 139 140 138
31 3 172 172 170
32 3 193 189 185
33 3 199 188 185
34 3 203 182 180
35 3 197 181 179
36 3 178 172 170
25 4 173 173 170
26 4 173 174 171
27 4 174 175 172
28 4 154 156 153
29 4 91 92 90
30 4 63 64 62
31 4 161 161 159
32 4 193 190 186
33 4 199 191 188
34 4 205 179 177
35 4 204 173 171
36 4 195 176 174
37 4 177 171 169
24 5 170 171 168
25 5 173 173 171
26 5 178 179 176
27 5 174 175 172
28 5 123 124 122
29 5 54 54 53
30 5 127 128 125
31 5 177 177 175
32 5 192 190 186
33 5 199 192 188
34 5 205 181 180
35 5 207 162 162
36 5 203 165 164
37 5 191 173 171
38 5 170 168 165
23 6 167 167 165
24 6 174 174 172
25 6 178 179 176
26 6 180 181 178
27 6 175 176 174
28 6 143 143 141
29 6 145 146 143
30 6 176 177 174
31 6 189 188 186
32 6 192 190 187
33 6 199 194 189
34 6 203 186 184
35 6 206 169 169
36 6 204 162 162
37 6 196 172 170
38 6 182 177 174
39 6 164 166 163
21 7 167 168 166
22 7 165 166 163
23 7 171 171 169
24 7 177 177 175
25 7 179 179 177
26 7 180 180 178
27 7 180 181 178
28 7 177 177 175
29 7 180 181 178
30 7 188 188 185
31 7 191 190 188
32 7 192 191 188
33 7 199 194 190
34 7 202 188 186
35 7 206 168 168
36 7 202 172 172
37 7 194 181 178
38 7 183 181 178
39 7 174 176 173
40 7 160 162 158
20 8 161 162 160
21 8 157 159 156
22 8 156 158 155
23 8 164 165 163
24 8 176 177 174
25 8 177 178 175
26 8 177 178 175
27 8 179 180 178
28 8 183 183 181
29 8 185 185 183
30 8 188 188 186
31 8 189 189 187
32 8 191 190 187
33 8 197 193 189
34 8 201 190 187
35 8 204 170 169
36 8 202 174 173
37 8 190 184 182
38 8 182 183 180
39 8 178 180 177
40 8 172 174 170
41 8 155 156 152
18 9 149 150 148
19 9 158 160 158
20 9 158 159 157
21 9 129 131 128
22 9 87 89 87
23 9 139 140 137
24 9 174 174 171
25 9 167 168 165
26 9 146 147 144
27 9 157 158 156
28 9 180 181 179
29 9 186 186 184
30 9 185 185 183
31 9 181 181 179
32 9 184 184 182
33 9 194 190 187
34 9 200 191 187
35 9 202 174 172
36 9 201 175 174
37 9 189 181 180
38 9 169 170 167
39 9 175 177 174
40 9 175 177 173
41 9 166 167 163
42 9 139 135 128
18 10 167 171 169
19 10 160 163 161
20 10 146 148 146
21 10 66 67 65
22 10 77 79 77
23 10 149 150 148
24 10 162 163 160
25 10 119 120 117
26 10 49 50 48
27 10 118 119 117
28 10 177 178 176
29 10 180 180 178
30 10 156 157 154
31 10 122 123 121
32 10 147 147 145
33 10 183 180 177
34 10 199 191 187
35 10 201 175 172
36 10 200 152 151
37 10 192 174 172
38 10 153 151 148
39 10 152 155 152
40 10 176 178 175
41 10 170 171 166
42 10 153 150 143
18 11 174 177 176
19 11 160 162 161
20 11 126 127 125
21 11 79 81 79
22 11 134 136 134
23 11 167 168 165
24 11 149 150 147
25 11 59 59 57
26 11 61 62 61
27 11 142 143 140
28 11 176 177 174
29 11 163 164 161
30 11 91 91 89
31 11 34 34 33
32 11 129 128 126
33 11 185 182 179
34 11 198 191 186
35 11 198 179 175
36 11 199 140 137
37 11 197 159 158
38 11 172 162 160
39 11 120 122 119
40 11 164 167 163
41 11 174 176 172
42 11 163 161 155
18 12 176 179 178
19 12 166 167 165
20 12 156 157 154
21 12 150 150 147
22 12 164 164 162
23 12 169 170 167
24 12 143 143 140
25 12 87 86 83
26 12 130 130 127
27 12 172 172 169
28 12 176 176 173
29 12 132 132 129
30 12 34 34 33
31 12 75 75 74
32 12 157 156 154
33 12 188 185 181
34 12 195 187 180
35 12 193 182 177
36 12 197 162 158
37 12 198 141 140
38 12 189 170 168
39 12 149 149 146
40 12 140 143 140
41 12 174 176 172
42 12 170 169 164
43 12 159 154 146
18 13 178 180 179
19 13 170 171 168
20 13 170 170 166
21 13 169 168 165
22 13 172 172 168
23 13 170 171 168
24 13 164 165 162
25 13 157 156 153
26 13 168 168 165
27 13 180 180 177
28 13 178 177 174
29 13 138 138 135
30 13 96 96 93
31 13 142 141 138
32 13 180 178 175
33 13 185 181 177
34 13 173 163 156
35 13 174 165 157
36 13 190 175 169
37 13 195 156 152
38 13 195 162 159
39 13 183 177 174
40 13 160 162 159
41 13 172 174 170
42 13 174 174 169
43 13 165 162 155
18 14 178 180 179
19 14 170 170 168
20 14 172 171 168
21 14 171 170 167
22 14 171 171 168
23 14 171 171 168
24 14 173 173 170
25 14 176 176 173
26 14 178 177 175
27 14 182 181 178
28 14 182 182 178
29 14 175 175 171
30 14 171 170 166
31 14 179 177 173
32 14 178 175 171
33 14 151 146 140
34 14 93 88 82
35 14 123 115 108
36 14 171 164 157
37 14 189 175 170
38 14 194 164 161
39 14 192 176 173
40 14 184 184 181
41 14 179 181 178
42 14 177 178 174
43 14 169 167 161
18 15 179 181 179
19 15 170 170 168
20 15 173 172 169
21 15 169 168 165
22 15 161 161 158
23 15 157 157 154
24 15 168 169 166
25 15 176 176 173
26 15 180 179 176
27 15 182 181 178
28 15 183 182 179
29 15 184 183 180
30 15 181 180 176
31 15 167 165 160
32 15 127 123 117
33 15 74 71 67
34 15 47 45 42
35 15 61 58 55
36 15 106 102 96
37 15 167 161 155
38 15 186 175 170
39 15 191 173 170
40 15 190 185 182
41 15 185 186 183
42 15 181 182 179
43 15 174 172 167
44 15 167 161 153
18 16 179 181 179
19 16 170 170 168
20 16 171 171 168
21 16 156 156 153
22 16 114 114 111
23 16 98 99 96
24 16 157 157 154
25 16 177 176 173
26 16 180 178 174
27 16 182 180 176
28 16 183 181 177
29 16 178 176 171
30 16 148 145 140
31 16 88 85 80
32 16 44 42 39
33 16 16 15 14
34 16 16 15 14
35 16 21 20 19
36 16 54 53 50
37 16 104 101 95
38 16 164 159 153
39 16 184 176 171
40 16 188 181 178
41 16 187 188 185
42 16 184 185 181
43 16 178 177 172
44 16 171 165 157
18 17 177 179 177
19 17 167 167 165
20 17 165 165 161
21 17 120 120 116
22 17 41 40 39
23 17 79 79 76
24 17 157 156 152
25 17 177 176 172
26 17 179 177 173
27 17 180 178 174
28 17 165 163 159
29 17 128 126 122
30 17 78 77 73
31 17 51 50 47
32 17 12 12 11
33 17 1 1 1
34 17 1 1 1
35 17 14 14 14
36 17 51 50 48
37 17 69 67 63
38 17 94 91 86
39 17 156 151 145
40 17 180 176 171
41 17 185 184 181
42 17 185 186 182
43 17 181 180 176
44 17 174 168 161
18 18 176 177 175
19 18 164 164 161
20 18 157 157 153
21 18 88 87 85
22 18 41 40 38
23 18 126 125 121
24 18 169 167 162
25 18 176 174 170
26 18 174 172 168
27 18 145 143 140
28 18 95 94 91
29 18 75 75 72
30 18 73 73 70
31 18 54 54 52
32 18 29 29 28
33 18 19 19 19
34 18 27 28 27
35 18 44 44 42
36 18 64 64 61
37 18 76 75 71
38 18 74 72 68
39 18 87 85 80
40 18 153 149 143
41 18 178 176 171
42 18 183 183 179
43 18 183 183 180
44 18 177 173 166
45 18 169 159 149
18 19 173 172 169
19 19 162 160 156
20 19 159 157 153
21 19 120 118 113
22 19 123 121 116
23 19 160 157 153
24 19 172 171 167
25 19 159 159 155
26 19 122 121 117
27 19 87 87 83
28 19 76 76 73
29 19 76 76 73
30 19 75 74 72
31 19 71 70 68
32 19 62 62 60
33 19 59 59 57
34 19 64 64 62
35 19 68 68 65
36 19 73 72 69
37 19 73 72 68
38 19 76 75 71
39 19 75 74 70
40 19 80 78 74
41 19 144 140 134
42 19 175 172 167
43 19 180 179 175
44 19 178 175 170
45 19 173 164 156
18 20 170 168 165
19 20 162 160 156
20 20 168 166 161
21 20 161 158 153
22 20 165 163 159
23 20 165 165 161
24 20 143 143 141
25 20 92 92 89
26 20 73 73 70
27 20 74 74 71
28 20 75 75 72
29 20 75 75 72
30 20 75 74 72
31 20 75 74 72
32 20 73 73 70
33 20 76 76 73
34 20 72 71 69
35 20 73 73 70
36 20 71 71 68
37 20 74 74 70
38 20 75 74 70
39 20 73 72 68
40 20 75 74 70
41 20 75 73 70
42 20 134 131 125
43 20 169 167 161
44 20 173 170 165
45 20 171 162 154
19 21 162 159 155
20 21 169 167 163
21 21 168 167 162
22 21 153 153 150
23 21 110 111 108
24 21 61 61 59
25 21 45 45 44
26 21 44 44 43
27 21 61 62 60
28 21 73 73 71
29 21 74 74 71
30 21 74 73 71
31 21 73 73 71
32 21 76 76 73
33 21 71 71 68
34 21 74 73 71
35 21 71 70 68
36 21 75 75 72
37 21 75 75 72
38 21 71 71 67
39 21 56 55 52
40 21 43 43 40
41 21 43 43 41
42 21 55 54 52
43 21 117 114 109
44 21 161 156 149
45 21 165 155 147
46 21 155 136 125
19 22 157 156 152
20 22 163 163 160
21 22 136 138 136
22 22 81 82 80
23 22 42 43 41
24 22 12 12 12
25 22 4 4 4
26 22 11 11 11
27 22 42 43 42
28 22 70 70 69
29 22 74 74 72
30 22 74 73 71
31 22 76 75 73
32 22 73 73 70
33 22 75 74 72
34 22 73 72 70
35 22 74 74 71
36 22 75 75 72
37 22 73 73 70
38 22 57 56 53
39 22 22 22 20
40 22 9 9 8
41 22 5 5 5
42 22 24 24 24
43 22 68 67 65
44 22 108 102 96
45 22 152 139 129
46 22 156 138 125
19 23 121 121 119
20 23 120 121 118
21 23 80 81 78
22 23 71 72 70
23 23 33 34 33
24 23 12 13 12
25 23 10 11 11
26 23 27 28 28
27 23 53 54 54
28 23 73 73 72
29 23 75 75 73
30 23 75 75 73
31 23 74 74 72
32 23 76 76 73
33 23 73 73 70
34 23 75 75 73
35 23 78 77 75
36 23 72 71 69
37 23 73 72 70
38 23 50 49 47
39 23 21 20 20
40 23 11 11 11
41 23 17 17 16
42 23 46 44 43
43 23 75 72 68
44 23 75 69 63
45 23 96 84 75
46 23 142 120 106
20 24 62 62 60
21 24 73 75 72
22 24 79 80 78
23 24 63 64 63
24 24 52 53 52
25 24 53 55 54
26 24 60 62 61
27 24 70 71 69
28 24 75 75 73
29 24 75 75 73
30 24 74 75 73
31 24 76 76 74
32 24 75 75 72
33 24 75 74 72
34 24 77 77 74
35 24 73 73 70
36 24 76 76 73
37 24 72 71 69
38 24 66 66 64
39 24 58 58 56
40 24 51 51 49
41 24 59 56 53
42 24 67 63 59
43 24 73 68 63
44 24 59 54 49
22 25 63 65 63
23 25 84 86 84
24 25 75 76 74
25 25 73 74 72
26 25 74 75 73
27 25 75 76 74
28 25 74 75 72
29 25 74 75 73
30 25 74 74 72
31 25 69 69 67
32 25 68 68 66
33 25 70 70 68
34 25 72 72 69
35 25 76 76 73
36 25 72 72 70
37 25 73 72 70
38 25 76 75 73
39 25 75 74 71
40 25 76 72 68
41 25 72 68 64
42 25 57 53 50
23 26 63 64 62
24 26 64 65 64
25 26 79 80 77
26 26 77 77 75
27 26 74 75 73
28 26 75 75 73
29 26 73 73 71
30 26 56 56 55
31 26 37 37 36
32 26 34 34 32
33 26 36 36 35
34 26 63 64 62
35 26 72 72 69
36 26 75 74 72
37 26 77 75 72
38 26 75 72 68
39 26 69 66 62
40 26 61 58 53
25 27 70 71 69
26 27 84 85 83
27 27 79 79 77
28 27 76 76 74
29 27 65 65 63
30 27 28 28 27
31 27 5 5 4
32 27 4 4 4
33 27 19 20 20
34 27 54 55 54
35 27 71 71 68
36 27 76 74 70
37 27 65 61 58
38 27 74 69 64
27 28 66 67 65
28 28 79 80 78
29 28 66 67 65
30 28 42 42 41
31 28 26 26 26
32 28 30 31 31
33 28 43 43 42
34 28 65 64 62
35 28 70 67 63
36 28 63 60 56
37 28 62 57 52
28 29 65 65 63
29 29 85 86 84
30 29 70 70 69
31 29 67 66 64
32 29 65 64 61
33 29 65 63 59
34 29 60 57 54
35 29 61 58 54
30 30 63 62 60
31 30 72 69 64
32 30 61 58 54
33 30 61 58 54
31 31 45 41 37
