32 0 183 178 170
33 0 179 170 159
30 1 188 188 185
31 1 192 192 189
32 1 192 190 185
33 1 190 185 177
34 1 184 177 167
28 2 183 183 180
29 2 189 190 188
30 2 192 192 190
31 2 189 190 187
32 2 188 188 185
33 2 194 192 187
34 2 192 187 180
35 2 191 179 170
27 3 187 188 186
28 3 189 190 188
29 3 187 188 186
30 3 172 173 171
31 3 139 140 138
32 3 140 141 138
33 3 184 184 182
34 3 196 193 189
35 3 196 188 182
25 4 185 186 183
26 4 188 189 186
27 4 190 191 188
28 4 189 190 188
29 4 163 165 162
30 4 90 91 89
31 4 22 22 22
32 4 46 47 46
33 4 159 160 158
34 4 194 194 191
35 4 198 193 188
36 4 197 186 179
23 5 181 182 179
24 5 186 187 185
25 5 189 189 187
26 5 191 191 189
27 5 191 191 189
28 5 189 190 187
29 5 159 160 157
30 5 48 49 48
31 5 33 33 32
32 5 107 108 106
33 5 171 171 169
34 5 195 195 193
35 5 199 197 193
36 5 198 192 186
37 5 197 184 175
22 6 182 183 181
23 6 186 186 184
24 6 189 189 187
25 6 190 191 188
26 6 190 191 188
27 6 191 191 189
28 6 190 191 189
29 6 180 181 178
30 6 137 138 135
31 6 149 150 147
32 6 179 179 177
33 6 193 193 191
34 6 197 197 194
35 6 199 198 195
36 6 199 195 191
37 6 198 190 184
20 7 178 180 178
21 7 181 183 181
22 7 183 184 182
23 7 185 186 184
24 7 188 189 186
25 7 189 190 187
26 7 190 190 188
27 7 191 191 188
28 7 190 191 188
29 7 190 190 188
30 7 187 187 185
31 7 189 190 187
32 7 193 194 191
33 7 196 196 194
34 7 197 197 195
35 7 199 198 196
36 7 199 198 195
37 7 200 194 190
38 7 198 188 181
18 8 176 178 176
19 8 181 183 181
20 8 180 182 180
21 8 170 172 170
22 8 150 152 150
23 8 157 159 157
24 8 178 179 176
25 8 188 188 186
26 8 188 189 186
27 8 189 189 187
28 8 186 187 184
29 8 187 188 185
30 8 190 191 189
31 8 192 193 190
32 8 194 194 192
33 8 196 196 194
34 8 197 197 194
35 8 198 198 195
36 8 199 198 196
37 8 200 197 194
38 8 199 192 187
39 8 198 186 179
17 9 169 171 170
18 9 179 182 181
19 9 183 184 183
20 9 162 164 162
21 9 96 97 96
22 9 41 42 41
23 9 72 75 74
24 9 157 158 156
25 9 186 187 184
26 9 186 186 184
27 9 174 174 172
28 9 143 144 142
29 9 143 144 143
30 9 167 169 167
31 9 190 191 189
32 9 194 195 193
33 9 195 196 193
34 9 194 195 192
35 9 190 190 188
36 9 189 189 187
37 9 195 194 192
38 9 198 194 190
39 9 199 190 185
17 10 178 182 181
18 10 183 186 185
19 10 180 182 180
20 10 134 136 133
21 10 34 34 33
22 10 12 13 12
23 10 93 95 94
24 10 166 167 165
25 10 185 186 183
26 10 172 173 170
27 10 113 113 111
28 10 34 35 34
29 10 26 27 27
30 10 111 113 111
31 10 182 184 182
32 10 194 194 192
33 10 191 192 189
34 10 171 172 169
35 10 135 135 133
36 10 129 130 128
37 10 161 162 160
38 10 188 185 183
39 10 198 192 187
40 10 198 188 181
18 11 184 187 186
19 11 180 181 180
20 11 138 139 136
21 11 92 93 90
22 11 101 102 100
23 11 152 154 152
24 11 180 181 178
25 11 184 185 182
26 11 167 167 164
27 11 81 81 79
28 11 5 5 4
29 11 40 41 40
30 11 127 129 126
31 11 183 184 181
32 11 192 193 190
33 11 182 182 180
34 11 119 119 116
35 11 27 27 26
36 11 18 19 18
37 11 101 100 99
38 11 180 179 177
39 11 198 194 191
40 11 199 190 184
41 11 196 182 173
18 12 184 187 187
19 12 185 187 185
20 12 178 179 176
21 12 169 169 167
22 12 170 170 167
23 12 178 179 176
24 12 184 184 182
25 12 184 184 181
26 12 169 169 167
27 12 124 125 122
28 12 87 86 83
29 12 121 120 117
30 12 170 170 167
31 12 190 190 187
32 12 192 192 189
33 12 170 170 167
34 12 74 74 72
35 12 10 10 10
36 12 25 25 25
37 12 113 114 112
38 12 184 183 181
39 12 200 197 193
40 12 198 191 186
41 12 193 180 171
18 13 185 188 187
19 13 187 188 187
20 13 186 187 184
21 13 183 182 179
22 13 183 182 179
23 13 183 183 180
24 13 185 185 182
25 13 183 184 181
26 13 180 181 178
27 13 175 176 173
28 13 170 170 167
29 13 175 175 172
30 13 186 185 183
31 13 192 191 188
32 13 192 191 189
33 13 183 182 179
34 13 131 131 127
35 13 97 97 94
36 13 110 110 107
37 13 161 160 158
38 13 193 192 189
39 13 198 195 191
40 13 191 184 178
41 13 179 168 159
42 13 180 168 158
19 14 186 188 187
20 14 188 188 186
21 14 186 186 182
22 14 183 182 179
23 14 184 183 180
24 14 184 184 181
25 14 184 184 181
26 14 182 183 180
27 14 183 184 181
28 14 186 186 183
29 14 187 187 184
30 14 188 188 185
31 14 191 191 188
32 14 192 192 189
33 14 192 191 188
34 14 184 183 179
35 14 179 179 175
36 14 180 179 176
37 14 190 189 185
38 14 193 190 187
39 14 180 176 171
40 14 145 139 132
41 14 145 138 131
42 14 179 173 166
19 15 186 188 187
20 15 187 188 187
21 15 187 187 184
22 15 184 183 180
23 15 183 182 179
24 15 180 180 177
25 15 172 173 169
26 15 167 168 165
27 15 169 170 167
28 15 183 183 180
29 15 187 187 184
30 15 188 188 185
31 15 191 190 187
32 15 192 191 187
33 15 193 192 188
34 15 193 192 188
35 15 194 193 190
36 15 194 192 188
37 15 183 180 176
38 15 149 145 139
39 15 95 90 85
40 15 85 82 77
41 15 125 121 116
42 15 168 163 156
43 15 182 177 170
20 16 186 188 186
21 16 187 188 185
22 16 186 185 182
23 16 182 181 178
24 16 166 165 162
25 16 124 125 122
26 16 92 92 90
27 16 104 104 102
28 16 169 169 167
29 16 186 186 183
30 16 189 188 184
31 16 190 189 185
32 16 192 190 186
33 16 193 191 188
34 16 193 192 188
35 16 188 186 182
36 16 166 164 159
37 16 114 111 106
38 16 55 53 50
39 16 24 23 21
40 16 42 41 39
41 16 106 103 99
42 16 150 145 138
43 16 180 175 168
20 17 185 186 185
21 17 186 186 184
22 17 185 185 182
23 17 176 176 173
24 17 129 129 126
25 17 44 44 42
26 17 9 9 8
27 17 45 45 44
28 17 152 152 149
29 17 185 183 180
30 17 189 187 183
31 17 189 188 183
32 17 191 189 185
33 17 190 188 184
34 17 181 179 176
35 17 145 143 139
36 17 102 100 96
37 17 33 32 30
38 17 5 5 5
39 17 23 23 23
40 17 75 75 72
41 17 109 106 101
42 17 133 130 123
43 17 167 162 156
44 17 178 173 166
21 18 184 185 183
22 18 184 184 181
23 18 173 172 169
24 18 117 116 112
25 18 16 15 14
26 18 8 8 7
27 18 88 88 85
28 18 166 165 161
29 18 186 184 179
30 18 187 185 181
31 18 189 187 183
32 18 184 183 179
33 18 156 155 151
34 18 126 125 122
35 18 113 113 109
36 18 84 83 80
37 18 46 46 44
38 18 51 51 50
39 18 82 81 79
40 18 103 102 98
41 18 110 107 102
42 18 112 110 105
43 18 151 147 141
44 18 178 174 167
21 19 181 181 178
22 19 182 181 177
23 19 177 176 172
24 19 153 151 147
25 19 99 97 92
26 19 103 101 96
27 19 149 147 142
28 19 179 177 172
29 19 187 185 181
30 19 184 183 180
31 19 163 163 159
32 19 132 132 128
33 19 119 118 115
34 19 114 114 110
35 19 117 116 113
36 19 104 104 101
37 19 95 95 92
38 19 103 102 99
39 19 108 107 103
40 19 109 108 104
41 19 111 109 104
42 19 112 110 105
43 19 131 128 122
44 19 167 163 157
22 20 181 179 175
23 20 182 180 175
24 20 178 176 171
25 20 165 163 158
26 20 170 168 163
27 20 180 178 174
28 20 182 180 176
29 20 170 170 167
30 20 137 137 133
31 20 120 121 117
32 20 117 117 113
33 20 115 115 111
34 20 118 118 114
35 20 115 114 111
36 20 113 113 110
37 20 112 111 108
38 20 113 113 110
39 20 111 110 106
40 20 107 106 102
41 20 101 100 95
42 20 99 97 93
43 20 113 112 107
44 20 149 145 140
45 20 170 165 158
22 21 178 175 172
23 21 181 179 175
24 21 182 180 176
25 21 181 178 173
26 21 182 181 177
27 21 177 177 174
28 21 141 142 139
29 21 93 94 91
30 21 81 81 79
31 21 101 102 99
32 21 115 115 112
33 21 115 115 112
34 21 115 114 111
35 21 114 113 110
36 21 113 112 109
37 21 113 113 110
38 21 112 111 108
39 21 104 103 100
40 21 85 84 81
41 21 57 57 53
42 21 44 43 41
43 21 78 77 74
44 21 132 127 121
45 21 160 152 144
23 22 177 175 171
24 22 182 181 177
25 22 178 178 175
26 22 152 153 150
27 22 93 94 92
28 22 41 41 39
29 22 15 15 14
30 22 39 40 39
31 22 96 97 95
32 22 112 112 109
33 22 114 114 111
34 22 116 116 113
35 22 113 112 109
36 22 111 110 107
37 22 110 109 106
38 22 107 107 103
39 22 93 92 89
40 22 44 43 41
41 22 11 11 10
42 22 35 34 33
43 22 91 89 85
44 22 106 98 92
45 22 145 131 122
23 23 172 172 169
24 23 164 165 163
25 23 133 134 131
26 23 99 101 98
27 23 38 39 38
28 23 13 13 13
29 23 37 39 39
30 23 79 80 79
31 23 107 108 106
32 23 114 114 111
33 23 114 114 111
34 23 112 111 108
35 23 110 109 106
36 23 109 109 106
37 23 110 110 107
38 23 108 107 104
39 23 79 78 76
40 23 46 45 44
41 23 58 56 54
42 23 80 76 72
43 23 85 81 76
44 23 94 85 78
24 24 119 121 118
25 24 118 120 117
26 24 103 105 103
27 24 73 76 74
28 24 78 81 79
29 24 92 94 92
30 24 107 108 105
31 24 113 114 111
32 24 110 110 108
33 24 109 109 106
34 24 112 112 109
35 24 110 110 107
36 24 107 106 103
37 24 108 107 104
38 24 108 107 105
39 24 99 98 95
40 24 91 88 85
41 24 82 77 73
42 24 80 75 70
43 24 57 52 48
25 25 125 127 124
26 25 118 119 117
27 25 109 110 108
28 25 108 110 107
29 25 111 112 109
30 25 112 112 109
31 25 106 106 104
32 25 106 107 104
33 25 103 103 100
34 25 100 100 97
35 25 107 107 104
36 25 108 107 105
37 25 108 107 104
38 25 107 105 101
39 25 96 93 89
40 25 101 96 91
41 25 58 55 51
26 26 115 116 114
27 26 117 118 115
28 26 112 113 110
29 26 112 113 110
30 26 106 107 104
31 26 90 90 88
32 26 61 61 60
33 26 53 53 51
34 26 76 77 75
35 26 106 105 103
36 26 107 105 102
37 26 103 100 95
38 26 92 88 84
39 26 63 60 56
27 27 124 125 122
28 27 113 114 111
29 27 110 111 108
30 27 87 88 85
31 27 38 38 37
32 27 11 11 11
33 27 34 35 35
34 27 85 85 83
35 27 103 101 98
36 27 95 92 88
37 27 96 90 85
27 28 65 66 64
28 28 126 127 124
29 28 107 107 105
30 28 77 78 76
31 28 46 47 46
32 28 56 56 54
33 28 77 76 73
34 28 87 85 82
35 28 91 88 84
36 28 61 57 53
28 29 65 66 64
29 29 121 121 119
30 29 101 100 98
31 29 92 91 88
32 29 83 81 77
33 29 91 88 84
34 29 57 54 51
29 30 63 62 60
30 30 109 106 101
31 30 90 87 82
32 30 61 59 56
30 31 152 145 137
