32 1 163 156 148
33 1 166 158 152
34 1 171 166 161
31 2 162 156 148
32 2 169 163 157
33 2 177 173 167
34 2 174 171 166
35 2 175 172 167
29 3 156 151 144
30 3 164 159 152
31 3 171 167 160
32 3 177 174 168
33 3 185 183 179
34 3 178 176 172
35 3 169 167 163
36 3 178 175 171
27 4 157 151 144
28 4 162 157 150
29 4 168 164 158
30 4 174 171 165
31 4 178 176 171
32 4 184 183 178
33 4 190 189 187
34 4 186 185 183
35 4 167 166 163
36 4 166 163 159
26 5 157 152 146
27 5 164 160 155
28 5 171 168 162
29 5 176 174 169
30 5 180 179 174
31 5 184 183 179
32 5 189 188 185
33 5 193 193 191
34 5 193 193 191
35 5 181 182 179
36 5 163 161 158
37 5 170 166 163
24 6 156 151 144
25 6 160 156 150
26 6 167 164 159
27 6 173 171 166
28 6 177 176 172
29 6 181 181 177
30 6 185 185 181
31 6 188 188 184
32 6 191 191 187
33 6 197 197 195
34 6 194 195 193
35 6 190 191 188
36 6 173 173 170
37 6 162 159 156
38 6 174 171 168
23 7 146 141 135
24 7 158 155 149
25 7 165 163 158
26 7 172 171 167
27 7 172 172 169
28 7 175 176 172
29 7 184 184 181
30 7 183 184 181
31 7 176 176 173
32 7 178 178 175
33 7 195 197 195
34 7 195 196 195
35 7 183 184 181
36 7 185 185 183
37 7 171 171 168
38 7 171 169 166
39 7 176 173 169
21 8 147 141 134
22 8 140 136 129
23 8 138 134 128
24 8 151 150 146
25 8 164 164 161
26 8 157 157 154
27 8 137 138 135
28 8 165 165 163
29 8 177 177 175
30 8 150 151 149
31 8 121 122 119
32 8 169 170 168
33 8 198 199 198
34 8 197 198 197
35 8 178 179 176
36 8 176 177 175
37 8 182 183 180
38 8 173 173 170
39 8 176 173 170
20 9 141 130 121
21 9 139 132 126
22 9 120 117 112
23 9 115 114 110
24 9 153 153 150
25 9 146 146 143
26 9 104 105 102
27 9 137 138 135
28 9 169 170 168
29 9 146 148 146
30 9 102 104 102
31 9 154 156 154
32 9 190 192 190
33 9 194 195 194
34 9 191 194 193
35 9 194 197 196
36 9 168 169 167
37 9 172 173 170
38 9 169 169 167
39 9 172 171 167
40 9 170 168 165
19 10 155 143 134
20 10 150 141 133
21 10 129 124 118
22 10 108 108 105
23 10 148 148 145
24 10 162 163 160
25 10 136 137 135
26 10 153 154 151
27 10 178 179 177
28 10 174 176 174
29 10 150 152 150
30 10 169 170 168
31 10 188 189 187
32 10 186 187 186
33 10 169 170 168
34 10 164 165 164
35 10 189 192 191
36 10 185 187 186
37 10 153 154 151
38 10 158 158 156
39 10 155 155 152
40 10 162 160 157
41 10 160 156 153
19 11 167 159 151
20 11 159 152 146
21 11 148 146 142
22 11 161 161 158
23 11 174 175 172
24 11 175 176 173
25 11 176 177 174
26 11 187 188 185
27 11 190 191 189
28 11 188 189 187
29 11 189 190 188
30 11 186 187 185
31 11 170 172 169
32 11 139 140 137
33 11 125 125 123
34 11 144 145 142
35 11 166 168 166
36 11 189 192 190
37 11 172 173 171
38 11 164 164 162
39 11 140 140 138
40 11 147 146 143
41 11 145 142 139
42 11 160 156 154
19 12 168 162 155
20 12 173 169 164
21 12 175 174 171
22 12 180 180 177
23 12 183 184 181
24 12 186 187 184
25 12 190 190 188
26 12 192 193 191
27 12 194 195 193
28 12 191 192 190
29 12 178 179 177
30 12 151 152 150
31 12 101 103 100
32 12 51 52 50
33 12 48 49 47
34 12 83 84 81
35 12 139 139 136
36 12 174 176 174
37 12 192 194 192
38 12 182 183 180
39 12 166 166 163
40 12 143 143 140
41 12 136 134 131
42 12 148 143 139
19 13 176 170 163
20 13 179 176 172
21 13 181 181 177
22 13 185 185 182
23 13 187 187 184
24 13 190 191 188
25 13 191 192 189
26 13 192 193 191
27 13 186 186 184
28 13 167 168 166
29 13 146 148 145
30 13 105 107 105
31 13 32 33 32
32 13 2 2 2
33 13 3 3 3
34 13 11 11 11
35 13 102 102 99
36 13 148 148 145
37 13 179 180 179
38 13 195 196 193
39 13 187 187 184
40 13 165 165 162
41 13 148 147 144
42 13 141 136 132
43 13 152 146 142
18 14 180 173 165
19 14 178 173 167
20 14 183 181 177
21 14 185 185 182
22 14 187 187 185
23 14 190 190 187
24 14 192 192 190
25 14 188 189 187
26 14 169 170 168
27 14 141 142 140
28 14 128 129 127
29 14 131 132 130
30 14 110 113 111
31 14 37 38 38
32 14 1 1 1
33 14 1 1 1
34 14 21 21 20
35 14 90 89 87
36 14 137 137 133
37 14 154 155 151
38 14 185 186 184
39 14 194 194 192
40 14 183 182 179
41 14 169 169 166
42 14 151 149 146
43 14 147 143 138
18 15 183 178 171
19 15 181 177 172
20 15 185 184 181
21 15 187 187 185
22 15 189 189 186
23 15 188 189 186
24 15 180 180 178
25 15 156 157 155
26 15 113 114 112
27 15 60 61 59
28 15 57 58 57
29 15 74 76 75
30 15 114 118 117
31 15 90 94 93
32 15 32 34 33
33 15 39 40 39
34 15 75 76 74
35 15 121 121 117
36 15 140 140 136
37 15 142 142 138
38 15 158 158 155
39 15 188 188 186
40 15 188 187 184
41 15 172 172 169
42 15 162 161 158
43 15 158 156 152
18 16 184 179 172
19 16 184 181 175
20 16 186 186 183
21 16 188 188 185
22 16 185 185 183
23 16 167 168 165
24 16 145 146 143
25 16 110 112 109
26 16 38 39 38
27 16 3 3 3
28 16 4 4 4
29 16 7 7 7
30 16 84 87 86
31 16 125 128 126
32 16 111 112 110
33 16 116 117 114
34 16 121 121 118
35 16 136 136 133
36 16 138 137 133
37 16 141 141 136
38 16 140 139 134
39 16 164 163 160
40 16 188 188 185
41 16 175 173 170
42 16 154 152 149
43 16 164 162 158
44 16 159 157 152
18 17 180 175 167
19 17 183 181 175
20 17 182 182 178
21 17 170 171 168
22 17 144 145 143
23 17 122 123 120
24 17 122 124 121
25 17 108 110 109
26 17 45 47 47
27 17 3 3 3
29 17 15 15 14
30 17 85 86 84
31 17 129 130 127
32 17 135 135 132
33 17 135 135 132
34 17 136 136 132
35 17 137 136 132
36 17 137 137 133
37 17 136 135 130
38 17 139 137 132
39 17 137 136 130
40 17 167 166 161
41 17 182 181 177
42 17 149 147 143
43 17 153 151 147
44 17 162 159 155
17 18 169 161 150
18 18 172 166 157
19 18 175 172 166
20 18 157 157 153
21 18 114 115 112
22 18 65 66 64
23 18 45 46 45
24 18 51 52 51
25 18 86 90 88
26 18 86 90 89
27 18 44 46 44
28 18 34 35 33
29 18 70 71 69
30 18 113 114 110
31 18 133 133 130
32 18 135 135 131
33 18 136 136 132
34 18 135 135 131
35 18 135 134 130
36 18 134 133 128
37 18 133 131 126
38 18 132 130 125
39 18 132 130 124
40 18 139 137 131
41 18 170 169 164
42 18 173 170 166
43 18 143 141 136
44 18 159 156 151
18 19 152 144 133
19 19 145 141 133
20 19 125 124 120
21 19 60 61 59
22 19 6 7 6
24 19 2 2 2
25 19 49 51 49
26 19 114 117 115
27 19 113 114 111
28 19 113 114 111
29 19 119 119 116
30 19 129 129 126
31 19 134 134 130
32 19 134 133 130
33 19 134 134 130
34 19 133 133 129
35 19 133 133 129
36 19 131 131 126
37 19 123 122 117
38 19 117 116 111
39 19 109 107 101
40 19 117 114 108
41 19 141 139 134
42 19 171 169 164
43 19 164 161 155
44 19 160 157 151
19 20 150 144 135
20 20 126 124 118
21 20 78 78 75
22 20 20 20 20
23 20 1 1 1
24 20 10 10 10
25 20 64 65 63
26 20 118 119 116
27 20 132 133 129
28 20 133 133 129
29 20 131 131 128
30 20 133 133 130
31 20 132 132 129
32 20 133 132 129
33 20 131 131 127
34 20 133 132 128
35 20 129 129 125
36 20 126 126 121
37 20 98 97 92
38 20 64 63 60
39 20 41 40 37
40 20 53 52 48
41 20 110 108 102
42 20 146 144 138
43 20 172 169 164
44 20 168 164 159
45 20 163 160 155
20 21 142 136 127
21 21 109 106 101
22 21 77 77 75
23 21 50 50 48
24 21 68 69 67
25 21 102 103 100
26 21 127 127 124
27 21 132 132 129
28 21 132 131 128
29 21 132 131 128
30 21 132 131 128
31 21 133 133 129
32 21 129 129 125
33 21 129 129 125
34 21 125 125 121
35 21 126 126 121
36 21 110 110 107
37 21 54 54 51
38 21 11 11 10
40 21 4 4 4
41 21 70 68 64
42 21 118 115 110
43 21 151 148 143
44 21 169 165 160
45 21 167 162 157
21 22 139 134 126
22 22 123 121 117
23 22 115 114 111
24 22 120 120 117
25 22 125 125 122
26 22 131 130 127
27 22 132 131 128
28 22 131 130 127
29 22 130 130 126
30 22 130 130 127
31 22 127 126 122
32 22 121 121 117
33 22 109 109 105
34 22 99 99 95
35 22 94 94 91
36 22 106 106 103
37 22 59 59 57
38 22 9 10 9
39 22 4 4 3
40 22 15 15 14
41 22 69 67 63
42 22 112 109 103
43 22 123 119 113
44 22 145 138 132
45 22 158 149 142
21 23 59 54 48
22 23 143 137 130
23 23 130 128 123
24 23 129 128 125
25 23 130 129 126
26 23 131 130 127
27 23 129 129 125
28 23 128 128 124
29 23 129 129 125
30 23 128 127 124
31 23 124 124 120
32 23 97 98 94
33 23 56 56 54
34 23 29 29 28
35 23 26 27 26
36 23 74 75 72
37 23 98 98 95
38 23 60 60 57
39 23 52 51 49
40 23 72 70 66
41 23 103 99 94
42 23 112 108 101
43 23 109 104 97
44 23 94 87 80
45 23 144 132 124
22 24 60 55 49
23 24 142 136 129
24 24 128 126 121
25 24 129 128 125
26 24 128 128 125
27 24 128 127 124
28 24 126 125 122
29 24 124 124 121
30 24 122 121 118
31 24 117 118 114
32 24 69 69 67
33 24 10 10 9
34 24 1 1 1
35 24 2 2 2
36 24 44 43 41
37 24 104 103 99
38 24 109 107 102
39 24 102 100 95
40 24 111 107 102
41 24 107 102 96
42 24 92 87 81
43 24 91 85 78
23 25 60 55 50
24 25 138 133 126
25 25 127 125 121
26 25 128 127 124
27 25 121 121 117
28 25 103 104 101
29 25 90 91 88
30 25 90 90 86
31 25 97 97 94
32 25 91 91 89
33 25 40 40 39
34 25 12 12 12
35 25 19 19 17
36 25 71 70 66
37 25 108 107 102
38 25 115 112 107
39 25 114 110 104
40 25 94 90 85
41 25 81 76 71
42 25 45 42 38
24 26 121 113 104
25 26 133 128 122
26 26 123 122 118
27 26 105 105 102
28 26 49 49 48
29 26 21 21 20
30 26 24 24 22
31 26 40 39 38
32 26 98 99 96
33 26 94 94 91
34 26 72 71 69
35 26 85 83 79
36 26 104 102 97
37 26 112 109 104
38 26 103 99 94
39 26 99 95 89
40 26 49 46 42
25 27 140 133 124
26 27 126 121 116
27 27 89 87 84
28 27 21 21 20
29 27 1 1 1
30 27 1 1 1
31 27 29 28 27
32 27 98 97 95
33 27 115 114 110
34 27 112 110 106
35 27 109 106 101
36 27 108 104 99
37 27 105 101 96
38 27 52 49 46
26 28 131 123 114
27 28 99 92 85
28 28 52 49 46
29 28 30 30 28
30 28 32 31 29
31 28 68 67 64
32 28 108 107 103
33 28 114 111 107
34 28 109 106 101
35 28 98 94 89
36 28 104 100 94
27 29 128 118 108
28 29 107 101 95
29 29 95 92 87
30 29 96 94 89
31 29 106 104 99
32 29 109 106 101
33 29 99 96 91
34 29 89 85 80
28 30 134 122 112
29 30 116 107 99
30 30 111 105 98
31 30 94 90 84
32 30 82 79 74
33 30 50 47 44
29 31 118 103 91
30 31 98 88 80
31 31 52 47 42
