30 0 160 153 145
31 0 181 182 179
32 0 190 193 191
29 1 73 70 66
30 1 152 149 142
31 1 190 191 188
32 1 195 196 194
33 1 193 194 191
28 2 45 45 42
29 2 114 112 107
30 2 166 164 159
31 2 197 197 194
32 2 203 194 192
33 2 199 192 189
34 2 193 192 190
35 2 187 188 185
27 3 56 55 52
28 3 104 103 99
29 3 110 109 106
30 3 179 176 172
31 3 200 199 197
32 3 205 189 187
33 3 207 177 175
34 3 202 186 184
35 3 195 191 188
36 3 188 188 186
26 4 53 52 50
27 4 108 107 103
28 4 97 97 94
29 4 112 110 106
30 4 190 188 185
31 4 201 197 195
32 4 205 185 184
33 4 207 176 175
34 4 208 166 166
35 4 205 178 177
36 4 196 186 184
37 4 191 188 186
38 4 181 180 178
25 5 52 51 48
26 5 118 117 114
27 5 117 117 114
28 5 81 81 79
29 5 134 132 128
30 5 195 194 191
31 5 203 196 194
32 5 207 170 169
33 5 207 165 166
34 5 208 157 158
35 5 209 148 148
36 5 207 156 155
37 5 199 177 175
38 5 190 185 183
39 5 181 183 180
24 6 65 65 62
25 6 118 118 114
26 6 132 133 129
27 6 118 119 116
28 6 114 114 111
29 6 163 160 157
30 6 199 198 195
31 6 204 194 192
32 6 207 169 168
33 6 207 169 170
34 6 206 162 164
35 6 207 157 158
36 6 205 163 162
37 6 201 176 174
38 6 192 186 184
39 6 186 188 185
40 6 182 184 181
23 7 53 52 50
24 7 111 111 107
25 7 130 131 127
26 7 135 135 132
27 7 129 130 127
28 7 143 142 139
29 7 178 175 172
30 7 202 199 197
31 7 204 187 185
32 7 206 158 158
33 7 207 155 156
34 7 205 170 171
35 7 201 181 181
36 7 196 188 187
37 7 192 190 188
38 7 189 189 187
39 7 186 188 185
40 7 183 186 183
41 7 182 184 181
42 7 175 177 174
22 8 39 38 36
23 8 93 92 89
24 8 117 117 114
25 8 132 133 130
26 8 133 133 131
27 8 138 138 135
28 8 145 144 141
29 8 188 186 182
30 8 202 198 196
31 8 203 178 176
32 8 204 162 161
33 8 205 163 163
34 8 203 176 176
35 8 196 190 188
36 8 190 191 189
37 8 187 190 187
38 8 187 190 187
39 8 187 189 186
40 8 186 188 185
41 8 183 185 182
42 8 180 182 179
43 8 176 177 174
21 9 51 50 48
22 9 90 89 86
23 9 90 90 87
24 9 113 113 111
25 9 118 119 116
26 9 121 122 120
27 9 135 136 133
28 9 145 142 139
29 9 194 191 188
30 9 201 195 192
31 9 202 169 167
32 9 203 157 157
33 9 202 174 174
34 9 199 183 182
35 9 193 190 189
36 9 178 180 178
37 9 164 167 164
38 9 176 179 176
39 9 186 188 185
40 9 186 188 185
41 9 185 187 184
42 9 182 184 180
43 9 178 179 175
44 9 169 166 159
21 10 84 85 82
22 10 97 97 95
23 10 78 79 77
24 10 101 101 98
25 10 83 84 81
26 10 117 118 115
27 10 112 112 109
28 10 140 136 132
29 10 196 193 189
30 10 200 189 186
31 10 200 151 149
32 10 200 114 113
33 10 201 145 145
34 10 199 176 175
35 10 191 188 186
36 10 161 163 161
37 10 86 88 86
38 10 117 121 118
39 10 172 175 172
40 10 187 189 186
41 10 186 188 184
42 10 183 185 182
43 10 181 181 177
44 10 171 168 161
45 10 153 146 135
20 11 44 44 42
21 11 83 84 81
22 11 82 83 81
23 11 90 91 88
24 11 74 74 72
25 11 94 95 92
26 11 110 110 108
27 11 81 80 77
28 11 155 149 145
29 11 197 194 190
30 11 198 181 178
31 11 199 142 139
32 11 198 110 110
33 11 199 122 122
34 11 200 168 167
35 11 193 189 187
36 11 173 175 172
37 11 91 93 91
38 11 37 39 38
39 11 136 139 136
40 11 182 184 181
41 11 186 188 185
42 11 184 186 182
43 11 182 183 179
44 11 175 172 165
45 11 169 161 151
20 12 100 100 96
21 12 99 99 95
22 12 101 101 99
23 12 101 102 99
24 12 89 89 87
25 12 116 116 114
26 12 80 80 77
27 12 91 88 85
28 12 176 169 163
29 12 194 190 185
30 12 196 185 181
31 12 198 161 158
32 12 198 135 134
33 12 196 108 108
34 12 198 144 143
35 12 196 185 183
36 12 187 187 185
37 12 152 154 151
38 12 74 76 74
39 12 112 115 113
40 12 178 181 178
41 12 187 189 186
42 12 186 187 184
43 12 182 183 179
44 12 177 175 168
45 12 171 164 155
20 13 91 90 87
21 13 116 116 112
22 13 122 122 119
23 13 113 113 110
24 13 122 121 118
25 13 120 119 116
26 13 88 87 84
27 13 124 120 115
28 13 150 139 132
29 13 174 167 160
30 13 189 185 179
31 13 194 183 179
32 13 196 164 160
33 13 196 134 132
34 13 196 135 134
35 13 196 171 169
36 13 192 191 188
37 13 184 185 182
38 13 163 165 163
39 13 163 165 163
40 13 183 185 183
41 13 187 189 185
42 13 186 188 184
43 13 183 184 180
44 13 178 176 169
45 13 172 166 155
19 14 50 49 46
20 14 97 96 93
21 14 126 126 122
22 14 125 125 122
23 14 126 127 123
24 14 134 134 130
25 14 129 128 124
26 14 121 119 114
27 14 116 112 106
28 14 62 58 55
29 14 93 86 80
30 14 156 150 143
31 14 183 179 174
32 14 191 184 180
33 14 195 175 172
34 14 196 156 154
35 14 195 153 151
36 14 193 183 181
37 14 191 192 189
38 14 189 191 188
39 14 187 189 186
40 14 189 190 187
41 14 188 189 186
42 14 186 188 184
43 14 184 184 180
44 14 179 177 170
45 14 174 167 156
19 15 97 95 91
20 15 114 113 109
21 15 119 119 116
22 15 117 117 114
23 15 133 132 129
24 15 138 136 132
25 15 132 131 126
26 15 119 116 111
27 15 62 59 55
28 15 37 35 33
29 15 34 33 30
30 15 49 46 43
31 15 130 125 119
32 15 170 167 162
33 15 188 184 180
34 15 192 182 179
35 15 195 170 167
36 15 195 175 173
37 15 192 189 186
38 15 191 192 189
39 15 190 191 188
40 15 190 191 188
41 15 188 190 186
42 15 187 189 185
43 15 185 186 181
44 15 180 177 170
45 15 175 168 158
19 16 106 103 100
20 16 113 112 108
21 16 92 92 89
22 16 115 114 111
23 16 135 133 129
24 16 133 131 126
25 16 116 114 109
26 16 60 59 55
27 16 31 30 28
28 16 12 11 10
29 16 9 8 8
30 16 13 13 12
31 16 30 29 27
32 16 88 85 80
33 16 153 149 142
34 16 182 179 174
35 16 190 185 182
36 16 193 183 179
37 16 193 189 186
38 16 191 192 189
39 16 190 191 188
40 16 190 191 188
41 16 189 190 187
42 16 187 188 185
43 16 185 185 181
44 16 181 177 170
45 16 177 168 158
18 17 49 45 43
19 17 80 77 74
20 17 93 92 88
21 17 72 71 68
22 17 121 119 115
23 17 130 128 123
24 17 116 114 110
25 17 67 66 63
26 17 50 49 47
27 17 27 26 25
28 17 5 5 5
30 17 2 2 2
31 17 18 18 17
32 17 44 43 41
33 17 56 54 51
34 17 121 117 111
35 17 169 166 160
36 17 186 184 180
37 17 190 190 186
38 17 191 191 188
39 17 191 191 188
40 17 191 191 188
41 17 189 190 187
42 17 188 188 184
43 17 186 185 181
44 17 181 176 169
45 17 177 166 155
18 18 49 46 44
19 18 96 92 87
20 18 74 73 70
21 18 97 95 91
22 18 122 120 116
23 18 113 112 109
24 18 69 68 65
25 18 58 58 55
26 18 55 55 52
27 18 42 42 40
28 18 25 25 24
29 18 17 17 16
30 18 19 19 18
31 18 35 35 33
32 18 50 49 47
33 18 56 55 52
34 18 57 55 52
35 18 81 78 73
36 18 147 144 138
37 18 180 178 173
38 18 188 187 183
39 18 190 190 187
40 18 191 191 188
41 18 190 190 187
42 18 189 189 186
43 18 186 186 181
44 18 182 176 169
45 18 177 165 152
18 19 104 99 94
19 19 103 99 94
20 19 97 95 90
21 19 118 117 113
22 19 104 104 101
23 19 69 69 66
24 19 60 59 57
25 19 58 58 56
26 19 59 58 56
27 19 56 56 54
28 19 50 50 48
29 19 46 46 45
30 19 47 47 46
31 19 52 52 50
32 19 56 55 53
33 19 57 57 54
34 19 57 56 53
35 19 58 57 53
36 19 58 56 53
37 19 113 109 103
38 19 166 163 157
39 19 184 183 178
40 19 188 188 184
41 19 190 190 186
42 19 188 189 185
43 19 186 185 180
44 19 182 175 168
18 20 87 83 79
19 20 118 115 110
20 20 117 117 113
21 20 91 91 89
22 20 63 63 61
23 20 55 55 53
24 20 57 57 55
25 20 59 59 56
26 20 59 59 57
27 20 59 59 57
28 20 59 59 57
29 20 58 58 56
30 20 59 58 56
31 20 58 58 56
32 20 58 57 55
33 20 59 58 56
34 20 58 58 55
35 20 58 57 54
36 20 57 56 53
37 20 55 54 51
38 20 73 71 67
39 20 142 139 133
40 20 176 173 168
41 20 186 185 180
42 20 187 187 183
43 20 186 184 179
44 20 181 173 165
17 21 45 41 38
18 21 101 98 93
19 21 120 120 117
20 21 88 89 87
21 21 48 49 47
22 21 27 27 26
23 21 28 28 27
24 21 37 37 36
25 21 53 54 52
26 21 60 60 58
27 21 60 60 58
28 21 60 60 58
29 21 60 59 57
30 21 60 59 57
31 21 60 59 57
32 21 59 59 57
33 21 59 59 57
34 21 58 58 55
35 21 57 57 54
36 21 49 48 46
37 21 39 38 35
38 21 34 34 32
39 21 35 34 33
40 21 101 98 94
41 21 160 157 151
42 21 180 177 172
43 21 183 178 172
44 21 179 169 160
17 22 106 105 101
18 22 103 103 100
19 22 82 83 80
20 22 57 58 56
21 22 27 27 26
22 22 3 3 3
23 22 3 3 3
24 22 12 13 12
25 22 41 42 41
26 22 59 59 57
27 22 61 61 59
28 22 61 60 58
29 22 61 60 58
30 22 60 60 58
31 22 60 60 58
32 22 61 60 58
33 22 60 59 57
34 22 59 59 57
35 22 56 56 53
36 22 37 36 34
37 22 14 13 12
38 22 6 6 5
39 22 8 7 7
40 22 25 25 24
41 22 59 58 55
42 22 137 132 126
43 22 166 157 148
44 22 171 156 145
18 23 60 61 59
19 23 63 64 62
20 23 60 61 59
21 23 43 44 43
22 23 22 23 22
23 23 16 17 16
24 23 24 25 25
25 23 46 47 47
26 23 60 61 59
27 23 61 61 59
28 23 61 61 59
29 23 61 61 59
30 23 61 61 59
31 23 61 60 58
32 23 61 60 58
33 23 60 60 58
34 23 61 60 58
35 23 58 57 55
36 23 41 40 38
37 23 17 17 16
38 23 7 7 6
39 23 5 5 5
40 23 19 19 18
41 23 48 47 45
42 23 69 65 61
43 23 107 96 88
44 23 166 149 137
20 24 61 63 61
21 24 58 59 58
22 24 53 54 53
23 24 50 52 50
24 24 53 55 54
25 24 58 59 58
26 24 61 62 60
27 24 62 62 60
28 24 62 62 60
29 24 62 62 60
30 24 62 61 59
31 24 62 61 59
32 24 62 61 59
33 24 61 61 59
34 24 62 61 59
35 24 61 61 59
36 24 56 55 53
37 24 45 45 43
38 24 38 38 37
39 24 36 35 34
40 24 52 50 48
41 24 55 52 49
42 24 60 56 52
43 24 59 54 49
21 25 60 62 60
22 25 62 63 61
23 25 62 63 61
24 25 63 64 62
25 25 63 64 62
26 25 64 64 62
27 25 63 63 61
28 25 62 62 61
29 25 61 61 59
30 25 57 57 55
31 25 56 56 54
32 25 57 57 55
33 25 61 61 58
34 25 62 62 60
35 25 62 62 60
36 25 63 62 60
37 25 60 60 58
38 25 60 59 56
39 25 73 70 66
40 25 80 75 71
41 25 58 54 50
23 26 64 65 63
24 26 64 65 63
25 26 64 64 62
26 26 64 64 62
27 26 63 64 62
28 26 61 62 60
29 26 51 52 50
30 26 31 31 30
31 26 27 27 26
32 26 31 32 30
33 26 47 47 45
34 26 60 60 58
35 26 63 63 61
36 26 63 63 60
37 26 70 68 65
38 26 62 59 56
39 26 72 67 63
40 26 61 57 53
25 27 63 63 61
26 27 64 64 62
27 27 64 65 63
28 27 63 63 61
29 27 45 45 44
30 27 13 13 13
31 27 2 2 2
32 27 5 5 5
33 27 27 28 27
34 27 55 56 55
35 27 62 62 60
36 27 70 68 64
37 27 84 79 75
38 27 62 58 53
27 28 64 64 62
28 28 63 63 61
29 28 55 56 54
30 28 38 39 38
31 28 24 25 24
32 28 25 26 25
33 28 36 37 36
34 28 62 61 59
35 28 62 60 57
36 28 67 63 59
37 28 62 58 54
29 29 62 63 61
30 29 60 61 59
31 29 57 57 55
32 29 57 56 54
33 29 63 62 58
34 29 77 74 70
35 29 61 58 54
30 30 62 62 61
31 30 60 59 56
32 30 65 62 58
33 30 60 57 52
34 30 61 57 52
