29 0 183 187 185
30 0 188 192 190
28 1 187 190 188
29 1 192 194 192
30 1 194 196 194
31 1 194 196 194
32 1 193 195 193
27 2 190 193 190
28 2 193 193 191
29 2 199 192 190
30 2 203 191 188
31 2 199 194 192
32 2 196 196 194
33 2 194 195 193
34 2 193 195 193
26 3 189 191 189
27 3 192 193 191
28 3 197 194 192
29 3 204 184 182
30 3 209 165 162
31 3 207 177 176
32 3 202 188 187
33 3 198 193 191
34 3 196 196 194
35 3 197 197 196
36 3 195 196 194
25 4 189 191 189
26 4 192 193 191
27 4 197 191 189
28 4 202 183 181
29 4 203 183 182
30 4 206 174 174
31 4 210 149 149
32 4 210 159 159
33 4 207 175 173
34 4 204 185 183
35 4 201 194 193
36 4 199 197 195
37 4 197 198 196
38 4 195 197 194
24 5 188 190 188
25 5 192 193 191
26 5 197 192 190
27 5 201 180 178
28 5 206 160 159
29 5 207 160 161
30 5 206 162 163
31 5 208 157 159
32 5 209 145 145
33 5 210 137 136
34 5 210 151 149
35 5 208 175 173
36 5 203 194 191
37 5 197 198 196
38 5 196 199 196
39 5 197 199 197
23 6 188 189 188
24 6 192 193 191
25 6 196 193 191
26 6 199 183 181
27 6 204 160 159
28 6 205 164 165
29 6 204 171 173
30 6 206 160 162
31 6 206 159 160
32 6 206 170 170
33 6 204 180 178
34 6 203 185 183
35 6 202 191 189
36 6 200 195 193
37 6 197 198 196
38 6 197 199 196
39 6 198 201 198
40 6 199 201 198
41 6 198 200 197
22 7 188 189 187
23 7 191 191 189
24 7 195 190 188
25 7 198 182 180
26 7 201 162 161
27 7 204 144 144
28 7 205 159 160
29 7 204 169 171
30 7 202 177 177
31 7 199 187 186
32 7 197 190 188
33 7 195 194 192
34 7 194 195 193
35 7 196 197 195
36 7 196 198 195
37 7 196 199 196
38 7 197 199 196
39 7 197 199 197
40 7 198 200 197
41 7 200 201 199
42 7 199 201 198
43 7 198 199 196
21 8 185 186 184
22 8 191 191 189
23 8 193 189 187
24 8 197 177 175
25 8 199 162 161
26 8 200 163 163
27 8 201 146 145
28 8 202 160 160
29 8 198 183 183
30 8 195 188 187
31 8 190 190 188
32 8 188 189 187
33 8 189 192 189
34 8 192 195 192
35 8 194 196 193
36 8 195 198 195
37 8 196 198 196
38 8 197 199 196
39 8 198 200 197
40 8 199 200 197
41 8 200 201 198
42 8 200 201 198
43 8 199 200 197
44 8 198 196 191
45 8 182 175 166
21 9 189 189 186
22 9 192 188 186
23 9 194 180 177
24 9 197 155 153
25 9 199 149 148
26 9 197 172 172
27 9 198 174 174
28 9 197 180 178
29 9 193 189 187
30 9 184 184 182
31 9 169 172 169
32 9 152 155 152
33 9 154 157 154
34 9 177 180 177
35 9 192 194 191
36 9 196 198 195
37 9 197 198 196
38 9 197 199 196
39 9 198 199 196
40 9 198 200 197
41 9 199 201 198
42 9 199 200 197
43 9 199 199 195
44 9 195 191 184
45 9 183 176 167
20 10 187 187 184
21 10 191 187 184
22 10 193 178 175
23 10 193 145 142
24 10 195 112 110
25 10 197 116 114
26 10 198 152 152
27 10 196 170 169
28 10 194 186 184
29 10 187 187 185
30 10 163 166 163
31 10 105 108 106
32 10 51 53 52
33 10 55 57 55
34 10 127 131 128
35 10 183 186 183
36 10 194 197 194
37 10 196 198 195
38 10 197 199 196
39 10 197 199 196
40 10 198 200 196
41 10 198 200 197
42 10 198 199 196
43 10 198 196 191
44 10 189 184 177
45 10 173 168 160
19 11 185 184 180
20 11 188 184 181
21 11 190 174 170
22 11 191 151 148
23 11 193 112 110
24 11 193 94 93
25 11 194 97 97
26 11 197 142 142
27 11 195 177 176
28 11 190 188 186
29 11 186 187 185
30 11 156 158 156
31 11 61 62 61
32 11 4 4 4
33 11 12 13 12
34 11 92 96 94
35 11 175 178 176
36 11 193 196 193
37 11 196 198 195
38 11 197 199 196
39 11 197 198 195
40 11 197 199 196
41 11 198 199 195
42 11 197 197 192
43 11 192 189 182
44 11 167 164 158
45 11 158 155 149
18 12 177 173 167
19 12 184 182 177
20 12 187 182 177
21 12 189 165 160
22 12 191 139 136
23 12 193 127 128
24 12 192 104 104
25 12 192 95 95
26 12 195 129 129
27 12 194 178 177
28 12 190 189 187
29 12 188 189 187
30 12 170 171 169
31 12 108 111 109
32 12 64 66 65
33 12 67 70 69
34 12 142 144 142
35 12 186 189 186
36 12 194 197 194
37 12 196 198 195
38 12 196 198 195
39 12 198 199 196
40 12 197 198 195
41 12 197 197 193
42 12 193 191 185
43 12 172 169 163
44 12 139 137 132
45 12 108 105 101
17 13 155 137 126
18 13 157 149 142
19 13 172 169 162
20 13 182 179 173
21 13 185 175 170
22 13 190 161 157
23 13 192 132 129
24 13 193 122 120
25 13 191 126 125
26 13 193 130 128
27 13 194 177 175
28 13 190 190 187
29 13 190 191 189
30 13 186 188 185
31 13 172 174 171
32 13 162 165 163
33 13 167 170 168
34 13 183 185 183
35 13 193 194 191
36 13 195 196 193
37 13 195 197 194
38 13 196 198 194
39 13 197 198 195
40 13 196 197 193
41 13 194 192 187
42 13 179 176 170
43 13 148 147 143
44 13 128 127 122
18 14 49 44 41
19 14 101 95 89
20 14 158 155 148
21 14 179 176 171
22 14 184 179 175
23 14 188 169 166
24 14 192 153 150
25 14 193 139 137
26 14 192 129 127
27 14 192 171 169
28 14 190 189 186
29 14 190 191 188
30 14 190 191 188
31 14 191 192 190
32 14 191 192 190
33 14 192 193 191
34 14 193 194 191
35 14 194 196 192
36 14 194 196 192
37 14 195 197 193
38 14 196 197 194
39 14 195 196 192
40 14 195 194 189
41 14 187 184 177
42 14 152 150 146
43 14 152 152 149
44 14 140 139 135
18 15 53 49 46
19 15 49 46 43
20 15 61 58 54
21 15 127 123 117
22 15 171 169 164
23 15 183 180 177
24 15 187 179 176
25 15 190 168 165
26 15 192 149 146
27 15 193 169 166
28 15 190 187 185
29 15 190 191 188
30 15 190 191 188
31 15 191 193 189
32 15 192 193 190
33 15 193 194 191
34 15 193 194 191
35 15 194 196 192
36 15 195 196 192
37 15 195 196 192
38 15 195 196 192
39 15 195 194 189
40 15 193 189 184
41 15 166 164 160
42 15 152 153 150
43 15 148 147 143
44 15 154 153 149
18 16 56 54 50
19 16 52 50 47
20 16 33 32 30
21 16 19 18 17
22 16 86 82 77
23 16 155 153 147
24 16 180 179 174
25 16 186 183 180
26 16 189 178 175
27 16 191 178 174
28 16 190 188 185
29 16 190 190 187
30 16 191 192 189
31 16 191 192 189
32 16 192 194 190
33 16 193 195 192
34 16 193 195 191
35 16 194 196 192
36 16 194 195 192
37 16 195 195 192
38 16 195 194 190
39 16 193 189 183
40 16 185 182 177
41 16 159 160 156
42 16 158 158 155
43 16 128 127 123
44 16 167 166 162
18 17 59 57 55
19 17 57 56 53
20 17 48 47 45
21 17 24 23 22
22 17 14 14 13
23 17 53 51 48
24 17 132 129 123
25 17 172 170 165
26 17 184 183 179
27 17 188 187 183
28 17 189 189 186
29 17 190 190 187
30 17 191 192 188
31 17 191 192 188
32 17 192 193 190
33 17 193 194 191
34 17 194 194 191
35 17 194 195 191
36 17 194 195 191
37 17 194 194 190
38 17 193 190 184
39 17 191 187 182
40 17 173 172 169
41 17 162 162 159
42 17 152 152 149
43 17 124 122 118
19 18 60 59 56
20 18 59 59 56
21 18 49 49 47
22 18 32 32 31
23 18 34 33 32
24 18 51 50 47
25 18 92 90 84
26 18 155 152 147
27 18 179 178 174
28 18 187 187 183
29 18 190 190 187
30 18 191 191 188
31 18 192 192 189
32 18 192 193 189
33 18 193 194 191
34 18 194 194 191
35 18 194 194 190
36 18 194 194 189
37 18 193 190 185
38 18 191 186 180
39 18 180 178 174
40 18 166 166 163
41 18 158 158 155
42 18 141 141 138
43 18 90 90 87
19 19 59 60 57
20 19 60 60 58
21 19 58 58 56
22 19 54 54 52
23 19 51 51 49
24 19 54 54 52
25 19 56 55 53
26 19 60 58 55
27 19 128 125 120
28 19 169 167 162
29 19 186 186 181
30 19 189 189 186
31 19 191 191 188
32 19 192 193 189
33 19 193 193 190
34 19 192 193 189
35 19 193 193 189
36 19 192 190 184
37 19 190 185 178
38 19 182 180 175
39 19 170 170 167
40 19 161 161 158
41 19 151 151 148
42 19 111 111 108
43 19 57 56 55
19 20 58 58 56
20 20 58 59 57
21 20 50 50 48
22 20 52 52 50
23 20 57 57 55
24 20 59 59 57
25 20 58 57 55
26 20 58 57 55
27 20 58 57 54
28 20 84 82 77
29 20 146 143 137
30 20 180 179 174
31 20 189 188 184
32 20 190 190 186
33 20 192 192 188
34 20 192 192 188
35 20 191 190 185
36 20 189 184 177
37 20 185 181 176
38 20 173 172 169
39 20 165 165 161
40 20 155 155 152
41 20 129 129 126
42 20 68 68 67
19 21 54 54 52
20 21 56 56 55
21 21 41 41 40
22 21 27 28 27
23 21 46 46 45
24 21 58 58 56
25 21 60 60 58
26 21 60 59 57
27 21 58 58 56
28 21 54 53 51
29 21 41 41 38
30 21 100 97 92
31 21 165 162 157
32 21 185 184 178
33 21 189 188 183
34 21 190 187 182
35 21 189 182 176
36 21 186 180 174
37 21 174 173 169
38 21 166 166 163
39 21 158 157 154
40 21 141 142 139
41 21 58 59 57
20 22 54 54 53
21 22 46 47 45
22 22 30 31 30
23 22 28 28 27
24 22 51 51 50
25 22 60 60 58
26 22 61 60 58
27 22 60 60 58
28 22 56 56 54
29 22 40 39 38
30 22 18 18 17
31 22 50 48 46
32 22 137 133 126
33 22 176 171 164
34 22 184 176 168
35 22 184 175 167
36 22 176 173 168
37 22 166 166 162
38 22 158 157 154
39 22 149 149 146
40 22 103 103 101
21 23 49 49 47
22 23 46 46 45
23 23 40 41 40
24 23 48 50 49
25 23 59 60 58
26 23 62 62 60
27 23 61 60 58
28 23 60 60 58
29 23 54 54 52
30 23 35 34 33
31 23 14 14 13
32 23 26 26 25
33 23 99 92 86
34 23 165 153 143
35 23 176 170 164
36 23 166 165 161
37 23 156 156 153
38 23 149 148 146
39 23 116 116 113
40 23 57 57 56
23 24 50 51 49
24 24 56 57 55
25 24 61 61 60
26 24 62 62 60
27 24 62 62 60
28 24 61 61 59
29 24 60 60 58
30 24 56 56 54
31 24 43 42 41
32 24 31 31 30
33 24 67 64 61
34 24 154 146 139
35 24 167 164 159
36 24 152 151 147
37 24 137 136 133
38 24 133 133 130
39 24 57 56 55
24 25 57 58 56
25 25 60 61 59
26 25 63 63 61
27 25 63 63 61
28 25 59 59 58
29 25 54 54 52
30 25 58 57 55
31 25 60 59 57
32 25 57 56 55
33 25 94 90 86
34 25 157 152 146
35 25 157 155 151
36 25 124 123 120
37 25 127 127 124
38 25 80 80 78
26 26 59 59 57
27 26 61 61 59
28 26 57 57 56
29 26 40 40 39
30 26 35 35 34
31 26 51 50 49
32 26 61 61 59
33 26 114 109 105
34 26 156 151 145
35 26 135 133 128
36 26 111 109 106
37 26 91 91 88
38 26 51 51 50
27 27 58 58 56
28 27 58 58 57
29 27 47 47 45
30 27 27 27 26
31 27 25 25 25
32 27 51 51 49
33 27 118 114 109
34 27 148 143 137
35 27 116 114 109
36 27 106 105 102
37 27 42 42 40
29 28 50 50 49
30 28 44 45 43
31 28 34 34 33
32 28 40 41 40
33 28 123 120 115
34 28 136 132 126
35 28 114 112 107
36 28 44 43 41
30 29 52 52 51
31 29 51 51 49
32 29 53 53 51
33 29 124 121 116
34 29 130 125 120
35 29 92 89 86
32 30 56 55 53
33 30 136 132 126
34 30 106 102 98
35 30 45 43 40
33 31 146 140 132
34 31 52 49 44
