29 0 181 184 182
30 0 187 191 189
31 0 193 196 194
29 1 191 194 193
30 1 194 196 194
31 1 196 197 195
32 1 195 196 194
33 1 193 195 193
28 2 191 193 191
29 2 195 196 194
30 2 201 196 194
31 2 204 191 188
32 2 200 194 192
33 2 195 195 193
34 2 193 195 192
35 2 192 193 191
28 3 195 197 195
29 3 198 197 195
30 3 202 193 190
31 3 209 175 172
32 3 208 172 171
33 3 203 186 185
34 3 198 193 191
35 3 195 194 192
36 3 193 194 192
27 4 194 196 194
28 4 198 198 196
29 4 202 194 192
30 4 205 182 180
31 4 205 181 180
32 4 209 167 167
33 4 210 155 155
34 4 207 173 171
35 4 203 185 184
36 4 198 192 190
37 4 195 194 192
38 4 191 192 190
26 5 193 195 193
27 5 196 197 196
28 5 200 196 195
29 5 205 183 182
30 5 207 159 158
31 5 208 164 165
32 5 207 160 162
33 5 209 153 155
34 5 210 140 140
35 5 210 142 141
36 5 207 167 165
37 5 201 187 185
38 5 194 193 191
39 5 192 194 191
40 5 191 194 191
26 6 196 197 195
27 6 199 198 196
28 6 201 192 190
29 6 205 169 168
30 6 207 161 162
31 6 206 173 175
32 6 206 162 164
33 6 207 159 161
34 6 206 167 166
35 6 205 176 174
36 6 203 182 180
37 6 200 188 186
38 6 194 193 191
39 6 193 195 192
40 6 192 195 192
41 6 191 194 191
25 7 195 196 195
26 7 198 197 195
27 7 200 192 190
28 7 203 178 176
29 7 205 152 152
30 7 207 149 149
31 7 206 167 168
32 7 204 174 174
33 7 200 184 184
34 7 197 189 188
35 7 195 193 191
36 7 194 194 192
37 7 194 195 192
38 7 192 194 191
39 7 192 194 191
40 7 192 194 191
41 7 192 195 192
42 7 191 193 190
43 7 190 192 189
24 8 193 194 192
25 8 195 196 194
26 8 198 194 192
27 8 201 179 177
28 8 202 160 159
29 8 202 166 166
30 8 204 153 153
31 8 203 171 170
32 8 199 187 186
33 8 194 192 190
34 8 191 192 189
35 8 188 191 188
36 8 191 193 191
37 8 192 194 191
38 8 192 194 191
39 8 192 195 192
40 8 193 194 192
41 8 193 194 191
42 8 192 194 191
43 8 191 193 190
44 8 190 191 188
45 8 186 184 179
24 9 194 195 193
25 9 197 195 192
26 9 197 186 183
27 9 200 162 159
28 9 200 144 144
29 9 200 172 172
30 9 200 176 176
31 9 199 184 182
32 9 195 192 190
33 9 184 185 183
34 9 167 170 167
35 9 154 157 154
36 9 169 172 169
37 9 187 189 187
38 9 192 194 192
39 9 193 194 192
40 9 193 194 191
41 9 193 195 192
42 9 192 193 190
43 9 192 193 190
44 9 190 190 186
45 9 185 181 174
46 9 162 154 144
23 10 193 192 189
24 10 194 193 191
25 10 197 189 187
26 10 197 167 164
27 10 197 120 118
28 10 199 108 106
29 10 200 137 137
30 10 199 166 165
31 10 197 184 183
32 10 191 190 188
33 10 170 172 170
34 10 108 110 108
35 10 52 54 52
36 10 80 83 81
37 10 156 160 157
38 10 189 191 188
39 10 193 194 191
40 10 193 195 192
41 10 192 194 191
42 10 192 194 190
43 10 192 193 190
44 10 190 190 186
45 10 184 179 172
46 10 171 163 151
22 11 188 186 182
23 11 192 192 188
24 11 193 189 186
25 11 194 173 169
26 11 196 143 141
27 11 195 108 108
28 11 196 100 99
29 11 197 113 113
30 11 199 162 162
31 11 196 188 186
32 11 191 192 190
33 11 175 177 174
34 11 97 99 97
35 11 10 10 10
36 11 16 17 17
37 11 111 115 112
38 11 180 183 181
39 11 192 194 191
40 11 193 195 192
41 11 192 194 191
42 11 192 193 190
43 11 192 193 189
44 11 189 188 183
45 11 185 180 172
46 11 177 169 157
22 12 182 178 172
23 12 190 188 183
24 12 191 187 183
25 12 193 172 168
26 12 195 147 144
27 12 195 133 133
28 12 194 108 108
29 12 195 102 102
30 12 198 142 142
31 12 196 185 183
32 12 192 192 190
33 12 185 186 183
34 12 148 151 148
35 12 78 81 79
36 12 61 63 62
37 12 124 127 125
38 12 183 185 183
39 12 193 195 192
40 12 192 194 191
41 12 193 195 191
42 12 192 194 191
43 12 190 191 187
44 12 188 186 179
45 12 183 178 169
21 13 58 51 47
22 13 131 121 113
23 13 170 165 158
24 13 186 183 177
25 13 189 183 178
26 13 192 173 169
27 13 195 151 148
28 13 195 125 122
29 13 195 132 131
30 13 196 133 132
31 13 196 177 175
32 13 192 191 189
33 13 191 192 189
34 13 183 184 181
35 13 166 168 165
36 13 162 165 163
37 13 175 177 174
38 13 190 192 190
39 13 193 195 191
40 13 193 194 191
41 13 192 194 190
42 13 192 193 190
43 13 190 190 185
44 13 187 183 176
45 13 184 179 170
21 14 54 51 48
22 14 59 55 51
23 14 91 84 78
24 14 149 144 137
25 14 178 174 169
26 14 186 183 178
27 14 190 180 177
28 14 194 168 165
29 14 195 152 150
30 14 194 134 132
31 14 195 162 159
32 14 193 189 187
33 14 192 193 191
34 14 192 193 190
35 14 191 192 189
36 14 190 192 189
37 14 191 193 190
38 14 192 194 191
39 14 192 194 190
40 14 193 194 191
41 14 192 193 190
42 14 191 192 188
43 14 189 187 181
44 14 186 181 172
20 15 57 55 52
21 15 55 53 50
22 15 50 48 45
23 15 39 37 35
24 15 35 33 31
25 15 100 96 90
26 15 159 156 150
27 15 182 180 175
28 15 188 184 181
29 15 192 181 178
30 15 193 166 163
31 15 195 159 156
32 15 193 183 181
33 15 192 192 189
34 15 191 192 190
35 15 192 194 191
36 15 192 194 191
37 15 192 193 190
38 15 192 194 191
39 15 192 193 190
40 15 193 194 190
41 15 192 193 189
42 15 192 191 187
43 15 188 184 178
44 15 185 178 168
20 16 60 58 55
21 16 69 67 64
22 16 52 51 48
23 16 20 19 18
24 16 8 8 7
25 16 15 15 14
26 16 50 47 44
27 16 131 127 120
28 16 169 166 161
29 16 185 184 179
30 16 190 186 182
31 16 193 180 177
32 16 193 184 181
33 16 193 192 189
34 16 192 193 190
35 16 193 194 191
36 16 192 194 190
37 16 193 194 191
38 16 193 194 191
39 16 192 193 190
40 16 192 193 190
41 16 192 192 189
42 16 190 188 183
43 16 187 181 173
19 17 63 63 61
20 17 62 61 59
21 17 59 58 55
22 17 52 51 48
23 17 30 29 28
24 17 7 7 6
25 17 1 1 1
26 17 13 13 12
27 17 41 40 38
28 17 80 78 73
29 17 141 138 131
30 17 177 175 170
31 17 187 185 181
32 17 190 189 186
33 17 192 192 188
34 17 192 193 190
35 17 193 193 190
36 17 193 193 190
37 17 193 194 191
38 17 193 193 190
39 17 192 193 189
40 17 193 193 189
41 17 191 191 186
42 17 189 184 178
43 17 187 179 170
19 18 64 64 62
20 18 76 76 74
21 18 68 67 64
22 18 58 57 55
23 18 49 49 47
24 18 33 32 31
25 18 19 19 18
26 18 22 22 21
27 18 43 43 41
28 18 54 53 50
29 18 56 55 52
30 18 103 99 93
31 18 159 156 150
32 18 181 179 175
33 18 189 189 185
34 18 192 192 189
35 18 192 193 189
36 18 193 193 190
37 18 193 193 190
38 18 192 193 189
39 18 192 192 188
40 18 192 192 188
41 18 190 188 183
42 18 188 182 174
43 18 187 177 167
18 19 64 65 64
19 19 64 64 63
20 19 63 63 61
21 19 61 61 58
22 19 59 59 56
23 19 58 58 56
24 19 55 55 53
25 19 49 49 47
26 19 49 49 47
27 19 53 53 51
28 19 56 55 53
29 19 58 57 54
30 19 57 56 53
31 19 57 56 52
32 19 116 113 107
33 19 169 166 161
34 19 186 185 180
35 19 190 190 186
36 19 191 191 188
37 19 192 192 188
38 19 192 193 189
39 19 191 192 188
40 19 191 190 185
41 19 189 185 178
42 19 187 178 169
18 20 64 65 64
19 20 77 78 76
20 20 65 66 63
21 20 53 53 51
22 20 54 54 52
23 20 58 58 56
24 20 60 60 58
25 20 58 58 56
26 20 58 58 56
27 20 59 58 56
28 20 59 58 56
29 20 58 58 55
30 20 59 58 55
31 20 58 57 54
32 20 57 56 53
33 20 73 71 67
34 20 142 139 133
35 20 173 171 166
36 20 187 186 182
37 20 190 190 185
38 20 191 192 188
39 20 191 191 187
40 20 190 187 182
41 20 187 180 171
42 20 187 178 169
17 21 59 60 59
18 21 64 65 64
19 21 68 69 67
20 21 42 43 41
21 21 19 19 18
22 21 25 25 24
23 21 45 45 44
24 21 58 58 56
25 21 60 60 58
26 21 60 60 58
27 21 60 59 57
28 21 60 59 57
29 21 59 59 57
30 21 59 59 56
31 21 58 58 55
32 21 54 53 50
33 21 43 42 40
34 21 37 36 34
35 21 77 75 71
36 21 147 144 139
37 21 180 177 172
38 21 188 186 181
39 21 189 186 181
40 21 188 182 175
41 21 185 174 164
18 22 61 62 60
19 22 68 69 67
20 22 48 49 47
21 22 18 18 18
22 22 3 3 3
23 22 20 21 20
24 22 51 51 50
25 22 60 60 58
26 22 61 61 59
27 22 61 61 59
28 22 61 60 58
29 22 60 60 58
30 22 60 59 57
31 22 59 59 56
32 22 52 52 49
33 22 28 27 26
34 22 8 8 8
35 22 11 11 10
36 22 27 26 25
37 22 104 101 96
38 22 162 158 151
39 22 180 173 165
40 22 180 169 159
41 22 180 166 155
19 23 61 62 60
20 23 58 59 57
21 23 45 46 45
22 23 31 32 31
23 23 30 31 31
24 23 50 51 50
25 23 60 61 59
26 23 62 62 60
27 23 61 61 59
28 23 61 61 59
29 23 61 61 59
30 23 61 61 59
31 23 60 60 58
32 23 57 57 55
33 23 40 39 38
34 23 16 15 15
35 23 4 4 4
36 23 6 6 6
37 23 34 34 33
38 23 59 57 54
39 23 137 127 118
40 23 165 149 138
41 23 166 146 132
21 24 58 59 57
22 24 56 58 56
23 24 57 58 57
24 24 60 61 59
25 24 62 62 61
26 24 62 62 60
27 24 62 62 60
28 24 62 62 60
29 24 61 61 59
30 24 61 61 59
31 24 62 61 59
32 24 62 61 59
33 24 57 56 54
34 24 46 45 44
35 24 33 33 32
36 24 28 28 27
37 24 40 40 38
38 24 108 104 99
39 24 106 96 89
40 24 58 50 45
22 25 60 61 59
23 25 62 62 61
24 25 63 64 62
25 25 64 64 62
26 25 64 64 62
27 25 63 63 61
28 25 62 62 60
29 25 57 57 55
30 25 56 56 54
31 25 58 58 56
32 25 62 61 59
33 25 62 62 60
34 25 61 61 59
35 25 59 58 56
36 25 61 60 58
37 25 114 109 104
38 25 109 102 96
39 25 60 55 51
24 26 62 63 61
25 26 63 64 62
26 26 64 64 62
27 26 63 64 62
28 26 59 59 57
29 26 38 38 37
30 26 25 25 24
31 26 32 32 31
32 26 50 50 48
33 26 61 61 59
34 26 63 63 61
35 26 65 64 62
36 26 113 108 103
37 26 108 102 96
38 26 61 57 53
26 27 63 64 62
27 27 64 64 62
28 27 62 62 61
29 27 44 44 43
30 27 13 13 13
31 27 3 3 3
32 27 22 22 22
33 27 50 51 50
34 27 66 66 64
35 27 108 104 99
36 27 120 114 107
37 27 62 59 55
28 28 62 62 60
29 28 56 57 55
30 28 44 44 43
31 28 27 27 27
32 28 25 26 26
33 28 47 48 47
34 28 102 100 96
35 28 114 109 103
36 28 63 59 56
29 29 61 61 60
30 29 60 61 59
31 29 57 57 56
32 29 58 58 56
33 29 97 95 90
34 29 113 109 104
35 29 61 59 55
31 30 61 60 58
32 30 79 76 72
33 30 115 109 102
34 30 61 58 53
33 31 52 49 44
