30 0 174 174 170
31 0 187 190 188
32 0 187 190 188
29 1 120 116 110
30 1 176 176 172
31 1 195 196 194
32 1 195 195 193
33 1 192 193 190
28 2 74 72 68
29 2 125 123 118
30 2 188 189 186
31 2 201 197 195
32 2 203 192 190
33 2 197 192 190
34 2 192 192 190
35 2 186 187 184
27 3 146 144 140
28 3 83 81 78
29 3 144 143 140
30 3 195 196 194
31 3 203 195 193
32 3 208 179 177
33 3 206 179 177
34 3 200 189 187
35 3 194 191 189
36 3 189 189 187
27 4 55 54 52
28 4 84 83 80
29 4 176 176 173
30 4 201 198 196
31 4 204 188 186
32 4 206 179 177
33 4 208 171 170
34 4 208 165 165
35 4 204 181 179
36 4 197 187 185
37 4 192 189 187
38 4 184 183 181
26 5 111 110 106
27 5 83 83 80
28 5 111 110 107
29 5 193 193 191
30 5 202 196 194
31 5 207 174 173
32 5 207 162 163
33 5 207 164 165
34 5 209 151 152
35 5 210 146 145
36 5 207 159 158
37 5 200 179 177
38 5 192 187 185
39 5 185 186 184
25 6 84 84 81
26 6 86 86 83
27 6 90 89 87
28 6 153 152 149
29 6 199 199 197
30 6 203 193 191
31 6 207 167 167
32 6 207 167 168
33 6 207 167 169
34 6 206 158 160
35 6 206 162 162
36 6 204 170 169
37 6 201 181 179
38 6 193 189 186
39 6 188 190 187
40 6 186 188 185
41 6 180 182 179
24 7 103 103 99
25 7 82 82 79
26 7 97 97 95
27 7 112 110 107
28 7 187 186 184
29 7 201 197 195
30 7 204 183 181
31 7 206 156 156
32 7 206 153 154
33 7 206 168 169
34 7 202 178 178
35 7 199 187 186
36 7 194 191 189
37 7 192 192 189
38 7 190 191 188
39 7 188 190 187
40 7 186 189 186
41 7 185 188 185
42 7 181 183 180
23 8 43 43 41
24 8 77 77 74
25 8 89 89 87
26 8 100 100 98
27 8 140 138 135
28 8 196 195 193
29 8 201 192 190
30 8 204 169 168
31 8 203 162 162
32 8 204 161 161
33 8 203 175 174
34 8 198 189 188
35 8 192 192 190
36 8 189 191 188
37 8 188 191 188
38 8 189 191 188
39 8 189 191 188
40 8 188 190 187
41 8 187 189 186
42 8 185 187 183
43 8 182 184 181
44 8 176 177 172
22 9 136 134 130
23 9 82 81 78
24 9 77 77 75
25 9 90 90 88
26 9 99 99 97
27 9 168 166 163
28 9 199 196 194
29 9 200 184 182
30 9 202 153 151
31 9 202 162 162
32 9 202 175 175
33 9 200 183 182
34 9 194 191 189
35 9 182 183 181
36 9 165 167 165
37 9 166 169 167
38 9 182 185 182
39 9 189 191 188
40 9 189 190 188
41 9 188 190 187
42 9 186 188 184
43 9 184 186 182
44 9 179 179 174
45 9 164 158 149
22 10 49 49 47
23 10 81 80 78
24 10 72 73 71
25 10 77 77 75
26 10 110 108 105
27 10 185 183 180
28 10 199 193 191
29 10 198 169 166
30 10 198 119 117
31 10 201 122 121
32 10 201 154 154
33 10 199 179 178
34 10 192 189 187
35 10 169 171 169
36 10 101 103 101
37 10 79 82 80
38 10 146 150 146
39 10 182 185 182
40 10 189 191 188
41 10 188 190 187
42 10 187 188 185
43 10 185 187 183
44 10 181 180 175
45 10 170 164 155
21 11 54 53 51
22 11 48 48 46
23 11 73 74 71
24 11 63 63 61
25 11 75 75 73
26 11 134 130 126
27 11 193 191 187
28 11 197 184 181
29 11 197 152 149
30 11 197 116 115
31 11 198 108 107
32 11 199 134 134
33 11 199 177 176
34 11 193 191 189
35 11 176 177 175
36 11 106 108 106
37 11 19 20 19
38 11 86 89 87
39 11 165 168 165
40 11 188 190 187
41 11 188 190 187
42 11 187 189 185
43 11 186 187 183
44 11 181 180 175
45 11 176 171 162
21 12 52 51 49
22 12 72 72 70
23 12 78 78 75
24 12 72 72 70
25 12 74 72 70
26 12 162 157 151
27 12 192 190 185
28 12 194 185 180
29 12 197 164 160
30 12 197 141 140
31 12 196 115 115
32 12 196 112 112
33 12 198 161 160
34 12 195 189 187
35 12 187 188 186
36 12 156 158 155
37 12 88 90 88
38 12 75 78 76
39 12 161 164 161
40 12 187 190 187
41 12 189 191 188
42 12 188 190 186
43 12 185 187 183
44 12 182 181 175
45 12 176 171 163
21 13 53 52 50
22 13 87 87 84
23 13 82 82 79
24 13 87 86 84
25 13 83 79 75
26 13 139 129 122
27 13 174 169 162
28 13 188 184 179
29 13 193 183 179
30 13 195 168 165
31 13 197 139 136
32 13 196 131 130
33 13 196 146 145
34 13 195 181 179
35 13 191 191 189
36 13 184 186 183
37 13 166 168 166
38 13 161 163 161
39 13 180 182 180
40 13 189 191 188
41 13 189 191 187
42 13 188 190 186
43 13 186 187 183
44 13 182 180 174
45 13 176 170 160
20 14 55 54 52
21 14 70 70 67
22 14 91 91 88
23 14 93 93 90
24 14 95 94 90
25 14 98 95 90
26 14 58 55 51
27 14 94 87 81
28 14 156 151 144
29 14 181 177 172
30 14 189 183 178
31 14 194 177 174
32 14 196 163 161
33 14 196 146 144
34 14 195 166 164
35 14 193 189 187
36 14 191 192 190
37 14 190 191 188
38 14 189 191 188
39 14 189 191 188
40 14 190 192 189
41 14 189 191 187
42 14 188 190 186
43 14 186 187 182
44 14 182 180 173
45 14 179 172 163
20 15 53 52 50
21 15 87 86 83
22 15 88 88 85
23 15 99 98 94
24 15 103 101 96
25 15 63 61 57
26 15 41 39 36
27 15 35 33 31
28 15 39 37 35
29 15 122 117 111
30 15 166 163 157
31 15 186 182 178
32 15 191 183 180
33 15 194 175 172
34 15 195 166 163
35 15 195 184 181
36 15 192 192 189
37 15 191 192 189
38 15 191 193 189
39 15 190 192 189
40 15 191 192 189
41 15 189 191 187
42 15 189 190 186
43 15 187 187 182
44 15 183 179 172
45 15 178 170 161
19 16 53 52 49
20 16 55 54 52
21 16 77 76 73
22 16 95 93 90
23 16 107 105 101
24 16 85 83 78
25 16 45 43 41
26 16 16 15 14
27 16 8 8 7
28 16 12 11 10
29 16 26 25 23
30 16 72 69 65
31 16 139 135 129
32 16 177 175 170
33 16 189 185 181
34 16 193 183 180
35 16 194 185 182
36 16 192 191 188
37 16 192 193 190
38 16 192 193 190
39 16 191 192 189
40 16 191 192 189
41 16 190 191 188
42 16 189 189 186
43 16 187 185 181
44 16 183 177 170
19 17 47 45 43
20 17 72 70 66
21 17 72 71 67
22 17 104 102 98
23 17 93 92 88
24 17 61 60 57
25 17 42 41 39
26 17 15 15 14
27 17 2 2 2
29 17 10 10 9
30 17 37 36 34
31 17 52 51 48
32 17 105 101 95
33 17 160 157 151
34 17 183 180 176
35 17 189 188 184
36 17 191 191 188
37 17 192 192 189
38 17 191 192 189
39 17 191 192 189
40 17 191 192 189
41 17 190 191 187
42 17 188 189 185
43 17 186 184 179
44 17 183 176 167
18 18 49 46 43
19 18 43 42 39
20 18 67 65 62
21 18 92 91 87
22 18 96 95 92
23 18 66 65 62
24 18 57 57 55
25 18 52 52 50
26 18 37 37 35
27 18 22 21 20
28 18 15 15 15
29 18 26 26 25
30 18 44 44 42
31 18 54 54 51
32 18 56 55 51
33 18 61 60 56
34 18 134 130 124
35 18 170 168 162
36 18 187 186 182
37 18 190 190 187
38 18 191 191 188
39 18 191 191 188
40 18 192 192 189
41 18 190 191 187
42 18 189 190 185
43 18 187 183 177
44 18 183 174 165
18 19 48 45 42
19 19 71 69 64
20 19 86 84 80
21 19 97 97 95
22 19 68 68 65
23 19 60 60 57
24 19 59 59 56
25 19 58 57 55
26 19 55 55 53
27 19 49 49 47
28 19 46 46 44
29 19 50 50 49
30 19 54 54 52
31 19 57 56 54
32 19 57 57 53
33 19 58 56 53
34 19 57 56 52
35 19 86 83 78
36 19 144 140 135
37 19 178 176 171
38 19 188 187 183
39 19 190 190 186
40 19 190 191 187
41 19 190 191 187
42 19 188 188 184
43 19 185 181 174
44 19 182 172 162
18 20 50 47 44
19 20 88 86 82
20 20 99 100 98
21 20 65 65 63
22 20 55 55 52
23 20 55 55 53
24 20 59 59 57
25 20 59 59 57
26 20 59 59 57
27 20 59 59 57
28 20 58 58 56
29 20 58 58 56
30 20 59 58 56
31 20 58 58 56
32 20 58 57 54
33 20 58 58 55
34 20 58 57 54
35 20 57 56 53
36 20 56 54 51
37 20 107 104 98
38 20 161 159 153
39 20 183 181 177
40 20 188 187 183
41 20 189 189 185
42 20 188 186 181
43 20 185 178 170
44 20 181 171 161
17 21 52 50 48
18 21 73 71 68
19 21 101 102 100
20 21 61 62 60
21 21 29 29 28
22 21 24 24 23
23 21 31 31 30
24 21 48 48 47
25 21 59 59 57
26 21 60 60 58
27 21 60 60 57
28 21 60 60 57
29 21 60 59 57
30 21 59 59 57
31 21 60 59 57
32 21 59 59 56
33 21 59 58 56
34 21 56 56 53
35 21 48 47 44
36 21 39 38 36
37 21 35 34 32
38 21 48 47 44
39 21 134 131 126
40 21 169 167 161
41 21 184 182 176
42 21 185 181 175
43 21 182 172 163
44 21 180 167 156
17 22 56 57 56
18 22 82 84 82
19 22 69 70 68
20 22 48 49 47
21 22 16 16 16
22 22 2 2 2
23 22 5 5 5
24 22 29 30 29
25 22 54 55 53
26 22 61 61 59
27 22 61 61 59
28 22 61 60 58
29 22 61 60 58
30 22 60 60 58
31 22 60 60 57
32 22 60 60 58
33 22 59 59 57
34 22 55 55 53
35 22 37 36 34
36 22 13 13 11
37 22 6 6 6
38 22 10 10 10
39 22 30 29 28
40 22 82 79 75
41 22 147 141 135
42 22 173 164 156
43 22 174 160 149
18 23 59 60 58
19 23 62 63 61
20 23 57 58 57
21 23 40 41 40
22 23 23 24 23
23 23 20 21 20
24 23 35 37 36
25 23 55 56 55
26 23 62 62 60
27 23 61 61 59
28 23 61 61 59
29 23 61 61 59
30 23 61 61 59
31 23 61 60 58
32 23 61 60 58
33 23 60 60 58
34 23 58 57 55
35 23 43 42 40
36 23 17 17 16
37 23 6 6 6
38 23 4 4 4
39 23 17 17 17
40 23 47 47 45
41 23 70 66 62
42 23 120 108 99
43 23 152 135 123
20 24 61 62 60
21 24 58 59 57
22 24 54 55 54
23 24 53 54 53
24 24 57 58 57
25 24 60 61 60
26 24 62 62 60
27 24 62 62 60
28 24 62 62 60
29 24 62 61 59
30 24 61 61 59
31 24 62 61 59
32 24 62 61 59
33 24 61 61 59
34 24 61 61 59
35 24 57 57 55
36 24 45 45 43
37 24 37 36 35
38 24 33 33 32
39 24 41 40 38
40 24 76 72 68
41 24 88 82 76
42 24 59 54 49
22 25 62 63 62
23 25 62 63 62
24 25 63 64 62
25 25 64 64 62
26 25 64 64 62
27 25 63 63 61
28 25 62 62 60
29 25 60 60 58
30 25 56 56 54
31 25 56 56 54
32 25 59 59 57
33 25 62 62 59
34 25 62 62 60
35 25 62 62 60
36 25 62 61 59
37 25 59 58 56
38 25 69 67 64
39 25 80 76 72
40 25 85 79 74
41 25 59 54 50
23 26 62 63 61
24 26 63 64 62
25 26 64 64 62
26 26 64 64 62
27 26 63 64 62
28 26 61 61 59
29 26 47 47 45
30 26 27 27 26
31 26 27 27 26
32 26 36 36 35
33 26 53 53 51
34 26 62 62 60
35 26 63 63 61
36 26 63 63 60
37 26 82 79 75
38 26 97 92 86
39 26 61 57 53
25 27 64 64 62
26 27 64 64 62
27 27 64 65 63
28 27 62 63 61
29 27 43 43 42
30 27 12 12 12
31 27 2 2 2
32 27 8 9 9
33 27 35 36 35
34 27 59 59 58
35 27 69 67 65
36 27 84 81 77
37 27 93 88 82
38 27 63 59 56
27 28 62 62 61
28 28 63 63 61
29 28 56 56 54
30 28 40 40 39
31 28 25 25 25
32 28 25 26 25
33 28 38 39 38
34 28 73 72 69
35 28 86 83 79
36 28 62 59 55
37 28 62 57 52
29 29 63 63 62
30 29 60 60 59
31 29 57 57 56
32 29 57 57 55
33 29 75 73 69
34 29 94 91 86
35 29 61 58 54
31 30 62 61 58
32 30 79 75 70
33 30 76 72 67
34 30 61 58 54
