30 0 178 180 177
31 0 188 191 189
32 0 187 190 187
29 1 106 102 97
30 1 181 182 179
31 1 195 196 195
32 1 195 195 193
33 1 191 192 190
28 2 44 43 40
29 2 126 126 122
30 2 191 191 189
31 2 201 196 194
32 2 203 192 190
33 2 197 192 190
34 2 192 192 190
35 2 185 186 184
27 3 147 145 141
28 3 62 61 58
29 3 156 156 153
30 3 197 197 195
31 3 204 193 191
32 3 208 178 175
33 3 206 180 178
34 3 200 189 187
35 3 194 191 189
36 3 189 189 187
27 4 79 78 75
28 4 95 93 90
29 4 185 186 183
30 4 201 197 195
31 4 204 186 184
32 4 207 178 177
33 4 209 169 168
34 4 208 166 165
35 4 204 181 180
36 4 197 187 186
37 4 193 189 187
38 4 185 184 182
26 5 74 74 71
27 5 73 73 70
28 5 141 140 137
29 5 198 197 195
30 5 203 193 191
31 5 207 168 166
32 5 207 165 165
33 5 208 162 163
34 5 209 150 152
35 5 210 145 145
36 5 207 160 159
37 5 200 180 178
38 5 192 188 185
39 5 185 187 184
25 6 105 104 100
26 6 84 83 80
27 6 86 86 83
28 6 177 177 174
29 6 201 199 197
30 6 204 188 186
31 6 207 162 162
32 6 207 169 170
33 6 207 165 167
34 6 206 158 160
35 6 206 163 163
36 6 204 172 170
37 6 201 182 180
38 6 193 189 187
39 6 189 191 188
40 6 186 188 185
41 6 182 184 181
24 7 88 87 84
25 7 84 83 80
26 7 89 89 86
27 7 123 123 120
28 7 196 195 193
29 7 202 194 192
30 7 205 176 174
31 7 206 151 151
32 7 206 156 157
33 7 205 171 172
34 7 202 180 179
35 7 198 188 187
36 7 194 191 189
37 7 192 192 190
38 7 190 191 189
39 7 189 191 188
40 7 187 189 187
41 7 186 189 186
42 7 183 185 181
23 8 143 142 138
24 8 64 64 62
25 8 79 80 77
26 8 95 95 92
27 8 164 163 160
28 8 199 197 195
29 8 201 185 183
30 8 204 163 162
31 8 203 164 164
32 8 204 161 161
33 8 203 180 179
34 8 197 190 189
35 8 191 192 189
36 8 188 191 188
37 8 189 191 188
38 8 189 192 189
39 8 189 192 189
40 8 189 191 188
41 8 188 190 187
42 8 186 188 184
43 8 183 185 181
44 8 177 178 174
23 9 95 95 91
24 9 69 69 67
25 9 86 86 84
26 9 117 116 113
27 9 187 187 184
28 9 199 194 192
29 9 200 174 171
30 9 202 147 147
31 9 202 169 169
32 9 201 176 176
33 9 199 186 185
34 9 192 191 189
35 9 178 180 178
36 9 162 165 162
37 9 168 171 168
38 9 184 186 183
39 9 189 191 188
40 9 189 191 188
41 9 189 191 187
42 9 187 188 185
43 9 185 187 183
44 9 181 180 175
45 9 168 163 155
22 10 51 51 49
23 10 70 70 67
24 10 72 73 71
25 10 78 79 76
26 10 142 140 137
27 10 195 193 190
28 10 199 187 184
29 10 198 151 148
30 10 199 110 109
31 10 201 132 132
32 10 201 163 162
33 10 197 184 183
34 10 188 188 186
35 10 158 161 158
36 10 84 86 84
37 10 87 90 88
38 10 153 157 154
39 10 184 187 184
40 10 190 191 189
41 10 189 191 187
42 10 187 189 186
43 10 186 188 184
44 10 183 182 177
45 10 172 167 158
46 10 139 131 119
22 11 50 50 48
23 11 78 78 75
24 11 65 65 63
25 11 78 77 75
26 11 176 173 169
27 11 196 192 188
28 11 196 173 169
29 11 197 134 132
30 11 197 109 109
31 11 199 111 111
32 11 200 150 150
33 11 198 184 183
34 11 191 191 189
35 11 166 168 165
36 11 81 83 81
37 11 18 19 19
38 11 100 104 102
39 11 171 174 171
40 11 189 191 188
41 11 189 191 188
42 11 188 189 186
43 11 187 188 184
44 11 183 182 176
45 11 177 171 162
21 12 52 52 49
22 12 60 60 57
23 12 77 77 74
24 12 67 67 65
25 12 105 101 96
26 12 187 184 179
27 12 194 191 186
28 12 195 177 172
29 12 197 150 147
30 12 197 131 131
31 12 196 108 107
32 12 197 126 126
33 12 197 174 173
34 12 193 191 189
35 12 183 184 181
36 12 142 144 141
37 12 75 77 75
38 12 89 92 90
39 12 170 173 170
40 12 188 191 188
41 12 190 192 188
42 12 189 190 187
43 12 186 187 184
44 12 183 182 176
45 12 177 171 162
21 13 52 51 49
22 13 80 80 77
23 13 79 79 77
24 13 79 78 75
25 13 105 98 92
26 13 161 154 146
27 13 185 182 176
28 13 191 185 180
29 13 194 180 176
30 13 196 156 153
31 13 196 132 130
32 13 196 132 131
33 13 197 159 158
34 13 194 187 185
35 13 190 191 188
36 13 181 182 179
37 13 163 165 162
38 13 163 166 163
39 13 184 186 183
40 13 190 191 188
41 13 189 191 187
42 13 189 190 187
43 13 187 188 184
44 13 183 181 175
45 13 177 171 162
20 14 56 55 52
21 14 61 60 58
22 14 88 87 85
23 14 88 88 85
24 14 90 88 84
25 14 88 84 79
26 14 66 61 56
27 14 134 128 120
28 14 171 167 161
29 14 187 184 179
30 14 191 182 179
31 14 195 172 169
32 14 196 155 153
33 14 196 147 145
34 14 194 177 175
35 14 192 192 189
36 14 191 192 190
37 14 189 191 188
38 14 189 191 188
39 14 190 191 189
40 14 191 192 189
41 14 189 191 187
42 14 189 190 187
43 14 186 187 183
44 14 183 180 173
45 14 179 173 163
20 15 53 52 50
21 15 80 79 76
22 15 84 83 81
23 15 97 95 91
24 15 93 91 86
25 15 56 53 50
26 15 36 34 32
27 15 36 34 32
28 15 83 79 74
29 15 148 144 138
30 15 179 176 171
31 15 189 185 182
32 15 193 181 178
33 15 195 168 165
34 15 195 171 168
35 15 194 189 186
36 15 192 193 190
37 15 191 192 189
38 15 191 193 189
39 15 190 192 189
40 15 191 192 189
41 15 190 191 188
42 15 190 190 187
43 15 187 187 182
44 15 183 179 172
45 15 178 170 160
19 16 54 53 50
20 16 47 46 43
21 16 74 72 69
22 16 91 90 86
23 16 104 102 97
24 16 61 59 56
25 16 32 31 28
26 16 10 9 8
27 16 9 8 8
28 16 16 16 15
29 16 35 34 32
30 16 106 102 96
31 16 164 161 155
32 16 185 183 178
33 16 191 186 183
34 16 193 182 179
35 16 193 188 185
36 16 192 192 189
37 16 192 193 190
38 16 192 193 190
39 16 191 192 189
40 16 191 192 189
41 16 190 191 188
42 16 189 190 186
43 16 187 185 180
44 16 183 177 169
19 17 47 46 43
20 17 70 68 64
21 17 75 73 70
22 17 100 99 95
23 17 69 67 64
24 17 53 52 49
25 17 33 32 30
26 17 9 8 8
27 17 1 1 1
28 17 2 2 2
29 17 20 19 18
30 17 46 45 42
31 17 68 66 62
32 17 138 135 128
33 17 172 169 164
34 17 187 184 180
35 17 191 190 186
36 17 192 192 189
37 17 192 193 190
38 17 191 192 189
39 17 191 192 189
40 17 191 192 189
41 17 190 191 187
42 17 189 189 185
43 17 186 183 178
44 17 183 175 165
18 18 50 47 44
19 18 45 43 40
20 18 72 71 67
21 18 96 95 91
22 18 81 81 77
23 18 58 58 55
24 18 57 56 54
25 18 49 48 46
26 18 32 31 30
27 18 19 19 18
28 18 16 16 16
29 18 33 33 32
30 18 49 49 47
31 18 56 55 52
32 18 56 54 51
33 18 92 89 83
34 18 153 150 144
35 18 180 179 174
36 18 188 188 184
37 18 191 191 188
38 18 191 192 188
39 18 191 192 188
40 18 192 192 189
41 18 190 191 187
42 18 190 189 185
43 18 187 182 176
44 18 183 174 164
18 19 48 46 43
19 19 63 61 57
20 19 94 94 91
21 19 90 90 87
22 19 62 62 59
23 19 60 59 57
24 19 59 59 56
25 19 57 57 55
26 19 54 53 51
27 19 48 48 46
28 19 47 46 45
29 19 52 52 50
30 19 55 55 52
31 19 57 57 54
32 19 57 56 53
33 19 58 56 53
34 19 57 55 52
35 19 113 109 103
36 19 163 161 155
37 19 184 182 178
38 19 189 189 185
39 19 190 191 187
40 19 191 191 187
41 19 190 191 187
42 19 188 187 183
43 19 185 179 172
44 19 183 173 163
18 20 50 47 44
19 20 87 85 82
20 20 93 94 92
21 20 59 60 57
22 20 54 54 52
23 20 56 56 54
24 20 60 60 57
25 20 59 59 57
26 20 59 59 57
27 20 59 58 56
28 20 58 58 56
29 20 58 58 56
30 20 59 58 56
31 20 58 58 55
32 20 58 57 54
33 20 58 58 55
34 20 58 57 54
35 20 57 55 52
36 20 68 66 62
37 20 138 135 130
38 20 172 170 165
39 20 186 185 181
40 20 189 189 185
41 20 189 189 185
42 20 187 185 180
43 20 184 177 168
44 20 180 169 157
17 21 56 56 54
18 21 73 72 69
19 21 99 100 98
20 21 59 59 57
21 21 27 27 26
22 21 24 24 23
23 21 33 33 32
24 21 50 50 49
25 21 59 59 57
26 21 60 60 58
27 21 60 59 57
28 21 60 60 57
29 21 60 59 57
30 21 59 59 57
31 21 60 59 57
32 21 59 59 56
33 21 59 58 56
34 21 55 54 51
35 21 44 43 41
36 21 37 37 35
37 21 35 35 33
38 21 86 84 80
39 21 149 146 140
40 21 178 176 171
41 21 185 183 178
42 21 185 180 173
43 21 182 171 162
17 22 56 57 55
18 22 81 82 80
19 22 70 71 69
20 22 47 48 46
21 22 15 15 15
22 22 2 2 2
23 22 7 7 7
24 22 33 34 33
25 22 56 56 55
26 22 61 61 59
27 22 61 61 59
28 22 61 60 58
29 22 61 60 58
30 22 60 60 58
31 22 60 60 57
32 22 60 60 58
33 22 59 59 56
34 22 52 51 49
35 22 29 29 27
36 22 10 10 9
37 22 6 6 6
38 22 15 15 14
39 22 38 37 36
40 22 110 106 101
41 22 161 155 148
42 22 176 165 156
43 22 172 156 144
18 23 60 60 59
19 23 62 63 61
20 23 57 58 56
21 23 40 41 40
22 23 23 24 24
23 23 21 22 21
24 23 38 39 39
25 23 57 57 56
26 23 62 62 60
27 23 61 61 59
28 23 61 61 59
29 23 61 61 59
30 23 61 61 59
31 23 61 60 58
32 23 61 60 58
33 23 60 60 58
34 23 56 55 53
35 23 37 36 35
36 23 13 12 12
37 23 5 5 5
38 23 5 5 5
39 23 25 25 25
40 23 53 52 50
41 23 85 79 74
42 23 145 130 120
43 23 175 157 144
20 24 61 62 60
21 24 57 59 57
22 24 54 56 54
23 24 54 55 54
24 24 57 59 57
25 24 61 62 60
26 24 62 62 60
27 24 62 62 60
28 24 62 62 60
29 24 62 61 59
30 24 61 61 59
31 24 62 61 59
32 24 62 61 59
33 24 61 61 59
34 24 61 60 58
35 24 55 55 53
36 24 43 42 41
37 24 35 35 33
38 24 33 32 31
39 24 49 48 46
40 24 72 68 64
41 24 74 68 62
42 24 58 53 48
22 25 63 64 62
23 25 62 63 61
24 25 63 64 62
25 25 64 64 62
26 25 64 64 62
27 25 63 63 61
28 25 62 62 60
29 25 59 60 58
30 25 56 56 54
31 25 57 56 54
32 25 59 59 57
33 25 62 62 60
34 25 62 62 60
35 25 62 62 60
36 25 61 61 59
37 25 59 58 56
38 25 77 74 71
39 25 91 87 83
40 25 59 55 52
41 25 58 53 48
23 26 61 62 60
24 26 63 64 62
25 26 64 64 62
26 26 64 64 62
27 26 63 64 62
28 26 60 61 59
29 26 46 46 44
30 26 27 27 26
31 26 27 27 26
32 26 38 38 37
33 26 54 54 52
34 26 62 62 60
35 26 63 63 61
36 26 65 64 62
37 26 85 81 77
38 26 102 97 91
39 26 61 57 52
25 27 63 63 61
26 27 64 64 62
27 27 65 65 63
28 27 62 62 61
29 27 43 43 42
30 27 12 12 12
31 27 2 2 2
32 27 10 10 10
33 27 37 38 37
34 27 60 60 58
35 27 70 68 66
36 27 85 81 77
37 27 82 77 73
38 27 63 59 55
27 28 62 63 61
28 28 63 63 61
29 28 55 56 54
30 28 41 41 40
31 28 25 26 25
32 28 25 26 25
33 28 38 39 38
34 28 76 74 71
35 28 89 86 82
36 28 62 59 55
37 28 62 57 52
29 29 62 63 61
30 29 60 60 59
31 29 57 57 56
32 29 57 57 55
33 29 78 75 71
34 29 98 94 89
35 29 61 58 54
31 30 62 61 59
32 30 79 75 71
33 30 76 72 66
34 30 62 59 55
