30 0 145 129 122
29 1 158 147 137
30 1 162 153 146
31 1 172 165 160
32 1 177 172 168
28 2 167 158 148
29 2 168 161 152
30 2 173 168 161
31 2 176 171 166
32 2 178 174 169
33 2 178 174 169
28 3 175 168 160
29 3 177 172 165
30 3 179 175 169
31 3 179 176 170
32 3 177 174 168
33 3 177 174 169
34 3 180 177 173
35 3 182 180 177
27 4 179 172 164
28 4 181 177 170
29 4 185 182 177
30 4 184 182 177
31 4 182 180 174
32 4 180 178 173
33 4 179 176 171
34 4 179 177 173
35 4 182 180 177
36 4 183 182 180
37 4 183 182 181
26 5 182 175 167
27 5 183 178 171
28 5 187 185 180
29 5 189 187 183
30 5 188 186 182
31 5 187 185 180
32 5 184 183 178
33 5 182 181 176
34 5 181 180 176
35 5 181 180 176
36 5 182 181 178
37 5 182 182 179
38 5 182 182 180
26 6 185 179 172
27 6 188 185 180
28 6 191 189 185
29 6 190 189 185
30 6 190 189 185
31 6 189 188 185
32 6 188 187 184
33 6 187 186 183
34 6 185 184 181
35 6 183 183 179
36 6 182 182 178
37 6 182 182 178
38 6 181 182 179
39 6 182 183 181
40 6 181 182 181
25 7 184 175 166
26 7 188 183 178
27 7 190 188 184
28 7 179 178 175
29 7 169 168 164
30 7 177 177 173
31 7 187 187 184
32 7 190 190 187
33 7 188 188 185
34 7 181 181 179
35 7 178 178 175
36 7 182 183 179
37 7 184 184 181
38 7 182 182 179
39 7 180 180 178
40 7 178 179 177
41 7 180 181 179
42 7 177 179 178
24 8 191 182 167
25 8 184 173 162
26 8 192 185 179
27 8 191 190 186
28 8 161 161 158
29 8 81 81 78
30 8 93 93 90
31 8 152 152 149
32 8 185 185 182
33 8 187 188 185
34 8 160 160 157
35 8 114 115 112
36 8 149 149 146
37 8 177 177 175
38 8 183 184 181
39 8 173 174 172
40 8 153 154 151
41 8 163 165 162
42 8 174 176 174
43 8 178 180 179
24 9 120 112 99
25 9 163 155 145
26 9 190 185 178
27 9 198 194 189
28 9 181 179 175
29 9 125 124 121
30 9 46 46 45
31 9 72 72 70
32 9 164 164 161
33 9 189 190 187
34 9 171 172 169
35 9 99 100 98
36 9 52 53 51
37 9 127 128 125
38 9 176 177 174
39 9 173 174 172
40 9 112 114 112
41 9 83 85 82
42 9 142 144 142
43 9 173 175 174
44 9 178 180 178
45 9 171 173 172
23 10 60 55 48
24 10 101 96 87
25 10 100 97 92
26 10 136 135 131
27 10 177 176 172
28 10 194 191 187
29 10 185 182 177
30 10 158 156 153
31 10 138 138 135
32 10 168 168 165
33 10 193 193 191
34 10 192 192 190
35 10 174 175 173
36 10 136 137 135
37 10 116 117 115
38 10 175 176 174
39 10 187 188 186
40 10 166 168 166
41 10 112 114 113
42 10 92 94 93
43 10 160 161 159
44 10 179 181 179
45 10 178 180 179
23 11 94 88 81
24 11 89 86 81
25 11 78 78 75
26 11 69 70 67
27 11 77 78 76
28 11 140 141 138
29 11 185 184 181
30 11 195 192 188
31 11 194 191 188
32 11 194 194 191
33 11 198 197 195
34 11 197 197 195
35 11 195 195 192
36 11 189 190 187
37 11 183 184 181
38 11 190 191 188
39 11 192 193 190
40 11 189 190 188
41 11 179 180 178
42 11 166 168 166
43 11 173 175 173
44 11 180 182 180
45 11 181 183 181
22 12 60 56 50
23 12 85 81 76
24 12 83 82 78
25 12 48 48 47
26 12 32 33 32
27 12 32 32 31
28 12 61 62 60
29 12 93 94 91
30 12 164 164 161
31 12 190 189 185
32 12 200 198 195
33 12 199 198 194
34 12 200 199 196
35 12 199 198 196
36 12 197 197 194
37 12 197 197 194
38 12 195 195 193
39 12 195 196 193
40 12 193 194 192
41 12 193 194 191
42 12 191 192 190
43 12 189 190 188
44 12 188 189 187
45 12 184 185 183
22 13 83 78 72
23 13 87 85 80
24 13 70 70 69
25 13 21 22 21
26 13 2 2 2
27 13 1 1 1
28 13 16 16 16
29 13 67 67 66
30 13 94 94 92
31 13 117 117 115
32 13 171 170 167
33 13 195 194 190
34 13 200 198 194
35 13 199 198 195
36 13 199 199 196
37 13 198 198 195
38 13 197 197 195
39 13 197 197 195
40 13 196 196 193
41 13 194 195 192
42 13 194 195 192
43 13 193 194 192
44 13 191 192 190
21 14 60 56 51
22 14 88 84 79
23 14 89 88 85
24 14 73 73 71
25 14 35 35 35
26 14 7 7 7
28 14 17 17 17
29 14 66 66 64
30 14 81 82 80
31 14 83 84 81
32 14 93 93 90
33 14 136 137 134
34 14 182 182 179
35 14 197 195 191
36 14 200 198 194
37 14 200 199 196
38 14 199 199 196
39 14 198 198 196
40 14 198 198 196
41 14 197 197 194
42 14 196 197 194
43 14 195 196 194
44 14 194 194 192
21 15 89 84 78
22 15 86 83 78
23 15 84 83 80
24 15 78 79 76
25 15 63 64 63
26 15 41 41 40
27 15 27 27 26
28 15 44 44 42
29 15 68 69 66
30 15 78 78 76
31 15 87 88 85
32 15 87 88 85
33 15 89 89 87
34 15 100 100 97
35 15 147 147 145
36 15 189 188 185
37 15 199 197 193
38 15 200 198 195
39 15 199 199 196
40 15 200 200 197
41 15 198 199 196
42 15 199 199 197
43 15 198 198 196
44 15 195 196 193
20 16 59 54 49
21 16 89 85 79
22 16 86 84 80
23 16 81 80 77
24 16 81 81 78
25 16 80 80 77
26 16 72 72 70
27 16 70 70 68
28 16 74 74 72
29 16 77 78 75
30 16 82 82 79
31 16 83 84 81
32 16 79 79 77
33 16 89 90 87
34 16 89 89 87
35 16 87 88 85
36 16 109 110 107
37 16 167 167 164
38 16 192 191 187
39 16 199 197 193
40 16 200 199 195
41 16 200 200 197
42 16 199 200 197
43 16 198 199 197
44 16 198 198 196
19 17 56 51 46
20 17 84 79 73
21 17 82 79 75
22 17 80 80 76
23 17 81 81 78
24 17 82 82 79
25 17 81 81 79
26 17 79 79 77
27 17 78 79 76
28 17 79 79 76
29 17 79 80 77
30 17 81 82 79
31 17 81 82 79
32 17 83 83 81
33 17 87 87 84
34 17 83 84 81
35 17 84 84 82
36 17 94 95 92
37 17 93 93 91
38 17 134 135 132
39 17 176 175 172
40 17 196 194 190
41 17 199 198 193
42 17 199 198 195
43 17 199 199 196
44 17 195 195 193
19 18 91 85 77
20 18 90 86 80
21 18 85 83 79
22 18 81 80 77
23 18 80 80 77
24 18 80 80 77
25 18 79 79 76
26 18 78 78 75
27 18 78 78 75
28 18 79 80 77
29 18 80 80 77
30 18 79 80 77
31 18 85 85 82
32 18 81 81 78
33 18 83 84 81
34 18 84 84 81
35 18 86 86 83
36 18 87 87 85
37 18 83 83 80
38 18 92 92 89
39 18 91 92 89
40 18 142 143 140
41 18 184 184 181
42 18 195 193 189
43 18 194 192 186
18 19 57 51 46
19 19 78 73 67
20 19 81 79 74
21 19 80 79 75
22 19 80 79 75
23 19 79 79 75
24 19 78 78 75
25 19 77 76 73
26 19 78 78 75
27 19 79 79 76
28 19 79 79 76
29 19 78 78 75
30 19 81 82 79
31 19 83 83 80
32 19 80 81 78
33 19 84 84 81
34 19 84 84 81
35 19 83 83 80
36 19 79 79 76
37 19 84 84 81
38 19 88 88 85
39 19 84 84 81
40 19 95 96 93
41 19 115 117 115
42 19 163 166 164
43 19 186 188 186
18 20 81 74 66
19 20 91 85 79
20 20 83 81 77
21 20 79 77 74
22 20 78 77 74
23 20 77 76 73
24 20 77 77 74
25 20 76 76 73
26 20 78 77 75
27 20 79 79 76
28 20 78 78 75
29 20 79 79 77
30 20 81 81 78
31 20 81 81 79
32 20 78 78 76
33 20 81 81 79
34 20 82 82 79
35 20 79 80 77
36 20 82 82 79
37 20 84 84 81
38 20 83 83 80
39 20 85 85 82
40 20 96 97 94
41 20 139 141 140
42 20 109 113 112
17 21 54 45 39
18 21 75 67 60
19 21 78 74 69
20 21 77 75 71
21 21 77 76 73
22 21 76 75 71
23 21 76 75 72
24 21 76 75 72
25 21 77 77 74
26 21 78 77 75
27 21 76 76 74
28 21 78 78 76
29 21 79 79 76
30 21 79 79 76
31 21 78 78 75
32 21 77 77 74
33 21 81 81 78
34 21 79 79 77
35 21 79 79 76
36 21 81 81 79
37 21 81 81 78
38 21 80 80 78
39 21 85 86 83
40 21 134 136 134
41 21 104 106 106
42 21 64 66 66
17 22 49 39 33
18 22 78 68 60
19 22 77 72 67
20 22 75 73 69
21 22 75 73 70
22 22 75 74 70
23 22 76 75 72
24 22 76 76 72
25 22 76 76 72
26 22 76 75 73
27 22 77 77 74
28 22 78 78 75
29 22 78 78 75
30 22 77 77 74
31 22 76 76 74
32 22 78 77 75
33 22 79 79 76
34 22 78 77 75
35 22 78 77 75
36 22 80 80 77
37 22 80 79 77
38 22 82 82 80
39 22 116 117 115
40 22 128 131 130
41 22 65 66 65
18 23 78 68 60
19 23 70 65 60
20 23 73 70 65
21 23 73 71 67
22 23 74 73 70
23 23 76 75 71
24 23 76 75 72
25 23 75 74 71
26 23 75 75 72
27 23 76 75 72
28 23 77 76 73
29 23 76 76 74
30 23 75 75 73
31 23 75 75 73
32 23 77 77 75
33 23 77 76 74
34 23 76 75 73
35 23 77 77 74
36 23 79 79 76
37 23 80 80 77
38 23 102 103 101
39 23 137 139 138
40 23 64 65 64
20 24 74 69 65
21 24 74 71 66
22 24 73 70 67
23 24 75 73 70
24 24 75 73 70
25 24 75 74 70
26 24 74 74 70
27 24 75 75 71
28 24 75 75 72
29 24 73 73 70
30 24 66 67 65
31 24 65 65 63
32 24 69 69 67
33 24 72 72 70
34 24 74 74 71
35 24 78 77 74
36 24 79 78 75
37 24 87 87 84
38 24 143 145 143
39 24 102 103 102
21 25 47 44 41
22 25 69 66 62
23 25 74 71 67
24 25 72 70 66
25 25 74 72 69
26 25 75 74 70
27 25 74 73 70
28 25 73 73 70
29 25 61 61 59
30 25 36 36 35
31 25 30 31 30
32 25 33 33 32
33 25 54 54 52
34 25 71 70 68
35 25 77 76 73
36 25 80 79 76
37 25 134 135 132
38 25 105 107 105
39 25 64 66 64
23 26 109 104 99
24 26 76 72 68
25 26 73 70 66
26 26 72 70 66
27 26 72 71 68
28 26 71 70 67
29 26 52 52 50
30 26 16 17 16
31 26 2 3 2
32 26 5 5 5
33 26 30 30 29
34 26 64 64 61
35 26 77 76 73
36 26 113 113 110
37 26 117 118 116
38 26 64 65 63
25 27 82 78 73
26 27 71 68 64
27 27 71 69 65
28 27 70 68 65
29 27 59 59 56
30 27 26 26 25
31 27 6 6 5
32 27 6 6 6
33 27 22 22 21
34 27 59 58 56
35 27 96 96 93
36 27 131 132 130
37 27 63 64 63
27 28 78 74 69
28 28 71 67 63
29 28 64 62 58
30 28 53 52 49
31 28 37 36 34
32 28 39 38 35
33 28 47 46 43
34 28 72 71 67
35 28 131 131 128
36 28 96 97 95
28 29 44 41 37
29 29 61 58 53
30 29 67 64 59
31 29 62 59 55
32 29 64 61 57
33 29 69 67 63
34 29 120 118 113
35 29 95 94 91
36 29 61 60 58
30 30 111 105 98
31 30 68 64 59
32 30 65 61 56
33 30 98 94 88
34 30 102 100 95
35 30 58 57 54
32 31 70 64 59
33 31 123 117 110
34 31 48 45 42
