29 0 174 173 171
28 1 58 58 56
29 1 160 156 152
30 1 167 159 153
31 1 174 168 164
28 2 92 86 84
29 2 164 160 156
30 2 173 167 160
31 2 176 171 165
32 2 179 175 170
27 3 70 62 60
28 3 117 101 99
29 3 173 166 162
30 3 178 174 167
31 3 179 175 169
32 3 178 174 169
33 3 178 174 170
34 3 180 178 175
26 4 61 55 54
27 4 85 71 70
28 4 143 110 108
29 4 179 172 168
30 4 184 180 175
31 4 184 181 176
32 4 181 179 174
33 4 178 176 171
34 4 178 176 172
35 4 181 179 177
25 5 61 55 54
26 5 70 56 55
27 5 130 105 104
28 5 148 111 109
29 5 180 176 172
30 5 188 185 179
31 5 189 187 182
32 5 186 184 180
33 5 183 181 177
34 5 180 179 174
35 5 179 178 174
36 5 179 178 175
37 5 178 178 176
25 6 68 56 55
26 6 116 93 92
27 6 134 101 100
28 6 141 123 120
29 6 183 182 178
30 6 190 187 182
31 6 190 188 184
32 6 189 188 184
33 6 188 187 183
34 6 184 184 180
35 6 181 181 177
36 6 179 179 175
37 6 177 177 175
38 6 176 176 174
24 7 60 50 49
25 7 107 91 90
26 7 131 104 103
27 7 128 116 113
28 7 135 134 131
29 7 182 181 176
30 7 189 185 179
31 7 178 176 172
32 7 172 171 168
33 7 183 182 179
34 7 186 186 183
35 7 181 181 178
36 7 177 177 174
37 7 179 179 176
38 7 174 175 172
39 7 171 171 169
40 7 169 170 169
23 8 59 51 50
24 8 80 65 64
25 8 125 98 97
26 8 123 112 110
27 8 127 127 124
28 8 142 143 139
29 8 179 175 167
30 8 192 185 179
31 8 179 176 172
32 8 130 129 125
33 8 137 137 133
34 8 176 176 173
35 8 176 176 173
36 8 148 148 145
37 8 164 164 161
38 8 171 172 169
39 8 160 161 158
40 8 153 155 153
41 8 162 164 162
22 9 60 53 52
23 9 59 46 45
24 9 120 97 96
25 9 113 97 96
26 9 110 110 107
27 9 130 132 128
28 9 148 146 140
29 9 169 164 154
30 9 189 185 179
31 9 196 192 187
32 9 173 169 164
33 9 112 110 106
34 9 139 139 136
35 9 176 177 174
36 9 155 155 153
37 9 110 111 108
38 9 147 148 145
39 9 154 156 153
40 9 124 126 124
41 9 141 143 142
42 9 160 161 160
43 9 163 163 162
22 10 58 46 45
23 10 109 86 84
24 10 113 94 93
25 10 87 83 81
26 10 115 118 114
27 10 133 133 128
28 10 163 158 150
29 10 153 151 145
30 10 152 151 147
31 10 181 181 177
32 10 193 191 188
33 10 183 180 175
34 10 155 153 148
35 10 173 173 170
36 10 185 185 183
37 10 164 164 162
38 10 138 139 137
39 10 168 169 166
40 10 156 157 155
41 10 117 119 117
42 10 146 147 145
43 10 160 161 159
21 11 56 45 44
22 11 99 79 77
23 11 116 82 81
24 11 87 76 74
25 11 91 92 89
26 11 132 133 129
27 11 158 154 147
28 11 156 154 148
29 11 133 133 130
30 11 126 127 125
31 11 134 134 132
32 11 165 166 163
33 11 187 186 183
34 11 194 193 189
35 11 192 190 186
36 11 194 193 190
37 11 193 193 191
38 11 184 185 182
39 11 182 183 180
40 11 184 185 183
41 11 168 170 167
42 11 154 155 153
43 11 161 161 160
44 11 162 162 160
20 12 54 47 45
21 12 69 55 53
22 12 115 77 74
23 12 107 87 85
24 12 73 73 71
25 12 112 113 109
26 12 152 149 143
27 12 156 153 148
28 12 121 121 119
29 12 63 63 62
30 12 49 50 49
31 12 48 49 47
32 12 111 111 109
33 12 152 153 150
34 12 176 176 173
35 12 194 193 190
36 12 200 198 195
37 12 199 198 195
38 12 196 196 193
39 12 194 194 191
40 12 191 192 189
41 12 189 190 187
42 12 182 183 181
43 12 176 177 174
44 12 175 175 173
20 13 49 39 37
21 13 101 81 78
22 13 115 86 84
23 13 101 97 94
24 13 106 108 104
25 13 146 144 138
26 13 158 154 148
27 13 138 137 135
28 13 75 77 75
29 13 7 8 8
30 13 1 1 1
31 13 6 6 6
32 13 68 69 68
33 13 131 131 129
34 13 153 153 151
35 13 160 161 158
36 13 185 185 182
37 13 198 196 193
38 13 199 197 193
39 13 198 197 194
40 13 195 195 192
41 13 192 193 190
42 13 190 191 188
43 13 185 186 183
44 13 182 182 180
19 14 43 36 33
20 14 59 48 45
21 14 107 84 80
22 14 113 103 100
23 14 110 111 107
24 14 133 132 126
25 14 157 153 146
26 14 146 145 141
27 14 136 136 134
28 14 89 90 89
29 14 27 27 27
30 14 2 2 2
31 14 13 13 12
32 14 84 85 83
33 14 141 142 139
34 14 145 145 142
35 14 151 152 149
36 14 147 147 144
37 14 175 176 173
38 14 192 191 187
39 14 199 197 194
40 14 198 197 193
41 14 196 196 193
42 14 194 194 191
43 14 190 191 188
44 14 187 187 185
19 15 44 37 34
20 15 76 63 60
21 15 109 96 93
22 15 116 115 112
23 15 123 123 118
24 15 153 149 142
25 15 149 147 141
26 15 141 141 138
27 15 139 139 137
28 15 123 124 122
29 15 89 89 89
30 15 63 63 62
31 15 79 80 77
32 15 118 119 116
33 15 139 139 136
34 15 144 145 142
35 15 145 145 142
36 15 151 151 148
37 15 143 144 141
38 15 161 162 159
39 15 179 179 176
40 15 196 195 191
41 15 198 196 193
42 15 197 196 193
43 15 194 195 192
44 15 190 191 188
45 15 187 187 185
19 16 45 39 37
20 16 92 82 78
21 16 110 108 104
22 16 118 118 114
23 16 149 144 137
24 16 152 148 143
25 16 142 141 137
26 16 137 136 133
27 16 140 140 137
28 16 136 136 133
29 16 130 130 128
30 16 127 128 125
31 16 130 131 128
32 16 138 138 135
33 16 141 142 139
34 16 143 144 141
35 16 145 145 142
36 16 145 145 142
37 16 147 148 145
38 16 141 142 139
39 16 152 152 149
40 16 162 162 159
41 16 190 189 186
42 16 197 195 191
43 16 196 195 191
44 16 193 193 190
45 16 191 191 189
19 17 47 44 42
20 17 98 95 91
21 17 114 114 110
22 17 141 137 131
23 17 151 147 140
24 17 140 139 135
25 17 135 135 131
26 17 137 137 134
27 17 136 136 133
28 17 139 139 135
29 17 137 137 133
30 17 138 138 135
31 17 137 138 134
32 17 138 139 135
33 17 140 140 137
34 17 140 140 137
35 17 142 143 140
36 17 142 142 139
37 17 144 145 142
38 17 145 145 142
39 17 143 143 140
40 17 148 149 146
41 17 147 147 145
42 17 175 176 173
43 17 191 190 187
44 17 194 192 187
45 17 191 189 185
19 18 48 47 44
20 18 105 104 100
21 18 132 128 122
22 18 150 144 137
23 18 139 137 132
24 18 133 132 127
25 18 135 135 131
26 18 134 134 131
27 18 136 135 132
28 18 136 135 132
29 18 136 135 132
30 18 137 137 134
31 18 136 137 133
32 18 137 138 134
33 18 137 138 134
34 18 139 139 136
35 18 139 139 136
36 18 139 140 137
37 18 140 140 137
38 18 140 140 137
39 18 140 140 137
40 18 143 143 140
41 18 146 147 143
42 18 141 142 139
43 18 164 165 162
44 18 181 181 178
45 18 187 186 182
46 18 176 170 163
18 19 43 41 39
19 19 62 61 57
20 19 119 116 111
21 19 147 140 133
22 19 140 136 131
23 19 132 131 127
24 19 133 132 128
25 19 132 131 127
26 19 134 133 130
27 19 132 132 129
28 19 133 133 129
29 19 136 136 133
30 19 134 134 131
31 19 136 137 133
32 19 133 134 130
33 19 138 138 134
34 19 135 136 132
35 19 139 139 136
36 19 137 138 134
37 19 136 137 133
38 19 138 138 135
39 19 137 138 134
40 19 139 139 135
41 19 142 142 139
42 19 145 146 143
43 19 143 144 141
44 19 152 155 154
45 19 163 165 164
46 19 193 195 195
18 20 44 42 39
19 20 81 78 72
20 20 140 133 125
21 20 143 138 132
22 20 132 130 126
23 20 131 130 126
24 20 130 130 126
25 20 131 130 126
26 20 130 130 126
27 20 132 131 128
28 20 133 133 129
29 20 131 131 128
30 20 134 134 131
31 20 131 132 128
32 20 133 133 130
33 20 132 132 129
34 20 135 135 132
35 20 134 134 131
36 20 136 136 133
37 20 133 134 130
38 20 137 138 134
39 20 137 137 134
40 20 137 137 134
41 20 138 138 134
42 20 140 141 138
43 20 146 148 146
44 20 131 134 133
45 20 66 68 68
18 21 42 37 33
19 21 126 115 106
20 21 141 134 126
21 21 130 127 123
22 21 129 127 123
23 21 129 127 123
24 21 129 128 124
25 21 130 129 125
26 21 129 128 124
27 21 130 129 126
28 21 129 128 125
29 21 130 130 127
30 21 130 130 127
31 21 132 132 129
32 21 130 130 126
33 21 132 132 129
34 21 131 131 128
35 21 133 133 130
36 21 133 133 130
37 21 133 133 130
38 21 133 133 129
39 21 135 135 131
40 21 135 135 132
41 21 140 140 137
42 21 144 146 144
43 21 135 137 136
44 21 64 66 65
18 22 112 92 81
19 22 134 121 110
20 22 128 122 116
21 22 125 123 118
22 22 126 124 120
23 22 128 126 122
24 22 129 127 123
25 22 127 126 122
26 22 126 126 122
27 22 127 127 122
28 22 128 128 125
29 22 127 127 124
30 22 129 129 125
31 22 127 127 124
32 22 129 129 126
33 22 128 128 125
34 22 130 130 127
35 22 131 130 127
36 22 130 129 126
37 22 132 131 128
38 22 132 132 128
39 22 134 133 130
40 22 136 136 133
41 22 141 143 141
42 22 138 140 139
43 22 64 66 65
18 23 46 34 29
19 23 128 115 105
20 23 121 115 109
21 23 121 118 113
22 23 124 122 117
23 23 126 124 120
24 23 126 124 120
25 23 126 125 120
26 23 125 125 120
27 23 125 124 120
28 23 124 124 120
29 23 126 125 122
30 23 126 126 122
31 23 126 126 123
32 23 127 127 124
33 23 126 126 123
34 23 129 129 126
35 23 128 128 125
36 23 129 129 126
37 23 130 129 126
38 23 131 131 127
39 23 132 132 128
40 23 140 141 138
41 23 139 141 139
42 23 65 66 65
20 24 124 116 108
21 24 125 120 113
22 24 121 117 112
23 24 121 119 114
24 24 124 121 117
25 24 124 122 118
26 24 124 123 118
27 24 123 122 118
28 24 123 123 118
29 24 124 124 119
30 24 123 123 120
31 24 118 119 115
32 24 112 112 109
33 24 108 109 106
34 24 115 114 111
35 24 125 125 122
36 24 125 124 121
37 24 129 128 124
38 24 130 129 125
39 24 138 138 135
40 24 143 145 143
41 24 63 64 63
22 25 108 103 97
23 25 125 121 115
24 25 120 116 112
25 25 121 118 114
26 25 123 121 117
27 25 122 121 117
28 25 122 121 117
29 25 121 120 116
30 25 115 115 112
31 25 81 81 79
32 25 55 56 55
33 25 50 51 49
34 25 69 69 67
35 25 109 109 106
36 25 125 125 121
37 25 126 125 121
38 25 133 133 130
39 25 136 137 135
40 25 63 64 62
24 26 129 124 118
25 26 120 115 110
26 26 118 115 110
27 26 119 117 113
28 26 118 117 112
29 26 118 117 113
30 26 101 101 97
31 26 42 42 41
32 26 9 9 9
33 26 4 4 4
34 26 30 30 29
35 26 94 94 91
36 26 121 120 116
37 26 129 129 126
38 26 133 133 131
39 26 63 63 62
25 27 47 44 40
26 27 112 107 102
27 27 116 112 107
28 27 115 112 107
29 27 116 114 110
30 27 104 103 100
31 27 50 50 48
32 27 16 15 15
33 27 16 15 15
34 27 41 40 38
35 27 95 94 90
36 27 123 123 119
37 27 130 130 127
38 27 96 97 95
27 28 127 121 115
28 28 119 114 108
29 28 112 108 103
30 28 109 106 102
31 28 88 87 83
32 28 72 70 67
33 28 76 74 70
34 28 88 86 82
35 28 113 111 106
36 28 125 124 121
37 28 94 94 92
29 29 114 109 102
30 29 113 108 102
31 29 107 103 97
32 29 104 100 95
33 29 108 105 99
34 29 111 109 103
35 29 124 122 117
36 29 85 84 81
31 30 95 90 83
32 30 110 104 97
33 30 106 101 95
34 30 114 111 105
35 30 80 79 74
36 30 55 54 51
33 31 116 108 101
34 31 85 80 75
35 31 50 47 43
