29 0 178 181 179
28 1 176 178 176
29 1 187 190 188
30 1 192 194 192
27 2 182 180 178
28 2 190 184 181
29 2 192 188 186
30 2 193 194 192
31 2 195 196 194
26 3 179 180 177
27 3 189 180 178
28 3 201 170 167
29 3 201 176 174
30 3 196 188 186
31 3 196 195 193
32 3 197 198 196
33 3 198 200 198
25 4 179 177 175
26 4 187 179 177
27 4 192 180 178
28 4 204 158 157
29 4 208 146 145
30 4 205 169 168
31 4 201 183 182
32 4 198 195 194
33 4 200 201 199
34 4 201 203 200
24 5 178 176 174
25 5 186 176 174
26 5 197 165 164
27 5 200 157 157
28 5 202 161 163
29 5 207 137 137
30 5 208 143 141
31 5 206 167 165
32 5 200 191 189
33 5 199 200 197
34 5 202 204 201
35 5 203 206 203
23 6 176 175 173
24 6 186 176 174
25 6 195 166 165
26 6 198 161 162
27 6 200 151 152
28 6 201 157 157
29 6 200 173 172
30 6 200 183 181
31 6 199 190 188
32 6 197 196 193
33 6 197 199 197
34 6 200 202 199
35 6 204 206 203
36 6 205 207 204
22 7 175 172 170
23 7 183 174 172
24 7 192 163 162
25 7 197 152 152
26 7 196 161 162
27 7 195 175 175
28 7 193 182 180
29 7 190 188 185
30 7 192 193 191
31 7 194 195 193
32 7 195 197 194
33 7 197 199 197
34 7 199 201 198
35 7 202 204 201
36 7 205 207 204
37 7 206 207 203
21 8 174 170 168
22 8 182 170 168
23 8 189 162 160
24 8 194 139 139
25 8 194 157 157
26 8 189 174 173
27 8 186 182 180
28 8 183 185 182
29 8 187 189 187
30 8 191 193 190
31 8 193 195 192
32 8 195 197 194
33 8 198 200 197
34 8 200 202 199
35 8 201 203 200
36 8 203 204 200
37 8 203 200 195
38 8 196 191 181
20 9 172 168 166
21 9 178 168 165
22 9 186 157 155
23 9 188 159 159
24 9 190 163 162
25 9 187 172 171
26 9 173 172 170
27 9 158 160 157
28 9 155 158 155
29 9 181 184 181
30 9 191 193 190
31 9 194 196 193
32 9 196 198 195
33 9 198 199 196
34 9 200 201 198
35 9 201 202 199
36 9 202 200 195
37 9 200 195 187
38 9 199 195 189
39 9 206 205 201
19 10 169 165 162
20 10 177 163 161
21 10 184 146 143
22 10 189 129 128
23 10 187 155 154
24 10 184 172 171
25 10 171 169 167
26 10 127 129 126
27 10 73 76 73
28 10 103 106 104
29 10 172 175 172
30 10 191 193 190
31 10 195 196 193
32 10 196 197 194
33 10 198 199 196
34 10 199 200 196
35 10 200 199 194
36 10 200 196 189
37 10 199 196 190
38 10 196 195 191
39 10 198 198 195
40 10 206 206 204
18 11 167 161 157
19 11 174 160 157
20 11 180 141 138
21 11 185 98 95
22 11 187 119 118
23 11 186 164 163
24 11 178 174 172
25 11 149 150 148
26 11 62 64 62
27 11 25 26 26
28 11 119 122 120
29 11 178 181 178
30 11 191 193 191
31 11 195 197 194
32 11 196 197 194
33 11 197 198 195
34 11 199 198 193
35 11 198 194 188
36 11 193 191 186
37 11 179 179 176
38 11 177 178 176
39 11 189 190 188
40 11 199 199 197
41 11 204 204 202
17 12 160 156 150
18 12 170 160 156
19 12 178 145 142
20 12 182 115 114
21 12 184 88 87
22 12 185 134 134
23 12 182 174 172
24 12 174 175 173
25 12 137 139 137
26 12 70 72 70
27 12 107 110 107
28 12 165 168 165
29 12 188 190 187
30 12 193 194 191
31 12 194 196 193
32 12 196 197 193
33 12 196 195 190
34 12 198 194 188
35 12 190 188 184
36 12 148 149 146
37 12 94 95 93
38 12 92 93 92
39 12 168 169 167
40 12 190 190 188
41 12 200 201 198
42 12 203 203 201
16 13 158 152 145
17 13 159 155 149
18 13 169 161 156
19 13 179 140 136
20 13 182 115 114
21 13 183 111 110
22 13 184 154 152
23 13 179 177 174
24 13 178 180 177
25 13 162 164 161
26 13 154 157 154
27 13 170 172 169
28 13 185 187 184
29 13 191 193 190
30 13 192 194 191
31 13 194 195 192
32 13 194 193 189
33 13 195 192 186
34 13 192 190 186
35 13 153 153 151
36 13 48 49 48
37 13 4 4 4
38 13 58 59 57
39 13 158 159 156
40 13 186 187 184
41 13 190 190 188
42 13 195 196 194
43 13 199 200 198
17 14 161 157 151
18 14 165 162 157
19 14 174 155 151
20 14 183 132 129
21 14 184 131 129
22 14 181 165 163
23 14 179 179 177
24 14 181 182 179
25 14 181 183 180
26 14 183 184 181
27 14 186 188 185
28 14 189 191 187
29 14 191 192 189
30 14 191 192 189
31 14 193 192 187
32 14 195 191 185
33 14 194 192 187
34 14 183 183 181
35 14 131 132 131
36 14 25 26 25
37 14 20 20 20
38 14 121 122 119
39 14 173 174 172
40 14 186 187 184
41 14 185 185 182
42 14 188 189 186
43 14 193 193 191
44 14 197 198 196
17 15 163 160 155
18 15 164 162 157
19 15 170 166 162
20 15 179 156 152
21 15 182 147 144
22 15 179 171 168
23 15 180 180 177
24 15 181 183 179
25 15 183 185 181
26 15 185 187 183
27 15 187 189 185
28 15 188 190 186
29 15 191 192 188
30 15 191 190 185
31 15 194 190 183
32 15 192 190 185
33 15 188 187 184
34 15 182 182 180
35 15 157 158 157
36 15 112 112 111
37 15 119 120 117
38 15 162 163 160
39 15 180 181 178
40 15 185 185 183
41 15 184 184 182
42 15 183 184 181
43 15 186 186 184
44 15 193 194 191
18 16 162 160 155
19 16 167 166 161
20 16 174 169 165
21 16 180 167 164
22 16 179 177 174
23 16 180 181 178
24 16 182 183 180
25 16 185 186 183
26 16 186 187 184
27 16 187 189 185
28 16 189 190 186
29 16 190 188 183
30 16 193 188 182
31 16 191 188 183
32 16 186 185 182
33 16 186 186 183
34 16 184 184 181
35 16 178 178 176
36 16 173 173 170
37 16 174 174 171
38 16 180 181 178
39 16 181 182 179
40 16 182 182 180
41 16 182 182 180
42 16 181 181 179
43 16 180 180 178
44 16 182 182 180
45 16 191 191 189
19 17 166 165 160
20 17 171 171 166
21 17 176 175 172
22 17 179 180 176
23 17 181 182 178
24 17 183 184 181
25 17 185 186 182
26 17 186 187 183
27 17 188 188 184
28 17 189 187 181
29 17 191 185 179
30 17 190 187 182
31 17 183 183 179
32 17 183 183 180
33 17 183 183 180
34 17 183 183 180
35 17 182 182 179
36 17 181 181 178
37 17 181 181 178
38 17 181 181 178
39 17 180 180 177
40 17 179 180 177
41 17 179 179 177
42 17 178 178 176
43 17 178 178 176
44 17 177 177 174
45 17 179 180 177
46 17 187 188 186
19 18 170 169 164
20 18 170 169 164
21 18 176 176 172
22 18 180 180 176
23 18 181 182 178
24 18 183 184 180
25 18 185 185 182
26 18 186 186 182
27 18 188 185 180
28 18 189 183 176
29 18 188 185 179
30 18 183 182 178
31 18 183 182 179
32 18 182 181 178
33 18 182 181 178
34 18 181 181 178
35 18 180 180 177
36 18 180 180 177
37 18 179 179 176
38 18 178 179 176
39 18 177 177 175
40 18 177 178 175
41 18 177 177 174
42 18 176 176 173
43 18 176 176 173
44 18 176 176 173
45 18 174 175 173
46 18 173 175 173
47 18 178 180 179
20 19 166 164 159
21 19 174 173 168
22 19 178 178 174
23 19 181 182 178
24 19 184 184 180
25 19 184 184 179
26 19 186 183 177
27 19 188 182 174
28 19 186 182 177
29 19 182 181 177
30 19 181 180 177
31 19 181 180 177
32 19 180 180 176
33 19 180 179 176
34 19 179 178 175
35 19 178 178 175
36 19 177 177 174
37 19 176 177 174
38 19 177 177 174
39 19 175 176 173
40 19 174 174 171
41 19 174 175 172
42 19 173 174 170
43 19 173 173 170
44 19 174 174 172
45 19 172 174 172
46 19 152 154 153
47 19 160 163 161
21 20 175 174 169
22 20 177 176 171
23 20 181 181 177
24 20 183 183 178
25 20 183 180 174
26 20 185 179 171
27 20 185 181 176
28 20 180 178 174
29 20 179 178 175
30 20 179 179 175
31 20 179 178 175
32 20 177 177 173
33 20 178 177 174
34 20 177 177 174
35 20 176 176 173
36 20 175 176 172
37 20 174 175 171
38 20 175 175 172
39 20 174 174 171
40 20 172 172 169
41 20 172 172 169
42 20 171 171 168
43 20 172 173 169
44 20 171 172 169
45 20 155 157 155
46 20 62 64 63
22 21 173 171 165
23 21 179 176 170
24 21 182 177 171
25 21 184 176 168
26 21 183 178 172
27 21 179 177 173
28 21 178 177 173
29 21 177 176 172
30 21 176 176 172
31 21 176 176 172
32 21 175 175 172
33 21 175 175 172
34 21 174 174 171
35 21 174 174 171
36 21 173 173 170
37 21 172 172 169
38 21 172 172 169
39 21 171 170 167
40 21 170 170 167
41 21 171 170 167
42 21 171 171 168
43 21 169 170 167
44 21 155 156 154
45 21 62 63 62
22 22 162 156 147
23 22 175 166 157
24 22 179 167 158
25 22 181 173 166
26 22 176 174 169
27 22 177 175 172
28 22 176 175 171
29 22 175 174 170
30 22 173 173 169
31 22 173 172 168
32 22 173 173 170
33 22 173 172 169
34 22 173 172 169
35 22 172 172 169
36 22 171 171 168
37 22 170 170 167
38 22 169 169 166
39 22 169 168 165
40 22 169 168 165
41 22 170 170 167
42 22 168 169 167
43 22 151 152 150
44 22 62 63 62
23 23 168 151 138
24 23 176 163 152
25 23 171 165 159
26 23 174 172 167
27 23 174 172 169
28 23 174 173 169
29 23 173 172 168
30 23 171 171 167
31 23 170 170 166
32 23 171 170 167
33 23 170 170 167
34 23 170 170 167
35 23 169 169 166
36 23 167 167 164
37 23 167 167 164
38 23 166 166 163
39 23 166 165 162
40 23 167 167 163
41 23 167 168 165
42 23 152 153 151
43 23 61 62 61
24 24 172 163 153
25 24 173 167 160
26 24 170 167 161
27 24 172 169 165
28 24 172 170 166
29 24 171 169 165
30 24 170 169 165
31 24 169 168 164
32 24 168 168 164
33 24 167 167 163
34 24 159 159 156
35 24 151 151 148
36 24 146 146 143
37 24 160 160 157
38 24 164 164 160
39 24 165 165 161
40 24 166 166 163
41 24 152 153 150
42 24 60 61 59
25 25 169 163 155
26 25 172 167 160
27 25 170 166 161
28 25 168 166 161
29 25 168 166 162
30 25 168 166 162
31 25 166 166 161
32 25 165 164 160
33 25 153 153 150
34 25 115 115 113
35 25 76 77 75
36 25 88 89 86
37 25 144 144 140
38 25 162 162 158
39 25 164 164 160
40 25 150 151 148
41 25 60 60 58
27 26 167 162 156
28 26 166 162 157
29 26 164 161 156
30 26 165 163 159
31 26 164 163 159
32 26 160 159 155
33 26 123 123 120
34 26 43 43 42
35 26 14 14 13
36 26 77 76 73
37 26 146 146 142
38 26 161 161 157
39 26 148 148 145
40 26 59 59 58
28 27 166 160 154
29 27 169 164 158
30 27 162 158 153
31 27 160 158 154
32 27 154 153 149
33 27 106 106 103
34 27 44 44 42
35 27 62 61 58
36 27 120 118 114
37 27 152 152 148
38 27 147 148 144
39 27 59 59 57
30 28 161 156 150
31 28 156 152 146
32 28 153 150 145
33 28 132 130 125
34 28 119 116 111
35 28 131 129 124
36 28 147 145 140
37 28 142 141 137
38 28 56 56 53
31 29 154 148 141
32 29 152 147 140
33 29 148 144 138
34 29 148 145 139
35 29 150 147 141
36 29 139 136 131
37 29 55 54 51
32 30 149 142 134
33 30 149 143 135
34 30 143 138 131
35 30 134 130 125
36 30 52 50 47
34 31 134 126 119
35 31 44 41 37
