29 0 173 175 173
28 1 162 164 162
29 1 179 180 178
30 1 182 181 178
27 2 167 163 161
28 2 166 160 158
29 2 180 178 176
30 2 185 185 181
31 2 177 171 166
32 2 181 178 176
26 3 156 154 151
27 3 170 157 154
28 3 185 158 155
29 3 183 167 165
30 3 189 188 185
31 3 185 183 179
32 3 179 176 172
33 3 179 177 174
25 4 162 159 157
26 4 165 158 156
27 4 180 161 159
28 4 192 136 134
29 4 193 152 151
30 4 191 178 177
31 4 194 193 190
32 4 184 181 176
33 4 180 177 173
34 4 179 177 174
24 5 148 145 143
25 5 164 154 152
26 5 180 155 153
27 5 186 146 146
28 5 194 133 134
29 5 197 133 131
30 5 190 164 162
31 5 190 190 188
32 5 193 193 189
33 5 183 180 175
34 5 180 178 175
35 5 178 177 174
23 6 144 143 141
24 6 160 151 149
25 6 177 155 154
26 6 184 144 144
27 6 188 138 138
28 6 189 157 156
29 6 187 169 167
30 6 185 180 177
31 6 186 188 185
32 6 198 199 196
33 6 191 189 185
34 6 182 180 176
35 6 179 179 175
36 6 174 174 172
23 7 161 153 151
24 7 172 152 150
25 7 182 144 143
26 7 182 153 153
27 7 181 165 163
28 7 178 175 172
29 7 179 180 177
30 7 183 185 182
31 7 186 188 185
32 7 190 192 189
33 7 199 199 195
34 7 181 177 171
35 7 176 175 171
36 7 172 171 168
37 7 167 168 165
38 7 163 163 162
22 8 157 148 147
23 8 168 147 145
24 8 179 136 135
25 8 179 148 148
26 8 173 163 161
27 8 171 172 169
28 8 175 178 174
29 8 179 182 178
30 8 185 187 184
31 8 185 186 183
32 8 188 189 186
33 8 196 195 190
34 8 189 182 174
35 8 168 163 158
36 8 161 160 157
37 8 159 159 157
38 8 156 157 155
39 8 157 158 157
21 9 151 144 141
22 9 164 145 143
23 9 173 144 143
24 9 175 147 146
25 9 166 155 154
26 9 147 147 145
27 9 157 160 157
28 9 176 178 175
29 9 181 183 180
30 9 184 186 183
31 9 186 188 184
32 9 190 189 185
33 9 194 189 181
34 9 195 190 183
35 9 193 189 184
36 9 170 165 159
37 9 151 150 146
38 9 150 150 148
39 9 149 150 148
40 9 155 155 154
20 10 148 140 138
21 10 160 138 135
22 10 172 130 129
23 10 172 143 142
24 10 161 153 151
25 10 123 122 120
26 10 85 88 85
27 10 147 151 148
28 10 178 180 177
29 10 182 183 180
30 10 184 186 182
31 10 188 188 184
32 10 194 190 183
33 10 192 189 183
34 10 186 185 180
35 10 192 192 189
36 10 193 192 189
37 10 178 175 171
38 10 163 162 159
39 10 153 153 151
40 10 152 152 150
41 10 150 150 148
19 11 146 136 133
20 11 154 132 128
21 11 168 116 113
22 11 172 114 112
23 11 167 149 147
24 11 139 137 135
25 11 64 65 63
26 11 93 96 94
27 11 161 164 161
28 11 179 181 177
29 11 182 184 180
30 11 184 184 180
31 11 192 189 183
32 11 190 187 182
33 11 172 172 168
34 11 160 161 159
35 11 167 168 165
36 11 185 186 183
37 11 195 194 192
38 11 192 191 187
39 11 180 179 176
40 11 169 169 167
41 11 158 157 155
42 11 154 151 148
18 12 133 127 122
19 12 148 132 128
20 12 164 123 120
21 12 169 94 93
22 12 170 133 132
23 12 159 155 152
24 12 117 118 116
25 12 83 85 83
26 12 146 149 146
27 12 174 176 173
28 12 180 182 178
29 12 183 183 179
30 12 190 188 182
31 12 190 187 182
32 12 159 159 157
33 12 92 93 91
34 12 72 73 72
35 12 81 82 80
36 12 158 159 156
37 12 182 182 180
38 12 190 191 188
39 12 197 196 193
40 12 189 188 185
41 12 179 179 176
42 12 168 167 164
17 13 119 111 105
18 13 128 121 115
19 13 154 135 130
20 13 165 112 109
21 13 168 112 110
22 13 167 152 149
23 13 159 159 156
24 13 140 143 140
25 13 150 152 149
26 13 171 173 169
27 13 178 180 176
28 13 180 181 177
29 13 189 186 180
30 13 190 187 182
31 13 169 169 167
32 13 93 95 94
33 13 8 8 8
34 13 3 3 3
35 13 32 32 31
36 13 133 134 132
37 13 176 176 174
38 13 182 182 179
39 13 189 189 187
40 13 197 196 193
41 13 192 191 187
42 13 181 180 177
43 13 174 173 170
18 14 129 123 117
19 14 152 137 132
20 14 167 121 118
21 14 167 134 131
22 14 164 161 158
23 14 166 167 164
24 14 167 169 166
25 14 171 173 170
26 14 176 177 174
27 14 178 179 174
28 14 186 184 178
29 14 190 187 181
30 14 179 179 175
31 14 166 167 165
32 14 99 100 99
33 14 21 22 21
34 14 7 7 7
35 14 75 76 74
36 14 155 156 153
37 14 178 179 176
38 14 178 179 176
39 14 181 182 179
40 14 186 187 184
41 14 194 193 190
42 14 193 192 188
43 14 184 183 180
44 14 178 178 175
18 15 138 133 127
19 15 150 140 136
20 15 165 138 135
21 15 165 150 147
22 15 165 165 161
23 15 167 169 165
24 15 170 172 168
25 15 174 175 171
26 15 176 177 172
27 15 184 181 175
28 15 188 185 179
29 15 179 178 174
30 15 177 177 174
31 15 172 173 171
32 15 145 146 145
33 15 109 110 108
34 15 97 97 95
35 15 144 145 142
36 15 169 170 167
37 15 176 177 174
38 15 177 178 175
39 15 178 178 175
40 15 178 178 176
41 15 182 183 180
42 15 191 191 188
43 15 193 192 188
44 15 184 182 178
45 15 177 176 172
18 16 135 131 126
19 16 146 141 137
20 16 160 151 148
21 16 165 161 157
22 16 166 167 164
23 16 169 170 166
24 16 172 174 170
25 16 174 175 170
26 16 181 178 172
27 16 187 183 177
28 16 179 178 173
29 16 176 176 173
30 16 177 176 173
31 16 175 175 172
32 16 170 170 168
33 16 167 167 164
34 16 165 165 162
35 16 172 173 170
36 16 175 175 172
37 16 176 176 173
38 16 176 177 174
39 16 174 174 172
40 16 176 177 174
41 16 174 174 172
42 16 177 177 175
43 16 184 184 181
44 16 190 189 185
45 16 185 183 178
18 17 162 160 154
19 17 141 139 135
20 17 159 158 154
21 17 163 164 160
22 17 167 168 165
23 17 170 171 168
24 17 172 172 168
25 17 179 176 170
26 17 186 181 174
27 17 177 175 170
28 17 174 174 170
29 17 175 174 171
30 17 175 175 172
31 17 174 174 171
32 17 174 174 170
33 17 174 174 171
34 17 173 174 171
35 17 174 175 171
36 17 173 174 171
37 17 174 174 172
38 17 173 174 171
39 17 174 174 171
40 17 172 172 170
41 17 174 175 172
42 17 172 172 170
43 17 172 173 170
44 17 180 181 178
45 17 187 186 183
46 17 184 182 178
19 18 145 144 139
20 18 159 159 154
21 18 166 166 162
22 18 168 169 165
23 18 170 170 166
24 18 177 173 167
25 18 184 179 172
26 18 176 174 169
27 18 172 171 167
28 18 173 172 168
29 18 174 173 170
30 18 173 172 169
31 18 173 173 170
32 18 173 172 169
33 18 172 173 169
34 18 173 173 170
35 18 172 172 169
36 18 173 173 170
37 18 172 172 169
38 18 171 172 169
39 18 170 170 167
40 18 171 172 168
41 18 170 170 167
42 18 172 172 169
43 18 171 172 169
44 18 170 171 168
45 18 177 178 175
46 18 181 182 180
47 18 183 183 181
19 19 145 144 138
20 19 158 158 153
21 19 166 166 162
22 19 169 169 164
23 19 174 170 164
24 19 182 176 169
25 19 174 171 166
26 19 171 169 165
27 19 171 171 167
28 19 170 170 166
29 19 171 171 168
30 19 171 170 167
31 19 171 171 167
32 19 171 170 168
33 19 171 171 168
34 19 170 170 167
35 19 171 171 168
36 19 169 170 166
37 19 169 170 167
38 19 169 170 167
39 19 169 169 166
40 19 168 169 165
41 19 168 168 165
42 19 169 169 166
43 19 170 170 167
44 19 170 171 168
45 19 169 171 170
46 19 162 165 164
47 19 184 184 181
19 20 141 139 134
20 20 155 153 148
21 20 166 166 161
22 20 172 168 162
23 20 180 173 166
24 20 176 172 167
25 20 168 167 163
26 20 169 168 164
27 20 169 168 165
28 20 169 169 165
29 20 169 168 165
30 20 169 168 165
31 20 168 168 165
32 20 168 168 165
33 20 168 168 165
34 20 169 169 166
35 20 168 168 165
36 20 168 168 165
37 20 167 167 164
38 20 168 168 165
39 20 167 168 164
40 20 167 167 164
41 20 167 167 164
42 20 167 168 164
43 20 169 169 166
44 20 170 171 169
45 20 154 157 155
46 20 89 91 90
19 21 169 165 159
20 21 149 145 139
21 21 167 161 154
22 21 177 169 161
23 21 174 170 164
24 21 167 165 161
25 21 168 167 163
26 21 168 167 162
27 21 167 166 162
28 21 167 166 162
29 21 166 166 162
30 21 166 166 163
31 21 166 166 163
32 21 166 166 163
33 21 167 167 163
34 21 165 166 162
35 21 166 166 163
36 21 165 165 162
37 21 166 165 162
38 21 165 165 162
39 21 165 164 161
40 21 166 166 163
41 21 166 165 162
42 21 167 167 164
43 21 168 169 167
44 21 151 153 152
45 21 86 88 87
20 22 146 133 122
21 22 171 157 147
22 22 171 163 156
23 22 165 162 158
24 22 166 164 160
25 22 166 164 160
26 22 165 164 160
27 22 165 165 160
28 22 163 163 159
29 22 164 164 159
30 22 164 163 160
31 22 164 164 161
32 22 164 164 160
33 22 164 164 161
34 22 164 164 161
35 22 164 164 161
36 22 164 164 160
37 22 163 162 159
38 22 163 163 160
39 22 164 163 160
40 22 164 164 160
41 22 166 166 163
42 22 167 168 165
43 22 144 147 145
44 22 65 66 65
20 23 145 125 112
21 23 166 152 141
22 23 160 153 146
23 23 160 157 152
24 23 163 160 156
25 23 164 162 158
26 23 165 163 159
27 23 163 162 157
28 23 162 162 158
29 23 161 161 157
30 23 162 162 158
31 23 161 161 158
32 23 162 162 158
33 23 161 161 157
34 23 161 161 158
35 23 161 161 158
36 23 160 160 157
37 23 161 161 158
38 23 160 160 157
39 23 162 161 158
40 23 163 163 159
41 23 165 165 163
42 23 145 147 145
43 23 64 65 64
22 24 154 147 139
23 24 159 154 148
24 24 159 155 150
25 24 161 159 154
26 24 162 160 156
27 24 162 161 156
28 24 161 160 156
29 24 160 159 155
30 24 159 159 154
31 24 159 159 155
32 24 158 158 155
33 24 149 149 146
34 24 144 144 141
35 24 142 142 139
36 24 153 153 149
37 24 158 158 155
38 24 160 159 156
39 24 162 161 157
40 24 164 164 161
41 24 138 139 137
42 24 64 65 63
23 25 134 128 120
24 25 160 155 148
25 25 158 154 149
26 25 158 155 150
27 25 159 157 153
28 25 159 157 153
29 25 158 157 152
30 25 157 156 152
31 25 155 155 151
32 25 138 138 135
33 25 89 90 88
34 25 67 68 66
35 25 70 71 68
36 25 129 129 126
37 25 153 153 149
38 25 159 158 154
39 25 162 162 159
40 25 140 141 139
41 25 63 64 62
25 26 146 140 134
26 26 158 153 147
27 26 155 151 146
28 26 155 153 148
29 26 155 154 149
30 26 155 154 149
31 26 147 147 143
32 26 98 98 95
33 26 22 22 21
34 26 2 2 2
35 26 34 35 33
36 26 118 118 114
37 26 154 153 149
38 26 158 159 155
39 26 138 139 136
40 26 63 63 62
27 27 150 145 138
28 27 153 149 143
29 27 151 148 143
30 27 151 149 145
31 27 144 143 139
32 27 92 92 89
33 27 28 28 27
34 27 31 31 29
35 27 71 69 66
36 27 133 132 127
37 27 155 154 151
38 27 135 135 133
39 27 63 63 62
28 28 129 123 117
29 28 151 146 140
30 28 148 144 138
31 28 143 140 135
32 28 125 124 119
33 28 103 101 97
34 28 114 111 106
35 28 130 128 123
36 28 149 147 142
37 28 132 132 128
38 28 60 60 58
30 29 137 130 123
31 29 145 140 133
32 29 142 138 131
33 29 139 136 130
34 29 143 140 134
35 29 146 143 138
36 29 128 126 121
37 29 59 58 56
32 30 133 127 119
33 30 137 131 123
34 30 138 133 126
35 30 121 118 113
36 30 56 55 51
33 31 124 115 108
34 31 122 114 108
35 31 49 46 43
