29 1 154 141 130
30 1 158 148 140
31 1 165 157 151
32 1 174 168 163
28 2 167 159 149
29 2 167 160 151
30 2 171 165 158
31 2 175 170 164
32 2 177 173 168
33 2 178 174 169
34 2 180 176 171
27 3 171 164 156
28 3 174 168 161
29 3 176 172 166
30 3 178 175 168
31 3 178 175 169
32 3 177 174 168
33 3 178 175 170
34 3 181 178 173
35 3 183 181 178
36 3 185 183 181
26 4 176 170 163
27 4 178 174 167
28 4 182 179 174
29 4 183 180 175
30 4 182 180 174
31 4 181 178 173
32 4 180 178 172
33 4 179 177 172
34 4 180 178 174
35 4 183 182 178
36 4 186 185 182
37 4 187 186 184
38 4 187 186 184
24 5 177 170 162
25 5 180 175 169
26 5 183 179 174
27 5 184 182 177
28 5 186 184 180
29 5 186 185 180
30 5 185 184 179
31 5 185 183 179
32 5 183 182 177
33 5 183 181 177
34 5 183 182 177
35 5 183 182 178
36 5 185 184 181
37 5 186 186 183
38 5 187 187 185
39 5 186 187 185
23 6 180 173 166
24 6 182 178 171
25 6 185 182 177
26 6 187 185 181
27 6 187 186 182
28 6 188 187 183
29 6 188 187 183
30 6 188 187 183
31 6 187 187 183
32 6 187 186 183
33 6 187 186 183
34 6 185 185 182
35 6 185 185 182
36 6 185 185 181
37 6 185 185 182
38 6 187 186 184
39 6 188 189 186
40 6 189 190 188
41 6 187 189 187
22 7 180 173 165
23 7 183 179 173
24 7 184 182 177
25 7 177 177 173
26 7 171 170 166
27 7 171 170 166
28 7 181 181 177
29 7 188 188 184
30 7 190 190 187
31 7 188 189 186
32 7 183 183 181
33 7 177 177 175
34 7 177 177 174
35 7 185 185 182
36 7 188 188 185
37 7 188 188 185
38 7 187 187 184
39 7 185 185 183
40 7 183 184 181
41 7 187 188 186
42 7 189 190 189
43 7 187 189 188
21 8 177 163 151
22 8 186 177 169
23 8 189 185 181
24 8 181 181 177
25 8 143 143 140
26 8 88 87 84
27 8 87 87 84
28 8 130 130 126
29 8 175 175 172
30 8 190 190 187
31 8 186 186 184
32 8 162 162 159
33 8 113 113 111
34 8 110 110 107
35 8 150 151 148
36 8 180 181 178
37 8 189 190 187
38 8 185 186 184
39 8 164 165 163
40 8 136 137 134
41 8 154 155 152
42 8 178 179 177
43 8 188 190 188
44 8 189 191 190
45 8 186 189 188
20 9 131 123 110
21 9 165 157 146
22 9 187 179 171
23 9 192 187 182
24 9 185 183 179
25 9 143 143 140
26 9 60 60 59
27 9 26 27 26
28 9 54 54 53
29 9 153 154 151
30 9 188 189 186
31 9 189 189 187
32 9 162 163 160
33 9 83 84 82
34 9 24 25 24
35 9 58 58 57
36 9 152 153 150
37 9 187 188 186
38 9 186 187 185
39 9 144 146 144
40 9 55 56 55
41 9 41 42 40
42 9 117 119 116
43 9 176 177 175
44 9 191 193 191
45 9 189 191 190
46 9 179 180 179
20 10 59 55 49
21 10 63 59 54
22 10 129 126 121
23 10 177 174 169
24 10 191 187 183
25 10 181 177 173
26 10 154 153 149
27 10 134 134 131
28 10 134 134 132
29 10 173 173 171
30 10 192 192 189
31 10 194 194 191
32 10 186 187 184
33 10 163 164 162
34 10 132 133 131
35 10 118 119 117
36 10 167 169 166
37 10 191 192 190
38 10 193 194 192
39 10 178 179 178
40 10 140 142 141
41 10 96 98 97
42 10 107 109 107
43 10 171 173 171
44 10 191 193 191
45 10 187 188 187
46 10 168 169 167
20 11 59 56 50
21 11 60 59 55
22 11 55 55 53
23 11 74 75 72
24 11 153 152 149
25 11 183 180 176
26 11 191 188 184
27 11 188 186 182
28 11 188 187 184
29 11 194 194 191
30 11 195 195 193
31 11 197 197 194
32 11 195 195 193
33 11 193 193 190
34 11 188 189 186
35 11 185 185 183
36 11 192 193 190
37 11 195 196 194
38 11 196 197 194
39 11 193 194 192
40 11 187 189 187
41 11 180 181 179
42 11 180 181 180
43 11 189 191 189
44 11 187 188 186
45 11 161 162 159
20 12 59 56 52
21 12 55 54 52
22 12 32 32 31
23 12 21 21 20
24 12 34 34 33
25 12 105 105 103
26 12 170 169 166
27 12 192 189 185
28 12 197 194 190
29 12 198 197 194
30 12 198 198 195
31 12 198 198 195
32 12 198 198 195
33 12 197 197 194
34 12 197 197 195
35 12 197 197 194
36 12 197 197 195
37 12 198 198 196
38 12 197 197 195
39 12 197 198 196
40 12 196 197 195
41 12 197 198 196
42 12 197 198 196
43 12 190 191 189
44 12 169 169 166
45 12 120 119 115
19 13 58 54 49
20 13 59 57 53
21 13 51 51 49
22 13 20 21 20
23 13 1 1 1
24 13 9 9 9
25 13 35 35 34
26 13 58 59 57
27 13 128 129 126
28 13 181 180 177
29 13 198 195 191
30 13 199 196 192
31 13 199 198 195
32 13 199 198 195
33 13 198 198 195
34 13 198 197 195
35 13 198 198 195
36 13 198 198 196
37 13 198 198 196
38 13 198 199 196
39 13 199 199 197
40 13 198 199 197
41 13 198 199 197
42 13 195 196 194
43 13 171 171 169
44 13 123 122 119
45 13 173 172 168
19 14 58 55 50
20 14 60 58 55
21 14 56 56 54
22 14 35 35 34
23 14 12 12 12
24 14 4 4 3
25 14 29 29 28
26 14 55 56 54
27 14 62 63 60
28 14 78 79 76
29 14 157 157 154
30 14 188 186 182
31 14 199 197 193
32 14 200 198 194
33 14 200 199 196
34 14 199 199 197
35 14 199 200 197
36 14 199 199 197
37 14 199 200 197
38 14 200 200 197
39 14 199 200 197
40 14 200 201 199
41 14 198 199 197
42 14 177 177 175
43 14 139 139 135
44 14 117 116 113
19 15 58 55 50
20 15 61 59 55
21 15 61 60 58
22 15 52 53 51
23 15 36 36 35
24 15 24 24 23
25 15 37 38 36
26 15 56 56 54
27 15 61 62 60
28 15 62 62 60
29 15 63 63 61
30 15 104 105 102
31 15 168 167 164
32 15 195 192 188
33 15 200 198 193
34 15 200 198 195
35 15 201 201 198
36 15 201 201 198
37 15 200 200 198
38 15 200 201 198
39 15 201 201 198
40 15 201 202 199
41 15 185 185 183
42 15 138 137 134
43 15 103 102 98
44 15 125 123 119
19 16 59 55 51
20 16 61 59 56
21 16 61 61 58
22 16 60 60 58
23 16 56 56 54
24 16 53 53 51
25 16 56 56 54
26 16 59 60 57
27 16 61 61 59
28 16 62 62 60
29 16 62 62 60
30 16 62 63 61
31 16 63 63 61
32 16 128 128 126
33 16 182 180 177
34 16 198 196 192
35 16 201 199 194
36 16 201 200 197
37 16 202 202 199
38 16 202 202 199
39 16 202 202 200
40 16 192 192 190
41 16 142 142 138
42 16 127 126 122
43 16 109 107 103
18 17 57 52 48
19 17 59 55 51
20 17 60 59 56
21 17 60 60 58
22 17 61 61 58
23 17 60 60 58
24 17 60 60 58
25 17 60 60 58
26 17 60 61 58
27 17 61 61 59
28 17 61 61 59
29 17 61 61 59
30 17 62 62 60
31 17 61 62 60
32 17 62 62 60
33 17 76 77 75
34 17 158 158 155
35 17 189 187 182
36 17 200 198 193
37 17 201 199 195
38 17 202 201 197
39 17 196 196 193
40 17 156 156 153
41 17 131 130 126
42 17 98 96 92
43 17 55 54 51
18 18 57 52 47
19 18 59 56 51
20 18 60 59 56
21 18 61 61 58
22 18 61 60 58
23 18 60 59 57
24 18 60 60 57
25 18 60 60 58
26 18 60 60 58
27 18 60 60 58
28 18 60 60 58
29 18 61 61 59
30 18 60 61 58
31 18 61 61 59
32 18 61 61 59
33 18 62 62 60
34 18 63 63 61
35 18 100 101 98
36 18 168 168 164
37 18 194 192 188
38 18 195 192 187
39 18 170 168 163
40 18 131 131 127
41 18 130 128 124
42 18 77 76 72
18 19 57 52 47
19 19 59 56 52
20 19 60 59 56
21 19 61 60 58
22 19 60 60 57
23 19 60 60 57
24 19 60 59 57
25 19 59 59 57
26 19 60 60 58
27 19 60 60 57
28 19 59 60 57
29 19 60 61 59
30 19 60 60 58
31 19 60 61 58
32 19 61 61 58
33 19 61 61 59
34 19 61 62 59
35 19 63 64 61
36 19 64 65 63
37 19 143 145 144
38 19 172 170 166
39 19 135 134 130
40 19 129 128 124
41 19 90 88 84
42 19 49 47 45
18 20 56 51 46
19 20 58 56 52
20 20 61 59 57
21 20 60 60 57
22 20 60 59 57
23 20 59 59 56
24 20 60 59 57
25 20 58 58 56
26 20 59 59 57
27 20 59 60 57
28 20 60 60 57
29 20 60 60 58
30 20 60 60 58
31 20 60 60 58
32 20 59 60 57
33 20 61 61 58
34 20 61 62 59
35 20 63 63 60
36 20 74 75 73
37 20 162 164 162
38 20 147 145 140
39 20 134 133 129
40 20 113 111 107
41 20 50 49 46
17 21 52 43 37
18 21 55 49 43
19 21 59 56 52
20 21 59 58 55
21 21 60 59 56
22 21 59 58 55
23 21 59 59 56
24 21 59 58 56
25 21 59 59 57
26 21 59 59 57
27 21 59 59 56
28 21 59 59 57
29 21 59 59 57
30 21 59 59 57
31 21 59 59 57
32 21 59 59 57
33 21 60 60 58
34 21 60 60 58
35 21 62 62 60
36 21 129 131 129
37 21 159 158 154
38 21 140 140 136
39 21 109 107 103
40 21 77 74 70
41 21 41 39 36
18 22 49 42 37
19 22 54 50 46
20 22 58 56 53
21 22 59 57 55
22 22 59 58 55
23 22 59 58 56
24 22 59 58 56
25 22 58 58 56
26 22 59 58 56
27 22 59 59 56
28 22 59 58 56
29 22 59 59 57
30 22 58 58 56
31 22 59 58 56
32 22 59 59 57
33 22 59 59 57
34 22 61 61 58
35 22 75 75 73
36 22 165 167 165
37 22 157 156 151
38 22 120 119 115
39 22 91 88 84
40 22 43 42 40
19 23 49 45 41
20 23 53 50 47
21 23 55 54 51
22 23 58 57 54
23 23 58 58 55
24 23 58 57 54
25 23 58 57 55
26 23 58 58 56
27 23 57 57 55
28 23 58 58 56
29 23 58 58 55
30 23 58 58 55
31 23 58 58 55
32 23 58 58 56
33 23 59 59 56
34 23 61 61 59
35 23 127 129 127
36 23 166 165 162
37 23 137 136 132
38 23 96 94 90
39 23 61 59 56
20 24 45 42 39
21 24 50 48 45
22 24 54 52 49
23 24 57 55 52
24 24 58 57 54
25 24 58 57 54
26 24 57 57 54
27 24 57 57 54
28 24 53 53 51
29 24 48 48 46
30 24 49 49 47
31 24 54 54 52
32 24 58 58 55
33 24 59 58 56
34 24 65 65 62
35 24 160 161 158
36 24 151 148 144
37 24 102 100 96
38 24 68 66 63
39 24 35 34 32
22 25 48 45 43
23 25 51 49 46
24 25 55 53 50
25 25 57 56 53
26 25 57 57 54
27 25 55 55 52
28 25 40 40 39
29 25 21 21 20
30 25 22 22 21
31 25 37 38 36
32 25 53 53 51
33 25 59 58 56
34 25 111 111 108
35 25 160 160 157
36 25 119 116 111
37 25 74 71 67
38 25 32 31 29
23 26 44 42 39
24 26 49 46 43
25 26 52 50 47
26 26 54 53 50
27 26 54 53 50
28 26 38 38 36
29 26 12 12 12
30 26 2 2 2
31 26 17 17 17
32 26 44 44 42
33 26 62 61 59
34 26 148 148 145
35 26 137 135 130
36 26 101 98 94
37 26 33 32 30
25 27 45 43 40
26 27 49 47 44
27 27 52 51 48
28 27 48 47 44
29 27 26 25 24
30 27 7 7 6
31 27 10 10 9
32 27 35 34 33
33 27 84 84 82
34 27 155 154 152
35 27 105 100 95
36 27 68 66 62
27 28 45 43 39
28 28 47 45 42
29 28 42 41 38
30 28 33 32 30
31 28 31 30 28
32 28 44 43 40
33 28 132 131 128
34 28 138 135 131
35 28 81 77 73
36 28 41 39 37
28 29 42 39 36
29 29 45 43 40
30 29 47 45 42
31 29 50 47 44
32 29 72 70 66
33 29 143 141 136
34 29 105 100 95
35 29 35 32 30
30 30 43 40 37
31 30 46 44 40
32 30 110 106 100
33 30 131 127 122
34 30 48 45 42
31 31 39 36 33
32 31 125 119 112
33 31 90 84 79
