29 0 183 187 185
30 0 187 191 189
31 0 192 194 193
29 1 192 195 193
30 1 194 196 194
31 1 195 196 194
32 1 194 196 194
33 1 192 194 192
28 2 191 194 192
29 2 195 196 194
30 2 202 194 192
31 2 203 191 188
32 2 199 194 192
33 2 195 195 193
34 2 193 194 192
35 2 191 193 190
27 3 191 194 192
28 3 195 197 195
29 3 198 197 195
30 3 203 189 187
31 3 210 170 167
32 3 207 176 174
33 3 202 188 186
34 3 197 193 191
35 3 195 195 193
36 3 194 195 193
27 4 195 196 194
28 4 198 197 195
29 4 203 189 187
30 4 205 181 179
31 4 205 180 179
32 4 210 160 160
33 4 210 158 157
34 4 206 175 174
35 4 203 187 185
36 4 198 192 191
37 4 196 194 192
38 4 192 193 190
26 5 195 197 195
27 5 197 197 195
28 5 201 193 191
29 5 206 173 172
30 5 207 158 158
31 5 207 165 165
32 5 207 157 159
33 5 209 151 153
34 5 210 137 136
35 5 210 146 145
36 5 207 171 169
37 5 200 189 187
38 5 194 194 192
39 5 193 195 192
40 5 191 193 190
25 6 194 195 194
26 6 196 197 195
27 6 199 195 194
28 6 203 184 182
29 6 206 158 158
30 6 206 168 170
31 6 206 170 172
32 6 206 158 160
33 6 207 163 163
34 6 205 170 169
35 6 204 179 177
36 6 203 184 182
37 6 199 191 188
38 6 194 194 192
39 6 194 196 193
40 6 194 196 193
41 6 192 194 191
42 6 189 191 188
24 7 191 192 191
25 7 196 196 194
26 7 198 195 193
27 7 201 186 184
28 7 204 165 165
29 7 205 144 144
30 7 207 158 159
31 7 205 171 172
32 7 202 177 178
33 7 199 187 186
34 7 196 191 189
35 7 194 194 192
36 7 194 195 192
37 7 194 195 193
38 7 193 195 192
39 7 193 195 192
40 7 193 195 192
41 7 194 196 193
42 7 193 195 192
43 7 192 194 191
24 8 194 195 193
25 8 196 195 193
26 8 198 186 184
27 8 201 165 164
28 8 202 163 163
29 8 202 160 160
30 8 204 156 155
31 8 201 182 181
32 8 196 189 188
33 8 192 192 190
34 8 189 191 189
35 8 189 191 189
36 8 192 194 191
37 8 193 195 192
38 8 193 195 192
39 8 193 195 193
40 8 194 195 193
41 8 194 195 193
42 8 193 195 192
43 8 193 195 192
44 8 192 193 189
45 8 188 186 180
23 9 192 193 191
24 9 195 195 192
25 9 197 190 187
26 9 198 173 170
27 9 201 143 142
28 9 200 162 162
29 9 199 176 176
30 9 199 178 177
31 9 197 189 188
32 9 190 190 188
33 9 176 179 176
34 9 159 162 159
35 9 156 159 156
36 9 177 179 177
37 9 190 193 190
38 9 193 195 192
39 9 193 195 192
40 9 194 195 192
41 9 194 196 193
42 9 193 195 191
43 9 193 195 192
44 9 193 193 189
45 9 186 183 175
46 9 168 160 149
22 10 191 190 187
23 10 193 192 190
24 10 195 190 188
25 10 196 177 174
26 10 196 136 133
27 10 197 106 104
28 10 200 124 123
29 10 199 157 157
30 10 198 176 175
31 10 194 190 188
32 10 184 185 183
33 10 144 147 144
34 10 71 73 71
35 10 53 54 53
36 10 111 114 112
37 10 174 177 174
38 10 192 194 191
39 10 193 195 192
40 10 194 195 192
41 10 193 195 192
42 10 193 195 191
43 10 193 194 191
44 10 192 191 187
45 10 185 181 173
46 10 173 165 153
22 11 190 189 185
23 11 193 191 187
24 11 193 177 174
25 11 195 152 149
26 11 195 115 114
27 11 195 99 99
28 11 196 103 102
29 11 199 145 145
30 11 197 180 179
31 11 193 192 190
32 11 186 187 185
33 11 143 145 143
34 11 38 39 38
35 11 2 2 2
36 11 45 48 47
37 11 149 153 150
38 11 189 192 189
39 11 193 195 192
40 11 194 195 192
41 11 193 195 191
42 11 193 195 191
43 11 193 194 190
44 11 190 188 183
45 11 186 180 171
21 12 181 176 169
22 12 187 185 180
23 12 191 188 183
24 12 192 176 171
25 12 194 150 146
26 12 195 136 136
27 12 194 113 113
28 12 193 102 101
29 12 196 122 121
30 12 197 176 175
31 12 193 191 189
32 12 190 191 188
33 12 169 171 168
34 12 108 110 108
35 12 63 66 65
36 12 79 82 80
37 12 161 164 162
38 12 190 193 190
39 12 194 196 193
40 12 193 195 192
41 12 194 195 192
42 12 193 195 191
43 12 191 191 187
44 12 189 186 179
45 12 184 178 169
21 13 131 119 110
22 13 166 160 153
23 13 184 180 175
24 13 188 183 179
25 13 190 175 170
26 13 193 155 151
27 13 195 125 123
28 13 195 131 130
29 13 195 127 126
30 13 196 165 164
31 13 193 190 188
32 13 191 192 190
33 13 187 189 186
34 13 173 175 172
35 13 161 164 161
36 13 167 169 167
37 13 185 187 185
38 13 192 194 191
39 13 194 195 192
40 13 193 195 191
41 13 193 194 191
42 13 193 194 190
43 13 190 189 184
44 13 187 183 174
45 13 183 176 164
20 14 55 51 48
21 14 53 50 46
22 14 85 79 73
23 14 139 134 127
24 14 175 172 166
25 14 185 183 178
26 14 188 180 176
27 14 193 169 166
28 14 195 155 153
29 14 194 137 135
30 14 194 148 146
31 14 193 185 183
32 14 192 192 190
33 14 192 193 191
34 14 191 192 190
35 14 190 192 189
36 14 191 192 190
37 14 192 194 191
38 14 193 195 191
39 14 193 194 191
40 14 194 195 192
41 14 193 194 190
42 14 192 192 188
43 14 189 186 180
44 14 187 181 172
20 15 56 54 51
21 15 54 52 48
22 15 43 41 38
23 15 35 33 31
24 15 94 90 84
25 15 154 150 144
26 15 179 176 172
27 15 188 184 181
28 15 191 181 178
29 15 193 169 166
30 15 194 155 151
31 15 194 179 176
32 15 191 191 188
33 15 192 193 190
34 15 191 193 190
35 15 193 194 191
36 15 193 194 191
37 15 192 194 190
38 15 193 194 191
39 15 192 194 190
40 15 194 195 191
41 15 193 193 190
42 15 192 190 185
43 15 188 184 176
44 15 186 178 168
19 16 61 59 56
20 16 59 57 54
21 16 54 52 49
22 16 33 32 30
23 16 9 8 8
24 16 12 12 11
25 16 29 28 26
26 16 118 114 108
27 16 166 163 157
28 16 185 183 178
29 16 189 185 182
30 16 192 181 177
31 16 193 182 178
32 16 192 190 187
33 16 192 193 190
34 16 192 193 190
35 16 193 194 191
36 16 193 194 191
37 16 193 194 191
38 16 193 194 191
39 16 192 194 190
40 16 193 194 190
41 16 193 192 188
42 16 190 186 180
43 16 188 181 172
19 17 63 62 60
20 17 61 60 58
21 17 57 56 53
22 17 43 42 40
23 17 17 16 15
24 17 2 2 2
25 17 7 7 7
26 17 34 33 31
27 17 73 71 66
28 17 138 135 129
29 17 173 171 166
30 17 186 185 181
31 17 189 188 185
32 17 191 191 188
33 17 192 192 189
34 17 192 193 190
35 17 193 194 190
36 17 193 194 191
37 17 193 194 191
38 17 193 193 190
39 17 193 193 190
40 17 193 193 189
41 17 191 189 183
42 17 189 182 175
43 17 187 178 168
19 18 63 64 62
20 18 62 62 59
21 18 60 59 56
22 18 55 55 53
23 18 42 42 40
24 18 25 25 24
25 18 18 18 17
26 18 36 36 35
27 18 52 51 49
28 18 55 54 51
29 18 98 94 89
30 18 151 148 142
31 18 180 179 174
32 18 188 188 184
33 18 191 191 188
34 18 193 193 190
35 18 193 193 190
36 18 193 194 190
37 18 193 194 190
38 18 192 193 189
39 18 192 192 188
40 18 192 191 187
41 18 190 185 178
42 18 189 180 171
18 19 64 65 63
19 19 64 64 62
20 19 62 62 59
21 19 60 60 58
22 19 59 59 56
23 19 58 57 55
24 19 53 53 51
25 19 48 48 46
26 19 52 52 50
27 19 56 55 53
28 19 57 56 53
29 19 58 57 53
30 19 57 55 52
31 19 110 107 101
32 19 164 162 156
33 19 184 183 179
34 19 190 189 185
35 19 192 192 188
36 19 192 192 189
37 19 192 192 189
38 19 192 193 189
39 19 191 191 187
40 19 190 187 182
41 19 188 181 173
42 19 187 177 168
18 20 63 65 63
19 20 63 64 62
20 20 61 61 59
21 20 52 52 50
22 20 55 55 53
23 20 59 59 56
24 20 60 60 58
25 20 58 58 56
26 20 58 58 56
27 20 59 58 56
28 20 59 58 56
29 20 58 58 55
30 20 58 58 55
31 20 58 57 54
32 20 64 62 58
33 20 135 132 126
34 20 171 169 164
35 20 187 186 182
36 20 190 190 186
37 20 191 191 187
38 20 192 192 188
39 20 191 190 185
40 20 188 183 176
41 20 186 177 167
18 21 62 63 62
19 21 62 63 61
20 21 42 42 40
21 21 19 19 18
22 21 25 26 25
23 21 47 47 46
24 21 59 59 57
25 21 60 60 58
26 21 60 60 58
27 21 60 59 57
28 21 60 59 57
29 21 59 59 56
30 21 59 58 56
31 21 57 56 53
32 21 46 46 43
33 21 39 38 36
34 21 67 65 62
35 21 141 138 133
36 21 177 175 170
37 21 187 186 180
38 21 190 188 182
39 21 188 184 177
40 21 186 176 167
41 21 185 175 164
18 22 57 58 57
19 22 67 68 66
20 22 50 51 49
21 22 22 23 22
22 22 5 5 5
23 22 24 24 24
24 22 53 53 52
25 22 60 60 59
26 22 61 61 59
27 22 61 61 59
28 22 60 60 58
29 22 60 60 58
30 22 59 59 57
31 22 56 56 54
32 22 40 39 37
33 22 13 13 12
34 22 8 8 8
35 22 23 23 22
36 22 99 95 91
37 22 157 153 146
38 22 180 173 166
39 22 182 172 162
40 22 181 167 156
19 23 55 55 53
20 23 58 59 58
21 23 47 48 47
22 23 34 35 34
23 23 32 34 33
24 23 51 52 51
25 23 60 61 59
26 23 62 62 60
27 23 61 61 59
28 23 61 61 59
29 23 61 61 59
30 23 61 61 58
31 23 60 59 57
32 23 50 50 48
33 23 26 25 24
34 23 7 7 6
35 23 4 4 4
36 23 24 24 23
37 23 53 51 49
38 23 130 121 113
39 23 159 144 133
40 23 171 155 142
21 24 58 59 57
22 24 56 57 55
23 24 57 58 57
24 24 60 61 60
25 24 62 63 61
26 24 62 62 60
27 24 62 62 60
28 24 62 62 60
29 24 61 61 59
30 24 61 61 59
31 24 62 61 59
32 24 60 60 58
33 24 52 51 50
34 24 38 38 36
35 24 29 29 28
36 24 32 31 30
37 24 94 91 87
38 24 128 119 112
39 24 58 52 47
23 25 61 62 60
24 25 63 64 62
25 25 63 64 62
26 25 64 64 62
27 25 63 63 61
28 25 61 62 60
29 25 57 57 55
30 25 56 56 54
31 25 59 59 57
32 25 62 62 60
33 25 62 62 60
34 25 60 60 58
35 25 57 57 55
36 25 86 83 80
37 25 133 127 122
38 25 71 65 61
24 26 61 62 60
25 26 62 63 61
26 26 63 64 62
27 26 63 64 62
28 26 58 59 57
29 26 37 37 36
30 26 25 25 24
31 26 35 35 34
32 26 53 53 51
33 26 62 61 59
34 26 63 63 61
35 26 77 75 72
36 26 138 132 126
37 26 95 89 83
26 27 62 62 61
27 27 64 64 62
28 27 61 62 60
29 27 45 45 43
30 27 15 15 14
31 27 5 5 5
32 27 27 27 26
33 27 54 54 53
34 27 70 69 67
35 27 125 120 115
36 27 101 95 90
37 27 62 57 52
28 28 62 62 60
29 28 56 56 54
30 28 44 44 43
31 28 28 29 28
32 28 27 28 27
33 28 52 52 51
34 28 116 113 109
35 28 102 97 91
36 28 62 58 53
30 29 59 59 58
31 29 56 57 55
32 29 58 58 56
33 29 100 98 94
34 29 114 110 105
35 29 61 59 55
31 30 60 60 58
32 30 71 68 65
33 30 126 120 113
34 30 60 57 52
33 31 112 105 96
