29 0 185 188 187
30 0 187 190 188
31 0 192 194 192
28 1 188 191 189
29 1 192 194 192
30 1 194 196 194
31 1 194 196 194
32 1 194 195 193
27 2 189 192 189
28 2 192 194 192
29 2 198 194 191
30 2 203 191 188
31 2 200 193 191
32 2 197 196 194
33 2 194 195 193
34 2 194 195 193
26 3 189 192 190
27 3 192 194 192
28 3 196 195 193
29 3 201 190 188
30 3 208 170 167
31 3 209 172 170
32 3 204 186 184
33 3 199 192 190
34 3 196 195 193
35 3 196 196 195
36 3 194 195 193
25 4 188 190 188
26 4 193 194 192
27 4 196 194 192
28 4 201 187 185
29 4 204 182 180
30 4 205 181 180
31 4 209 159 159
32 4 211 153 153
33 4 208 171 170
34 4 205 182 180
35 4 202 192 190
36 4 198 195 194
37 4 197 197 195
38 4 194 196 194
25 5 192 193 191
26 5 196 195 193
27 5 200 187 186
28 5 205 168 167
29 5 207 159 159
30 5 207 163 163
31 5 208 159 161
32 5 209 152 154
33 5 210 136 136
34 5 210 143 142
35 5 208 165 163
36 5 205 188 185
37 5 198 196 194
38 5 196 198 195
39 5 195 197 195
40 5 194 197 194
24 6 192 193 191
25 6 195 195 193
26 6 198 191 189
27 6 203 173 171
28 6 206 157 157
29 6 205 172 173
30 6 205 167 169
31 6 206 157 158
32 6 206 165 166
33 6 205 174 173
34 6 203 182 180
35 6 203 187 186
36 6 201 192 190
37 6 197 197 194
38 6 196 198 195
39 6 197 199 196
40 6 197 199 197
41 6 197 199 196
23 7 191 192 190
24 7 194 193 191
25 7 197 189 187
26 7 200 175 174
27 7 203 151 151
28 7 205 147 147
29 7 205 165 166
30 7 204 172 173
31 7 201 182 182
32 7 198 189 187
33 7 196 192 190
34 7 194 194 192
35 7 195 196 194
36 7 195 197 194
37 7 196 197 195
38 7 195 198 195
39 7 196 198 195
40 7 196 198 196
41 7 198 200 197
42 7 198 199 197
43 7 196 198 195
22 8 190 191 189
23 8 192 192 190
24 8 196 188 186
25 8 198 170 168
26 8 200 161 161
27 8 201 162 162
28 8 202 145 145
29 8 201 172 172
30 8 198 187 186
31 8 193 189 188
32 8 190 191 189
33 8 188 190 188
34 8 190 193 190
35 8 193 195 192
36 8 194 197 194
37 8 195 197 194
38 8 196 197 195
39 8 197 198 196
40 8 197 199 196
41 8 198 199 196
42 8 198 199 196
43 8 198 199 196
44 8 197 196 192
45 8 188 183 176
21 9 188 188 186
22 9 191 191 188
23 9 194 187 185
24 9 196 175 172
25 9 199 145 143
26 9 199 157 157
27 9 198 176 176
28 9 198 174 173
29 9 196 184 183
30 9 192 190 188
31 9 180 182 180
32 9 165 168 165
33 9 150 153 150
34 9 161 164 161
35 9 184 186 184
36 9 194 196 193
37 9 195 197 195
38 9 196 198 195
39 9 196 198 195
40 9 197 198 195
41 9 198 199 196
42 9 197 199 195
43 9 198 199 195
44 9 196 194 189
45 9 186 180 172
46 9 166 156 144
20 10 188 187 184
21 10 190 189 187
22 10 193 187 185
23 10 193 171 169
24 10 194 134 131
25 10 197 107 106
26 10 198 124 123
27 10 198 157 157
28 10 197 175 174
29 10 192 187 186
30 10 185 186 184
31 10 154 156 154
32 10 88 91 89
33 10 48 50 49
34 10 68 71 69
35 10 149 153 150
36 10 188 191 188
37 10 195 197 194
38 10 196 198 195
39 10 196 198 195
40 10 197 198 195
41 10 197 199 195
42 10 197 198 195
43 10 197 197 193
44 10 193 190 184
45 10 175 169 160
46 10 181 179 175
19 11 184 182 177
20 11 187 187 183
21 11 190 185 182
22 11 191 170 166
23 11 193 144 142
24 11 193 105 103
25 11 194 97 96
26 11 196 103 102
27 11 197 150 151
28 11 195 181 180
29 11 191 190 188
30 11 185 186 184
31 11 147 149 146
32 11 43 45 43
33 11 2 2 2
34 11 19 21 20
35 11 116 120 117
36 11 182 185 183
37 11 194 196 194
38 11 196 198 195
39 11 196 197 194
40 11 196 198 195
41 11 196 198 194
42 11 196 197 194
43 11 195 194 188
44 11 185 181 175
45 11 147 142 135
19 12 180 177 171
20 12 187 185 180
21 12 188 181 177
22 12 190 161 157
23 12 193 139 137
24 12 193 127 127
25 12 193 104 104
26 12 193 96 95
27 12 196 137 136
28 12 194 181 180
29 12 191 191 189
30 12 188 189 187
31 12 166 168 165
32 12 102 104 102
33 12 64 66 65
34 12 76 79 77
35 12 151 154 152
36 12 189 191 189
37 12 195 197 194
38 12 195 197 194
39 12 197 198 195
40 12 196 197 194
41 12 197 198 194
42 12 195 195 190
43 12 188 185 178
44 12 153 150 144
45 12 49 47 44
18 13 115 101 92
19 13 156 149 141
20 13 176 172 166
21 13 183 180 175
22 13 187 177 173
23 13 190 161 158
24 13 193 132 129
25 13 192 122 121
26 13 192 127 127
27 13 195 134 132
28 13 194 178 177
29 13 191 191 188
30 13 190 191 189
31 13 187 188 185
32 13 171 173 170
33 13 163 165 163
34 13 168 170 168
35 13 184 186 184
36 13 193 195 192
37 13 194 196 193
38 13 195 197 193
39 13 196 198 194
40 13 196 197 193
41 13 195 195 191
42 13 192 189 184
43 13 171 168 163
44 13 120 119 115
18 14 52 48 44
19 14 54 50 46
20 14 121 115 108
21 14 162 159 152
22 14 180 178 173
23 14 185 180 176
24 14 189 171 167
25 14 193 156 153
26 14 192 139 138
27 14 193 130 128
28 14 193 171 169
29 14 191 189 187
30 14 190 191 188
31 14 191 193 190
32 14 191 193 190
33 14 191 193 190
34 14 191 193 190
35 14 193 195 192
36 14 194 195 192
37 14 194 196 192
38 14 195 196 193
39 14 195 196 193
40 14 195 196 192
41 14 193 192 187
42 14 183 180 175
43 14 143 142 137
44 14 147 146 142
18 15 54 51 48
19 15 53 50 47
20 15 46 44 41
21 15 64 60 56
22 15 136 132 126
23 15 174 171 166
24 15 184 181 178
25 15 187 181 178
26 15 191 171 168
27 15 193 152 149
28 15 193 167 164
29 15 191 188 185
30 15 190 191 188
31 15 191 192 189
32 15 191 193 190
33 15 192 194 191
34 15 192 194 191
35 15 194 195 192
36 15 194 196 192
37 15 194 195 191
38 15 195 196 192
39 15 195 195 191
40 15 195 194 189
41 15 188 185 179
42 15 161 159 155
43 15 113 112 108
18 16 57 54 51
19 16 56 54 51
20 16 45 43 41
21 16 18 18 16
22 16 18 18 16
23 16 90 87 81
24 16 158 155 149
25 16 180 179 174
26 16 186 184 180
27 16 190 180 177
28 16 192 178 174
29 16 191 187 184
30 16 191 191 188
31 16 191 192 189
32 16 192 193 190
33 16 193 194 191
34 16 193 194 191
35 16 194 195 192
36 16 194 195 191
37 16 194 195 192
38 16 195 195 191
39 16 194 193 189
40 16 192 189 183
41 16 175 172 167
42 16 139 138 134
43 16 118 117 113
18 17 60 58 56
19 17 59 58 55
20 17 54 53 50
21 17 33 33 31
22 17 10 10 9
23 17 15 15 14
24 17 52 50 47
25 17 133 130 123
26 17 169 167 162
27 17 185 183 179
28 17 188 187 183
29 17 189 189 186
30 17 191 191 188
31 17 191 192 188
32 17 191 192 189
33 17 193 193 190
34 17 193 194 191
35 17 194 195 191
36 17 194 195 191
37 17 194 195 191
38 17 194 193 189
39 17 193 190 184
40 17 187 183 178
41 17 154 153 150
42 17 113 113 110
43 17 56 55 53
19 18 61 60 58
20 18 60 60 57
21 18 53 53 51
22 18 38 38 36
23 18 24 24 23
24 18 38 38 37
25 18 53 52 50
26 18 86 83 78
27 18 146 143 137
28 18 178 177 172
29 18 188 187 184
30 18 190 190 186
31 18 191 192 188
32 18 192 192 188
33 18 193 193 190
34 18 194 194 191
35 18 193 194 190
36 18 194 194 190
37 18 193 193 189
38 18 192 190 185
39 18 190 185 179
40 18 169 167 163
41 18 142 142 139
42 18 107 106 104
19 19 61 61 59
20 19 61 61 58
21 19 59 59 56
22 19 56 56 54
23 19 52 51 49
24 19 51 51 49
25 19 55 55 52
26 19 57 57 54
27 19 57 56 52
28 19 106 103 97
29 19 166 163 158
30 19 185 183 179
31 19 190 189 186
32 19 191 191 188
33 19 192 193 189
34 19 193 193 189
35 19 193 193 190
36 19 192 192 188
37 19 192 190 186
38 19 190 186 179
39 19 179 176 171
40 19 152 152 149
41 19 109 109 106
42 19 59 59 57
19 20 60 61 59
20 20 58 58 56
21 20 49 49 47
22 20 54 54 52
23 20 58 58 55
24 20 59 59 57
25 20 58 58 55
26 20 58 58 55
27 20 58 58 55
28 20 58 57 54
29 20 67 65 62
30 20 140 137 131
31 20 174 172 167
32 20 187 186 182
33 20 191 191 187
34 20 192 192 188
35 20 192 192 188
36 20 192 191 186
37 20 189 185 179
38 20 186 181 175
39 20 162 161 158
40 20 136 135 133
41 20 59 59 58
19 21 59 60 59
20 21 54 55 53
21 21 30 30 29
22 21 27 28 27
23 21 48 48 47
24 21 59 59 57
25 21 60 60 58
26 21 60 59 57
27 21 59 59 56
28 21 59 58 56
29 21 54 53 51
30 21 42 41 39
31 21 81 79 75
32 21 153 150 145
33 21 181 179 174
34 21 188 187 182
35 21 190 188 183
36 21 190 185 179
37 21 186 179 172
38 21 170 168 164
39 21 147 147 144
40 21 94 94 92
19 22 53 54 52
20 22 55 55 54
21 22 41 42 40
22 22 21 21 21
23 22 27 28 27
24 22 53 54 52
25 22 60 60 58
26 22 61 61 59
27 22 61 60 58
28 22 60 60 57
29 22 55 55 53
30 22 37 36 34
31 22 14 14 13
32 22 22 21 20
33 22 105 101 96
34 22 168 163 157
35 22 185 178 170
36 22 182 173 164
37 22 175 170 165
38 22 154 153 150
39 22 113 113 110
40 22 60 60 58
21 23 51 51 50
22 23 43 44 43
23 23 39 40 39
24 23 50 52 51
25 23 60 60 59
26 23 62 62 60
27 23 61 60 58
28 23 61 61 59
29 23 60 60 58
30 23 52 52 50
31 23 29 28 27
32 23 8 8 8
33 23 19 18 18
34 23 63 60 57
35 23 154 144 135
36 23 172 164 156
37 23 155 154 150
38 23 137 137 134
39 23 58 58 57
22 24 52 53 51
23 24 54 55 53
24 24 58 59 58
25 24 62 62 61
26 24 62 62 60
27 24 62 62 60
28 24 61 61 59
29 24 61 60 58
30 24 60 60 58
31 24 54 54 52
32 24 39 39 38
33 24 28 28 27
34 24 55 54 52
35 24 154 147 140
36 24 156 152 147
37 24 141 140 137
38 24 104 104 102
24 25 60 61 59
25 25 62 62 61
26 25 63 64 62
27 25 63 63 61
28 25 60 60 58
29 25 54 54 53
30 25 57 57 55
31 25 61 60 58
32 25 60 60 58
33 25 57 56 54
34 25 97 94 90
35 25 153 147 141
36 25 141 139 135
37 25 103 103 100
38 25 54 54 52
25 26 58 59 57
26 26 61 61 59
27 26 62 62 60
28 26 57 58 56
29 26 38 38 37
30 26 31 31 30
31 26 47 47 45
32 26 60 60 58
33 26 62 62 59
34 26 140 135 130
35 26 145 141 136
36 26 132 130 127
37 26 51 50 49
27 27 60 60 58
28 27 59 60 58
29 27 46 47 45
30 27 23 23 23
31 27 18 18 18
32 27 45 45 43
33 27 68 67 65
34 27 152 147 142
35 27 128 125 121
36 27 94 93 90
29 28 52 53 51
30 28 45 45 44
31 28 33 33 32
32 28 36 36 35
33 28 90 88 85
34 28 146 141 136
35 28 101 98 95
36 28 52 50 49
30 29 55 55 54
31 29 52 53 51
32 29 55 55 53
33 29 120 117 113
34 29 131 127 123
35 29 48 46 44
32 30 78 76 72
33 30 138 133 127
34 30 96 93 90
34 31 54 52 50
