28 0 172 175 173
29 0 183 186 184
30 0 191 194 192
27 1 181 184 182
28 1 187 189 188
29 1 190 192 190
30 1 193 195 193
31 1 194 196 194
26 2 182 185 182
27 2 189 190 188
28 2 194 189 187
29 2 199 189 187
30 2 197 194 192
31 2 195 196 194
32 2 195 197 195
33 2 195 197 195
25 3 182 185 183
26 3 188 189 187
27 3 192 190 188
28 3 202 181 178
29 3 208 166 163
30 3 205 181 180
31 3 201 191 190
32 3 197 195 193
33 3 197 197 196
34 3 198 199 197
24 4 183 185 183
25 4 188 188 186
26 4 193 187 185
27 4 197 183 181
28 4 201 183 182
29 4 208 158 157
30 4 211 147 146
31 4 208 167 166
32 4 206 179 178
33 4 202 192 190
34 4 200 198 196
35 4 200 201 199
36 4 200 202 200
23 5 183 185 183
24 5 188 188 186
25 5 192 186 184
26 5 200 175 173
27 5 204 156 155
28 5 205 161 161
29 5 206 163 164
30 5 209 148 149
31 5 211 136 134
32 5 210 148 147
33 5 208 173 171
34 5 204 195 193
35 5 200 201 199
36 5 201 203 200
37 5 201 203 201
38 5 202 204 201
22 6 183 184 183
23 6 187 187 185
24 6 192 187 185
25 6 199 174 172
26 6 202 159 159
27 6 202 168 170
28 6 204 158 160
29 6 205 155 156
30 6 205 171 171
31 6 203 181 180
32 6 202 188 186
33 6 202 194 192
34 6 199 198 195
35 6 199 201 198
36 6 200 202 200
37 6 201 204 201
38 6 202 204 201
39 6 204 206 204
21 7 183 184 182
22 7 186 185 183
23 7 190 184 182
24 7 196 173 171
25 7 200 151 150
26 7 202 155 156
27 7 202 166 168
28 7 200 176 176
29 7 197 185 184
30 7 196 190 188
31 7 194 194 192
32 7 195 196 193
33 7 196 198 195
34 7 197 199 196
35 7 199 201 198
36 7 200 202 200
37 7 202 204 201
38 7 203 204 202
39 7 204 205 203
40 7 204 205 203
41 7 205 205 201
20 8 182 183 181
21 8 186 184 182
22 8 190 181 178
23 8 194 168 166
24 8 197 158 158
25 8 199 135 134
26 8 199 161 161
27 8 196 181 181
28 8 191 185 184
29 8 188 188 186
30 8 188 190 187
31 8 191 193 190
32 8 193 196 193
33 8 196 198 195
34 8 197 199 197
35 8 199 200 198
36 8 201 202 199
37 8 202 203 201
38 8 203 204 201
39 8 204 205 203
40 8 205 205 202
41 8 203 201 195
42 8 192 185 176
19 9 179 180 177
20 9 184 182 180
21 9 187 180 177
22 9 192 163 161
23 9 195 151 151
24 9 194 170 170
25 9 195 170 169
26 9 193 179 177
27 9 187 185 183
28 9 173 174 172
29 9 156 159 156
30 9 150 153 150
31 9 175 178 175
32 9 192 195 192
33 9 196 198 195
34 9 197 199 196
35 9 199 200 197
36 9 201 202 199
37 9 202 203 200
38 9 203 204 201
39 9 203 204 201
40 9 203 202 198
41 9 200 196 188
42 9 196 192 184
43 9 202 200 196
18 10 179 178 175
19 10 182 180 177
20 10 185 176 173
21 10 190 153 150
22 10 193 120 118
23 10 194 128 127
24 10 194 159 159
25 10 192 176 174
26 10 186 184 182
27 10 167 169 166
28 10 116 118 116
29 10 58 60 58
30 10 56 59 57
31 10 138 142 140
32 10 187 190 187
33 10 196 198 195
34 10 198 199 196
35 10 199 200 198
36 10 200 201 198
37 10 200 202 199
38 10 202 203 200
39 10 202 201 197
40 10 200 197 191
41 10 201 198 192
42 10 194 193 189
43 10 203 203 200
17 11 176 174 170
18 11 180 177 173
19 11 184 171 168
20 11 187 151 149
21 11 189 106 103
22 11 190 88 86
23 11 194 116 116
24 11 192 166 165
25 11 188 181 180
26 11 183 184 181
27 11 149 151 149
28 11 49 51 50
29 11 4 4 4
30 11 30 31 31
31 11 138 142 140
32 11 187 190 188
33 11 196 198 195
34 11 198 199 196
35 11 198 200 196
36 11 199 201 197
37 11 200 201 198
38 11 201 201 197
39 11 198 195 189
40 11 195 193 187
41 11 183 183 180
42 11 188 189 186
43 11 196 197 194
16 12 168 163 157
17 12 175 173 168
18 12 179 174 169
19 12 184 156 151
20 12 188 133 131
21 12 189 109 109
22 12 189 92 91
23 12 192 118 117
24 12 191 172 171
25 12 186 186 183
26 12 182 183 181
27 12 151 153 150
28 12 79 82 80
29 12 64 66 65
30 12 116 119 117
31 12 175 178 175
32 12 193 195 192
33 12 195 197 194
34 12 198 199 196
35 12 198 200 197
36 12 199 200 197
37 12 200 200 196
38 12 197 195 189
39 12 192 189 184
40 12 144 144 140
41 12 119 120 118
42 12 179 179 177
43 12 188 189 187
44 12 197 198 195
16 13 163 159 152
17 13 171 168 162
18 13 176 172 167
19 13 182 162 158
20 13 187 136 132
21 13 188 117 115
22 13 189 118 118
23 13 190 132 130
24 13 189 177 175
25 13 185 186 183
26 13 185 187 184
27 13 176 178 175
28 13 160 163 160
29 13 164 167 165
30 13 178 180 177
31 13 192 193 190
32 13 194 196 193
33 13 195 197 194
34 13 196 198 194
35 13 197 198 195
36 13 198 198 194
37 13 196 194 188
38 13 194 191 187
39 13 150 149 146
40 13 41 41 41
41 13 99 100 98
42 13 177 178 175
43 13 185 185 183
44 13 194 195 192
17 14 148 144 137
18 14 164 162 156
19 14 176 172 168
20 14 184 164 160
21 14 189 144 141
22 14 189 130 128
23 14 189 141 139
24 14 187 179 176
25 14 186 187 184
26 14 186 188 185
27 14 188 189 186
28 14 188 190 187
29 14 189 191 188
30 14 191 192 189
31 14 194 195 192
32 14 195 196 193
33 14 196 197 194
34 14 196 197 194
35 14 197 197 193
36 14 195 193 187
37 14 196 194 188
38 14 183 183 180
39 14 88 89 88
40 14 59 60 58
41 14 153 153 151
42 14 183 183 181
43 14 182 183 180
44 14 183 184 181
17 15 49 46 43
18 15 114 111 105
19 15 158 156 151
20 15 178 176 172
21 15 183 171 168
22 15 187 153 150
23 15 189 153 150
24 15 186 180 177
25 15 186 186 183
26 15 187 188 185
27 15 189 190 187
28 15 189 191 188
29 15 191 193 189
30 15 192 193 190
31 15 193 195 191
32 15 194 195 192
33 15 196 196 193
34 15 195 195 191
35 15 195 193 187
36 15 196 192 187
37 15 190 189 186
38 15 176 177 175
39 15 128 128 127
40 15 143 144 141
41 15 177 177 175
42 15 184 184 182
43 15 180 180 178
44 15 177 177 175
45 15 185 186 183
18 16 50 47 44
19 16 98 96 91
20 16 153 151 146
21 16 179 177 173
22 16 184 176 173
23 16 187 173 169
24 16 186 183 180
25 16 186 187 184
26 16 187 188 185
27 16 189 190 187
28 16 190 192 188
29 16 191 192 189
30 16 192 194 190
31 16 193 194 191
32 16 194 195 191
33 16 196 195 191
34 16 194 191 185
35 16 195 191 185
36 16 190 189 186
37 16 188 188 185
38 16 182 182 179
39 16 173 174 171
40 16 178 179 176
41 16 181 181 179
42 16 179 179 176
43 16 178 179 176
44 16 172 172 169
45 16 178 179 176
19 17 51 48 45
20 17 75 73 69
21 17 147 146 141
22 17 178 177 173
23 17 183 182 179
24 17 185 185 182
25 17 187 187 184
26 17 188 189 185
27 17 189 190 187
28 17 190 191 188
29 17 191 192 189
30 17 193 193 190
31 17 193 193 190
32 17 193 193 189
33 17 193 189 183
34 17 194 189 183
35 17 191 189 186
36 17 186 186 183
37 17 185 185 182
38 17 183 183 180
39 17 181 181 178
40 17 179 179 176
41 17 178 179 176
42 17 175 176 173
43 17 175 175 172
44 17 171 171 168
45 17 165 166 163
46 17 169 169 167
20 18 53 51 49
21 18 60 58 55
22 18 141 139 134
23 18 177 177 172
24 18 184 185 181
25 18 187 187 184
26 18 188 189 185
27 18 189 190 186
28 18 190 191 187
29 18 192 192 188
30 18 192 192 188
31 18 193 192 188
32 18 192 188 181
33 18 193 188 181
34 18 190 188 184
35 18 186 186 182
36 18 185 184 182
37 18 182 182 179
38 18 180 180 177
39 18 178 178 175
40 18 177 177 174
41 18 175 175 172
42 18 173 173 170
43 18 171 171 168
44 18 168 168 165
45 18 156 158 155
46 18 164 165 163
21 19 55 54 51
22 19 51 50 48
23 19 133 131 126
24 19 176 175 171
25 19 185 185 181
26 19 188 188 185
27 19 189 190 186
28 19 190 190 186
29 19 191 191 187
30 19 191 190 186
31 19 191 186 180
32 19 191 185 179
33 19 189 187 183
34 19 185 184 180
35 19 184 184 180
36 19 181 180 177
37 19 179 179 176
38 19 177 178 174
39 19 176 176 173
40 19 174 174 171
41 19 172 172 169
42 19 170 170 167
43 19 168 168 165
44 19 164 165 163
45 19 138 141 139
46 19 103 104 103
22 20 55 54 51
23 20 54 52 50
24 20 119 117 112
25 20 172 171 166
26 20 186 185 181
27 20 188 189 185
28 20 189 190 185
29 20 190 189 184
30 20 189 185 178
31 20 189 183 176
32 20 187 184 180
33 20 182 182 178
34 20 182 181 178
35 20 180 180 176
36 20 179 178 175
37 20 176 177 173
38 20 175 175 172
39 20 173 173 170
40 20 171 171 168
41 20 168 168 165
42 20 167 167 164
43 20 164 165 163
44 20 145 146 144
45 20 61 62 61
23 21 55 54 51
24 21 53 52 50
25 21 97 95 91
26 21 167 165 160
27 21 186 184 179
28 21 188 186 180
29 21 187 181 175
30 21 188 180 173
31 21 187 183 179
32 21 182 181 177
33 21 181 180 177
34 21 179 178 175
35 21 177 177 174
36 21 176 175 172
37 21 174 174 171
38 21 172 172 169
39 21 170 169 166
40 21 168 168 165
41 21 166 166 163
42 21 164 165 162
43 21 147 148 146
44 21 60 61 59
23 22 52 50 48
24 22 55 54 52
25 22 55 54 51
26 22 90 86 81
27 22 162 156 148
28 22 182 173 165
29 22 184 174 165
30 22 185 181 175
31 22 181 179 175
32 22 180 179 175
33 22 178 177 173
34 22 175 175 171
35 22 175 174 171
36 22 173 173 170
37 22 171 171 168
38 22 169 169 166
39 22 168 167 164
40 22 166 166 162
41 22 164 164 162
42 22 146 147 145
43 22 60 61 60
25 23 55 54 52
26 23 55 55 53
27 23 76 72 67
28 23 147 133 122
29 23 178 170 162
30 23 178 175 171
31 23 178 176 172
32 23 177 175 171
33 23 174 174 169
34 23 173 173 169
35 23 172 172 168
36 23 168 168 165
37 23 166 166 163
38 23 165 165 162
39 23 165 164 161
40 23 162 162 159
41 23 151 152 149
42 23 61 62 60
26 24 55 54 52
27 24 55 54 52
28 24 85 81 76
29 24 160 154 147
30 24 175 172 167
31 24 176 174 170
32 24 175 174 170
33 24 172 171 167
34 24 169 169 165
35 24 164 164 161
36 24 147 147 144
37 24 144 144 141
38 24 160 160 156
39 24 162 162 158
40 24 154 154 151
41 24 61 61 59
27 25 56 55 53
28 25 54 53 51
29 25 107 103 99
30 25 167 163 158
31 25 172 170 166
32 25 172 171 167
33 25 170 169 165
34 25 163 163 159
35 25 126 127 123
36 25 72 73 71
37 25 120 120 116
38 25 158 158 154
39 25 155 155 152
40 25 58 58 57
28 26 55 54 51
29 26 55 54 52
30 26 125 121 117
31 26 164 160 155
32 26 168 166 161
33 26 165 163 159
34 26 142 141 137
35 26 57 57 55
36 26 60 59 57
37 26 138 138 134
38 26 151 151 147
39 26 58 58 56
29 27 55 54 51
30 27 57 56 54
31 27 141 137 132
32 27 162 159 154
33 27 159 158 154
34 27 119 118 115
35 27 67 65 62
36 27 119 118 113
37 27 142 142 138
38 27 117 117 114
30 28 54 52 50
31 28 80 77 74
32 28 145 141 135
33 28 154 151 145
34 28 133 131 126
35 28 134 131 126
36 28 142 140 135
37 28 122 121 117
31 29 54 52 49
32 29 119 116 112
33 29 145 140 134
34 29 148 145 139
35 29 146 143 137
36 29 121 119 114
33 30 140 135 130
34 30 139 133 126
35 30 126 122 117
34 31 125 117 110
35 31 38 34 31
