30 1 156 146 136
31 1 160 151 144
32 1 170 163 158
33 1 178 173 168
28 2 163 155 145
29 2 167 160 152
30 2 169 163 156
31 2 173 168 162
32 2 177 172 167
33 2 178 174 169
34 2 181 177 173
27 3 169 163 155
28 3 172 166 159
29 3 174 170 163
30 3 177 173 167
31 3 178 175 168
32 3 178 174 168
33 3 179 176 170
34 3 182 179 175
35 3 185 183 179
36 3 188 186 184
25 4 172 167 158
26 4 174 169 162
27 4 177 173 167
28 4 180 177 171
29 4 181 179 173
30 4 181 179 173
31 4 180 178 172
32 4 180 178 172
33 4 180 178 173
34 4 181 180 175
35 4 185 184 180
36 4 188 187 185
37 4 191 190 188
38 4 190 190 188
23 5 170 164 156
24 5 176 171 164
25 5 178 174 168
26 5 181 179 173
27 5 183 181 176
28 5 184 182 178
29 5 184 183 178
30 5 184 183 178
31 5 184 183 178
32 5 183 182 177
33 5 183 182 178
34 5 184 183 179
35 5 185 184 180
36 5 187 187 183
37 5 189 189 186
38 5 191 191 189
39 5 191 192 190
40 5 191 192 191
22 6 175 169 162
23 6 177 173 167
24 6 182 179 174
25 6 184 183 178
26 6 185 184 179
27 6 185 184 180
28 6 186 185 181
29 6 186 186 182
30 6 187 186 182
31 6 186 186 183
32 6 186 186 183
33 6 187 187 183
34 6 186 186 183
35 6 187 187 183
36 6 187 187 184
37 6 189 189 185
38 6 190 190 187
39 6 193 193 191
40 6 194 195 193
41 6 193 194 193
42 6 193 195 194
20 7 173 165 157
21 7 178 173 167
22 7 179 175 170
23 7 176 174 170
24 7 173 172 168
25 7 171 170 166
26 7 177 176 172
27 7 185 185 181
28 7 188 187 184
29 7 188 188 185
30 7 186 186 183
31 7 180 180 178
32 7 174 174 171
33 7 177 178 175
34 7 186 186 184
35 7 190 190 187
36 7 190 190 187
37 7 190 190 188
38 7 188 188 185
39 7 184 184 181
40 7 185 186 183
41 7 193 194 192
42 7 195 197 195
43 7 194 196 195
19 8 173 159 147
20 8 180 172 164
21 8 183 179 174
22 8 177 176 173
23 8 147 146 143
24 8 109 108 105
25 8 96 95 92
26 8 123 123 119
27 8 171 170 167
28 8 187 187 184
29 8 187 188 185
30 8 174 175 172
31 8 135 135 132
32 8 100 100 98
33 8 114 114 111
34 8 159 159 157
35 8 186 186 184
36 8 192 192 190
37 8 187 188 186
38 8 164 165 163
39 8 128 129 126
40 8 129 130 126
41 8 162 163 161
42 8 188 190 188
43 8 196 198 196
44 8 196 198 197
45 8 193 196 195
18 9 157 148 134
19 9 170 159 148
20 9 187 178 170
21 9 187 183 178
22 9 174 174 171
23 9 115 115 113
24 9 38 38 37
25 9 16 16 16
26 9 61 62 60
27 9 156 157 154
28 9 187 187 184
29 9 188 189 186
30 9 168 169 166
31 9 96 97 95
32 9 28 29 28
33 9 21 22 21
34 9 109 110 108
35 9 177 178 176
36 9 193 194 191
37 9 185 187 185
38 9 136 138 136
39 9 46 47 47
40 9 18 18 17
41 9 76 78 76
42 9 164 165 163
43 9 195 196 195
44 9 199 201 199
45 9 193 195 194
46 9 184 185 183
18 10 59 54 48
19 10 101 97 90
20 10 160 156 151
21 10 186 182 177
22 10 185 181 177
23 10 158 157 153
24 10 130 130 128
25 10 118 118 115
26 10 141 142 139
27 10 177 178 175
28 10 191 191 189
29 10 191 192 189
30 10 184 185 182
31 10 161 162 160
32 10 132 134 132
33 10 121 122 120
34 10 162 163 161
35 10 189 190 188
36 10 195 196 194
37 10 192 193 192
38 10 173 175 174
39 10 137 139 138
40 10 109 111 110
41 10 132 134 133
42 10 176 178 177
43 10 196 197 196
44 10 197 198 196
45 10 186 187 186
46 10 189 189 188
18 11 58 54 49
19 11 60 58 53
20 11 58 58 55
21 11 131 130 126
22 11 177 174 170
23 11 188 184 179
24 11 183 181 178
25 11 182 182 179
26 11 187 187 184
27 11 192 192 189
28 11 194 193 191
29 11 194 194 192
30 11 193 193 191
31 11 191 192 189
32 11 187 188 185
33 11 186 186 184
34 11 193 193 191
35 11 196 196 194
36 11 197 197 195
37 11 197 198 196
38 11 195 196 194
39 11 189 190 188
40 11 185 187 185
41 11 189 191 189
42 11 195 196 194
43 11 193 194 192
44 11 183 184 183
45 11 166 168 166
18 12 56 53 48
19 12 57 55 51
20 12 42 42 41
21 12 27 27 26
22 12 89 89 87
23 12 163 162 158
24 12 189 186 181
25 12 194 191 187
26 12 195 194 191
27 12 196 195 192
28 12 195 195 192
29 12 197 196 193
30 12 196 196 194
31 12 196 196 194
32 12 196 197 194
33 12 196 196 194
34 12 198 198 196
35 12 198 198 196
36 12 198 199 196
37 12 199 200 197
38 12 199 200 197
39 12 200 201 199
40 12 199 200 198
41 12 200 201 199
42 12 189 190 188
43 12 154 155 153
44 12 168 169 167
45 12 162 163 161
18 13 56 53 49
19 13 58 56 52
20 13 38 38 37
21 13 4 4 4
22 13 18 19 18
23 13 50 50 48
24 13 135 135 132
25 13 182 179 175
26 13 195 192 187
27 13 197 195 192
28 13 197 197 193
29 13 198 198 194
30 13 197 197 194
31 13 198 198 195
32 13 197 197 195
33 13 198 198 195
34 13 198 198 196
35 13 198 199 196
36 13 199 200 197
37 13 200 200 198
38 13 200 201 199
39 13 201 202 200
40 13 200 200 198
41 13 193 193 191
42 13 140 142 139
43 13 111 112 109
44 13 163 164 162
45 13 177 177 175
18 14 57 54 49
19 14 58 56 53
20 14 51 51 49
21 14 22 22 22
22 14 7 7 7
23 14 40 40 39
24 14 61 61 59
25 14 101 102 99
26 14 166 165 161
27 14 192 189 184
28 14 198 195 191
29 14 198 197 194
30 14 198 197 194
31 14 199 199 196
32 14 199 199 197
33 14 200 200 197
34 14 199 200 197
35 14 200 200 198
36 14 200 200 198
37 14 201 201 199
38 14 202 202 200
39 14 199 199 197
40 14 186 186 184
41 14 161 162 160
42 14 83 84 82
43 14 139 139 136
44 14 155 155 153
45 14 166 167 164
18 15 57 53 49
19 15 59 57 53
20 15 60 60 57
21 15 47 47 46
22 15 27 27 27
23 15 39 40 38
24 15 58 58 56
25 15 62 62 60
26 15 63 63 61
27 15 138 138 135
28 15 184 182 177
29 15 198 195 190
30 15 198 197 193
31 15 199 199 196
32 15 199 199 197
33 15 200 201 198
34 15 200 200 198
35 15 201 202 199
36 15 202 202 200
37 15 201 202 200
38 15 199 199 197
39 15 174 175 172
40 15 130 131 129
41 15 130 132 131
42 15 120 121 117
43 15 160 160 157
44 15 147 147 144
18 16 57 53 48
19 16 59 56 53
20 16 61 60 58
21 16 59 59 57
22 16 55 55 53
23 16 55 56 54
24 16 60 60 58
25 16 61 62 59
26 16 61 62 60
27 16 62 63 61
28 16 104 104 101
29 16 168 167 163
30 16 194 191 187
31 16 199 197 192
32 16 200 199 196
33 16 201 201 199
34 16 201 202 199
35 16 202 203 200
36 16 202 202 200
37 16 199 199 197
38 16 177 178 175
39 16 96 98 95
40 16 121 123 121
41 16 148 149 147
42 16 156 156 152
43 16 161 161 157
44 16 151 150 146
18 17 56 51 47
19 17 58 55 51
20 17 60 60 57
21 17 60 60 58
22 17 60 60 58
23 17 60 60 58
24 17 60 60 58
25 17 61 61 59
26 17 61 61 59
27 17 61 62 60
28 17 62 62 60
29 17 62 62 60
30 17 141 141 138
31 17 185 183 178
32 17 199 196 191
33 17 201 199 195
34 17 202 201 198
35 17 201 201 198
36 17 193 194 191
37 17 176 177 175
38 17 127 129 127
39 17 90 91 88
40 17 156 156 153
41 17 165 165 162
42 17 162 161 156
43 17 153 152 147
44 17 156 154 150
18 18 55 50 45
19 18 58 55 51
20 18 60 59 56
21 18 61 60 58
22 18 60 60 58
23 18 59 59 57
24 18 60 60 58
25 18 60 61 58
26 18 60 61 59
27 18 60 61 58
28 18 60 61 58
29 18 62 62 60
30 18 62 62 60
31 18 101 101 99
32 18 172 171 167
33 18 194 191 186
34 18 197 194 188
35 18 188 188 184
36 18 142 143 140
37 18 125 128 126
38 18 115 117 115
39 18 145 145 142
40 18 168 167 164
41 18 161 161 156
42 18 151 150 145
43 18 138 136 131
44 18 166 164 159
18 19 54 49 44
19 19 57 54 50
20 19 60 58 55
21 19 61 60 58
22 19 60 59 57
23 19 60 59 57
24 19 59 59 57
25 19 59 59 57
26 19 60 60 58
27 19 60 60 58
28 19 60 60 58
29 19 61 61 59
30 19 61 61 59
31 19 62 63 60
32 19 64 65 62
33 19 161 163 161
34 19 183 180 175
35 19 135 134 130
36 19 72 74 71
37 19 144 145 143
38 19 158 159 156
39 19 167 167 163
40 19 162 161 158
41 19 135 134 130
42 19 132 129 124
43 19 133 131 126
18 20 54 48 43
19 20 56 52 48
20 20 60 58 55
21 20 60 59 57
22 20 60 59 57
23 20 59 59 56
24 20 60 59 57
25 20 58 59 56
26 20 59 59 57
27 20 60 60 58
28 20 60 60 58
29 20 60 60 58
30 20 61 61 58
31 20 61 62 59
32 20 63 63 61
33 20 167 169 167
34 20 165 162 156
35 20 78 77 73
36 20 123 124 121
37 20 167 167 164
38 20 171 171 168
39 20 165 165 161
40 20 136 136 132
41 20 85 84 80
42 20 124 121 116
43 20 124 120 115
18 21 51 43 37
19 21 55 49 44
20 21 58 55 52
21 21 60 59 56
22 21 59 58 55
23 21 59 58 56
24 21 59 58 56
25 21 59 59 57
26 21 59 59 57
27 21 59 59 57
28 21 59 59 57
29 21 59 59 57
30 21 60 60 57
31 21 61 61 59
32 21 71 72 70
33 21 168 168 165
34 21 146 144 139
35 21 120 120 116
36 21 163 163 160
37 21 172 172 169
38 21 164 163 160
39 21 145 145 141
40 21 88 88 84
41 21 87 83 79
42 21 115 110 105
43 21 120 115 109
19 22 48 42 37
20 22 54 50 46
21 22 57 55 52
22 22 58 57 55
23 22 59 58 55
24 22 59 58 56
25 22 58 58 56
26 22 59 59 56
27 22 59 59 57
28 22 59 58 56
29 22 59 59 57
30 22 59 59 57
31 22 60 60 58
32 22 94 95 93
33 22 172 172 168
34 22 165 163 159
35 22 166 166 163
36 22 172 172 169
37 22 164 164 160
38 22 128 128 125
39 22 109 109 105
40 22 83 80 76
41 22 97 92 87
42 22 86 80 75
43 22 124 117 111
20 23 48 45 41
21 23 52 50 46
22 23 56 54 51
23 23 58 57 54
24 23 58 57 54
25 23 58 57 55
26 23 58 58 56
27 23 57 57 55
28 23 58 58 55
29 23 58 58 56
30 23 59 58 56
31 23 60 60 57
32 23 110 111 109
33 23 175 174 170
34 23 177 176 172
35 23 175 174 171
36 23 166 166 163
37 23 134 134 131
38 23 82 82 78
39 23 114 112 107
40 23 98 94 89
41 23 76 71 65
21 24 45 43 39
22 24 51 49 46
23 24 55 53 50
24 24 57 56 53
25 24 57 57 54
26 24 57 56 54
27 24 53 53 51
28 24 47 47 45
29 24 52 51 50
30 24 57 57 55
31 24 60 60 57
32 24 133 134 131
33 24 174 171 167
34 24 175 174 170
35 24 166 166 162
36 24 144 144 141
37 24 86 86 83
38 24 103 101 96
39 24 118 114 109
40 24 76 72 67
23 25 49 47 44
24 25 54 52 49
25 25 56 55 52
26 25 57 56 53
27 25 44 44 42
28 25 20 20 19
29 25 26 26 25
30 25 48 48 46
31 25 59 58 56
32 25 142 143 140
33 25 173 169 164
34 25 161 160 157
35 25 128 128 124
36 25 118 118 115
37 25 97 95 91
38 25 106 102 97
39 25 89 85 80
24 26 47 44 41
25 26 51 49 46
26 26 54 52 49
27 26 47 46 44
28 26 20 20 19
29 26 6 6 5
30 26 30 30 29
31 26 54 54 51
32 26 155 155 151
33 26 164 161 156
34 26 115 114 110
35 26 89 88 85
36 26 125 123 119
37 26 112 109 104
38 26 79 75 70
25 27 44 41 38
26 27 49 46 44
27 27 50 49 46
28 27 37 37 35
29 27 12 12 12
30 27 16 16 15
31 27 52 52 50
32 27 160 159 156
33 27 140 137 131
34 27 72 71 68
35 27 119 117 113
36 27 124 121 116
37 27 84 80 75
27 28 46 44 41
28 28 46 44 41
29 28 37 36 34
30 28 33 32 30
31 28 66 65 62
32 28 155 154 150
33 28 109 104 98
34 28 104 101 96
35 28 119 115 110
36 28 42 40 37
28 29 43 41 38
29 29 45 43 40
30 29 49 47 44
31 29 87 85 81
32 29 153 150 144
33 29 129 124 118
34 29 113 109 104
35 29 40 38 36
29 30 39 36 33
30 30 45 42 39
31 30 96 93 87
32 30 147 141 134
33 30 125 118 111
34 30 43 40 37
31 31 118 111 104
32 31 136 127 119
33 31 49 43 39
