31 0 144 127 120
30 1 156 146 137
31 1 164 156 149
32 1 174 168 163
28 2 166 158 149
29 2 166 159 151
30 2 171 165 158
31 2 174 170 164
32 2 177 173 168
33 2 178 174 169
34 2 180 176 172
27 3 172 165 157
28 3 173 168 160
29 3 176 172 165
30 3 178 174 168
31 3 178 175 169
32 3 177 174 168
33 3 178 175 170
34 3 181 178 174
35 3 184 182 178
36 3 186 183 181
25 4 172 165 156
26 4 176 171 163
27 4 178 174 167
28 4 181 178 173
29 4 183 180 175
30 4 182 179 174
31 4 181 178 173
32 4 180 178 172
33 4 180 177 172
34 4 180 179 174
35 4 184 183 179
36 4 186 185 182
37 4 188 187 185
38 4 188 187 185
24 5 179 173 166
25 5 179 175 168
26 5 182 179 173
27 5 184 182 177
28 5 186 184 179
29 5 186 184 179
30 5 185 183 179
31 5 184 183 178
32 5 183 182 177
33 5 183 182 177
34 5 183 182 178
35 5 183 183 179
36 5 185 185 181
37 5 187 186 184
38 5 188 188 186
39 5 187 188 186
40 5 187 188 187
23 6 179 174 167
24 6 182 178 172
25 6 185 183 178
26 6 186 185 181
27 6 187 186 181
28 6 187 186 182
29 6 187 187 183
30 6 187 187 183
31 6 187 187 183
32 6 187 186 183
33 6 187 186 183
34 6 186 185 182
35 6 186 186 182
36 6 185 185 182
37 6 186 186 183
38 6 188 187 184
39 6 190 190 187
40 6 190 191 189
41 6 189 190 189
21 7 177 168 159
22 7 181 176 169
23 7 183 179 174
24 7 180 179 175
25 7 174 173 169
26 7 169 168 164
27 7 175 175 171
28 7 185 184 181
29 7 189 188 185
30 7 190 190 187
31 7 187 187 184
32 7 181 181 178
33 7 175 175 172
34 7 179 179 176
35 7 187 187 184
36 7 188 189 186
37 7 189 189 186
38 7 187 187 185
39 7 185 186 183
40 7 184 184 182
41 7 188 189 187
42 7 190 192 190
43 7 189 191 190
20 8 176 161 148
21 8 181 169 159
22 8 187 182 176
23 8 185 184 180
24 8 164 164 161
25 8 113 113 109
26 8 84 83 80
27 8 106 105 102
28 8 156 155 152
29 8 185 185 182
30 8 190 190 187
31 8 180 180 177
32 8 143 143 141
33 8 102 102 100
34 8 119 120 117
35 8 161 161 159
36 8 185 186 183
37 8 190 191 188
38 8 184 185 182
39 8 157 158 156
40 8 133 133 130
41 8 153 154 152
42 8 179 181 179
43 8 190 191 190
44 8 191 193 192
45 8 189 191 190
20 9 155 146 133
21 9 179 170 162
22 9 192 186 179
23 9 188 186 182
24 9 164 163 161
25 9 87 87 86
26 9 31 31 31
27 9 25 25 25
28 9 113 113 110
29 9 179 179 177
30 9 191 191 188
31 9 182 182 179
32 9 130 132 129
33 9 49 50 49
34 9 18 18 18
35 9 92 93 90
36 9 171 172 169
37 9 190 191 189
38 9 182 183 181
39 9 126 128 126
40 9 41 42 41
41 9 42 42 41
42 9 122 124 122
43 9 179 181 179
44 9 193 195 194
45 9 191 193 192
46 9 181 182 180
20 10 61 57 51
21 10 112 109 103
22 10 171 168 163
23 10 188 185 180
24 10 184 181 176
25 10 161 159 155
26 10 137 137 134
27 10 126 126 123
28 10 158 158 155
29 10 187 187 184
30 10 193 193 190
31 10 192 192 189
32 10 176 177 175
33 10 147 149 147
34 10 120 121 119
35 10 138 139 137
36 10 182 183 181
37 10 193 194 192
38 10 191 193 191
39 10 171 172 171
40 10 131 133 132
41 10 94 96 95
42 10 125 127 126
43 10 178 180 179
44 10 193 194 193
45 10 187 188 187
46 10 172 173 171
19 11 57 53 48
20 11 60 57 52
21 11 59 58 56
22 11 54 55 53
23 11 133 133 130
24 11 179 176 172
25 11 190 187 183
26 11 188 186 182
27 11 186 186 182
28 11 191 191 188
29 11 195 195 192
30 11 195 195 192
31 11 196 196 194
32 11 194 194 191
33 11 190 191 188
34 11 186 187 184
35 11 187 188 186
36 11 194 195 193
37 11 196 197 194
38 11 196 197 195
39 11 192 194 192
40 11 186 188 186
41 11 180 182 180
42 11 184 186 184
43 11 191 193 191
44 11 186 187 185
45 11 155 156 154
46 11 56 55 54
19 12 58 54 50
20 12 59 56 53
21 12 46 46 44
22 12 22 23 22
23 12 28 29 28
24 12 79 79 77
25 12 155 154 150
26 12 189 187 182
27 12 196 193 189
28 12 197 195 192
29 12 198 197 194
30 12 198 197 194
31 12 198 197 194
32 12 198 197 195
33 12 196 196 194
34 12 197 197 195
35 12 197 197 195
36 12 197 198 195
37 12 198 199 196
38 12 197 198 195
39 12 198 199 196
40 12 197 198 196
41 12 198 199 197
42 12 197 198 196
43 12 186 187 185
44 12 164 164 162
45 12 123 122 119
19 13 58 55 51
20 13 58 57 54
21 13 39 39 38
22 13 7 7 7
23 13 3 3 3
24 13 26 26 25
25 13 53 53 51
26 13 117 118 115
27 13 175 174 170
28 13 194 191 187
29 13 199 196 192
30 13 199 197 194
31 13 199 199 195
32 13 198 198 195
33 13 198 198 195
34 13 197 197 195
35 13 198 198 195
36 13 198 199 196
37 13 198 199 196
38 13 199 199 197
39 13 199 200 197
40 13 199 200 198
41 13 199 200 198
42 13 190 191 189
43 13 153 153 151
44 13 137 137 134
45 13 54 54 52
19 14 58 55 50
20 14 60 59 56
21 14 49 50 48
22 14 23 23 23
23 14 5 5 5
24 14 16 16 15
25 14 49 50 48
26 14 61 61 59
27 14 65 66 63
28 14 146 147 144
29 14 185 183 178
30 14 197 194 190
31 14 199 197 193
32 14 200 199 196
33 14 200 200 197
34 14 199 199 197
35 14 199 200 197
36 14 199 200 197
37 14 200 200 197
38 14 200 200 198
39 14 200 200 198
40 14 201 202 200
41 14 192 192 190
42 14 155 156 153
43 14 139 139 136
44 14 101 100 97
19 15 59 55 51
20 15 61 60 57
21 15 59 59 57
22 15 46 46 45
23 15 29 29 28
24 15 28 28 27
25 15 50 50 48
26 15 60 60 58
27 15 62 63 61
28 15 62 63 61
29 15 91 92 89
30 15 160 158 155
31 15 193 191 186
32 15 199 196 192
33 15 200 199 195
34 15 200 199 197
35 15 201 201 198
36 15 201 201 199
37 15 200 201 198
38 15 201 201 199
39 15 201 202 199
40 15 196 196 194
41 15 159 160 157
42 15 127 127 124
43 15 136 135 132
44 15 51 51 49
18 16 56 51 46
19 16 59 55 51
20 16 61 59 56
21 16 61 61 59
22 16 59 59 57
23 16 54 54 53
24 16 54 54 52
25 16 58 59 57
26 16 60 61 58
27 16 61 61 59
28 16 62 62 60
29 16 62 62 60
30 16 63 63 61
31 16 121 121 118
32 16 177 176 172
33 16 197 194 190
34 16 200 198 193
35 16 201 201 197
36 16 201 201 198
37 16 202 202 199
38 16 202 203 200
39 16 198 198 196
40 16 166 166 164
41 16 125 125 122
42 16 142 141 137
43 16 126 124 120
18 17 57 53 48
19 17 59 55 51
20 17 60 59 56
21 17 60 60 58
22 17 61 61 58
23 17 60 60 58
24 17 60 60 58
25 17 60 61 58
26 17 60 61 58
27 17 61 61 59
28 17 61 61 59
29 17 61 61 59
30 17 62 62 60
31 17 62 62 60
32 17 71 71 69
33 17 151 151 148
34 17 187 184 180
35 17 199 197 192
36 17 201 199 194
37 17 202 201 198
38 17 198 198 195
39 17 171 171 169
40 17 125 125 122
41 17 145 145 141
42 17 141 139 135
43 17 152 150 146
18 18 57 52 47
19 18 59 56 52
20 18 61 60 57
21 18 61 61 58
22 18 61 60 58
23 18 60 59 57
24 18 60 60 57
25 18 60 60 58
26 18 60 60 58
27 18 60 60 58
28 18 60 60 58
29 18 61 61 59
30 18 61 61 59
31 18 61 62 59
32 18 61 62 59
33 18 63 63 61
34 18 98 98 96
35 18 166 165 161
36 18 193 191 187
37 18 195 192 187
38 18 176 174 169
39 18 127 128 124
40 18 138 138 134
41 18 145 144 140
42 18 113 111 106
43 18 160 157 152
18 19 57 52 47
19 19 59 56 52
20 19 60 59 56
21 19 61 60 58
22 19 60 60 57
23 19 60 59 57
24 19 60 59 57
25 19 59 59 57
26 19 60 60 58
27 19 60 60 58
28 19 60 60 58
29 19 60 61 59
30 19 60 60 58
31 19 61 61 58
32 19 61 61 59
33 19 62 62 60
34 19 63 63 61
35 19 65 65 63
36 19 143 145 143
37 19 171 169 164
38 19 127 126 121
39 19 144 144 141
40 19 143 142 138
41 19 124 122 117
42 19 103 100 95
18 20 56 51 46
19 20 58 55 52
20 20 61 59 57
21 20 60 60 57
22 20 60 59 57
23 20 59 59 56
24 20 60 59 57
25 20 58 58 56
26 20 59 59 57
27 20 59 60 57
28 20 60 60 58
29 20 60 60 58
30 20 60 60 58
31 20 60 60 58
32 20 60 60 57
33 20 61 61 59
34 20 63 63 60
35 20 70 71 69
36 20 166 168 166
37 20 140 137 132
38 20 142 141 138
39 20 149 149 145
40 20 118 116 112
41 20 96 92 87
42 20 44 42 39
18 21 54 47 41
19 21 58 55 51
20 21 59 58 55
21 21 60 59 56
22 21 59 58 55
23 21 59 59 56
24 21 59 58 56
25 21 59 59 57
26 21 59 59 57
27 21 59 59 56
28 21 59 59 57
29 21 59 59 57
30 21 59 59 57
31 21 60 59 57
32 21 60 59 57
33 21 61 61 58
34 21 61 62 59
35 21 112 114 112
36 21 163 162 159
37 21 143 142 138
38 21 153 152 149
39 21 118 118 113
40 21 95 90 85
41 21 79 74 69
18 22 48 41 36
19 22 54 49 45
20 22 57 55 52
21 22 59 57 55
22 22 59 58 55
23 22 59 58 56
24 22 59 58 56
25 22 58 58 56
26 22 59 58 56
27 22 59 59 57
28 22 58 58 56
29 22 59 59 56
30 22 58 58 56
31 22 59 58 56
32 22 60 59 57
33 22 60 60 58
34 22 62 62 60
35 22 158 159 157
36 22 163 161 156
37 22 158 157 153
38 22 124 123 120
39 22 85 81 77
40 22 70 65 61
41 22 36 33 30
19 23 47 43 39
20 23 52 49 45
21 23 55 53 50
22 23 58 56 54
23 23 58 58 55
24 23 58 57 54
25 23 58 57 55
26 23 58 58 56
27 23 57 57 55
28 23 58 58 56
29 23 58 58 55
30 23 58 58 56
31 23 58 58 56
32 23 59 58 56
33 23 60 60 57
34 23 88 88 86
35 23 167 168 165
36 23 165 164 160
37 23 140 139 136
38 23 88 85 81
39 23 71 67 63
40 23 28 26 24
20 24 42 40 36
21 24 49 47 43
22 24 54 52 49
23 24 57 55 52
24 24 58 57 54
25 24 58 57 54
26 24 57 57 54
27 24 57 56 54
28 24 51 51 49
29 24 47 47 46
30 24 51 51 49
31 24 56 56 54
32 24 59 58 56
33 24 60 60 57
34 24 130 131 128
35 24 171 169 166
36 24 146 144 140
37 24 97 95 91
38 24 77 73 69
39 24 29 27 25
22 25 46 44 41
23 25 51 48 45
24 25 54 52 49
25 25 57 56 53
26 25 57 57 54
27 25 54 53 51
28 25 34 34 33
29 25 19 19 18
30 25 26 26 25
31 25 45 45 43
32 25 57 56 54
33 25 69 69 66
34 25 158 158 156
35 25 154 151 146
36 25 107 105 101
37 25 81 78 73
38 25 47 44 41
24 26 48 46 43
25 26 52 50 47
26 26 54 53 50
27 26 53 52 49
28 26 33 33 32
29 26 8 8 8
30 26 5 5 5
31 26 27 27 26
32 26 52 52 49
33 26 98 98 95
34 26 161 161 158
35 26 116 112 107
36 26 93 89 84
37 26 67 63 60
25 27 45 43 40
26 27 49 47 44
27 27 52 50 48
28 27 45 44 42
29 27 22 21 20
30 27 6 6 5
31 27 16 16 15
32 27 44 44 42
33 27 134 134 131
34 27 141 138 133
35 27 100 96 91
36 27 69 66 63
37 27 36 34 32
27 28 46 43 40
28 28 47 45 42
29 28 41 40 37
30 28 32 31 29
31 28 33 32 30
32 28 63 62 59
33 28 151 150 146
34 28 117 111 105
35 28 79 75 71
36 28 34 32 30
28 29 42 39 36
29 29 45 43 40
30 29 48 45 42
31 29 50 48 45
32 29 105 103 98
33 29 144 140 135
34 29 95 89 83
35 29 33 31 28
30 30 44 42 38
31 30 48 45 41
32 30 129 125 119
33 30 121 115 109
34 30 39 36 33
31 31 40 37 33
32 31 137 131 124
33 31 70 64 59
