29 0 173 175 172
28 1 144 146 143
29 1 173 173 171
30 1 174 170 166
31 1 179 175 172
27 2 151 147 145
28 2 151 144 142
29 2 173 171 169
30 2 181 178 174
31 2 176 171 166
32 2 179 176 172
26 3 106 104 101
27 3 154 140 137
28 3 171 146 144
29 3 176 163 161
30 3 187 185 182
31 3 179 174 168
32 3 178 174 170
33 3 179 176 173
25 4 59 57 56
26 4 141 132 129
27 4 165 144 142
28 4 180 126 124
29 4 181 149 147
30 4 188 184 182
31 4 186 183 178
32 4 182 179 173
33 4 179 177 172
34 4 178 177 174
25 5 137 127 125
26 5 162 139 137
27 5 173 133 132
28 5 182 119 119
29 5 183 138 136
30 5 181 175 172
31 5 194 194 191
32 5 186 183 177
33 5 184 182 177
34 5 180 179 175
35 5 178 178 175
36 5 178 178 176
24 6 137 128 126
25 6 157 138 136
26 6 168 130 130
27 6 176 130 130
28 6 176 147 145
29 6 173 161 159
30 6 173 173 170
31 6 194 195 192
32 6 190 188 184
33 6 187 185 181
34 6 184 183 179
35 6 180 179 176
36 6 176 176 173
37 6 173 174 172
23 7 149 141 139
24 7 149 129 128
25 7 165 130 129
26 7 168 140 140
27 7 166 152 150
28 7 166 164 161
29 7 167 168 165
30 7 173 175 172
31 7 186 188 185
32 7 194 192 187
33 7 177 173 168
34 7 176 175 171
35 7 180 180 177
36 7 175 175 172
37 7 172 172 170
38 7 166 166 165
22 8 139 131 129
23 8 144 126 124
24 8 162 126 125
25 8 165 134 133
26 8 159 150 148
27 8 158 159 156
28 8 164 167 163
29 8 169 171 167
30 8 176 178 174
31 8 179 180 176
32 8 192 188 182
33 8 182 175 167
34 8 156 153 148
35 8 161 161 157
36 8 167 167 164
37 8 160 161 157
38 8 160 160 158
39 8 153 154 152
40 8 161 162 161
21 9 142 133 131
22 9 139 122 120
23 9 156 129 128
24 9 160 133 132
25 9 149 138 136
26 9 135 136 133
27 9 154 157 154
28 9 166 168 165
29 9 171 173 169
30 9 174 175 171
31 9 181 178 172
32 9 190 184 175
33 9 194 190 184
34 9 188 184 179
35 9 154 149 144
36 9 157 157 153
37 9 149 150 147
38 9 142 143 141
39 9 145 146 144
40 9 149 150 149
41 9 158 159 157
20 10 132 126 123
21 10 137 117 114
22 10 155 124 122
23 10 157 126 125
24 10 145 134 132
25 10 103 101 99
26 10 106 109 106
27 10 156 158 155
28 10 167 169 166
29 10 170 172 168
30 10 177 175 170
31 10 189 184 177
32 10 179 177 171
33 10 179 178 174
34 10 191 191 187
35 10 193 191 188
36 10 172 168 163
37 10 170 169 167
38 10 161 161 158
39 10 153 154 151
40 10 147 148 146
41 10 147 147 145
42 10 152 152 150
20 11 131 112 109
21 11 149 115 112
22 11 157 102 100
23 11 152 130 128
24 11 116 113 111
25 11 65 67 65
26 11 128 131 128
27 11 161 163 160
28 11 168 169 165
29 11 173 172 167
30 11 185 181 175
31 11 175 174 170
32 11 155 156 153
33 11 151 152 149
34 11 164 165 162
35 11 188 188 186
36 11 193 193 189
37 11 191 189 185
38 11 188 186 183
39 11 180 181 178
40 11 174 175 172
41 11 159 160 158
42 11 153 153 150
19 12 127 116 111
20 12 143 117 113
21 12 154 95 93
22 12 156 115 114
23 12 141 134 132
24 12 89 91 88
25 12 108 111 108
26 12 153 156 152
27 12 166 168 164
28 12 171 171 166
29 12 182 179 172
30 12 171 169 165
31 12 130 131 129
32 12 64 65 63
33 12 50 51 50
34 12 88 89 87
35 12 156 157 154
36 12 180 181 178
37 12 192 192 190
38 12 198 196 193
39 12 196 194 191
40 12 190 190 187
41 12 184 184 182
42 12 172 172 170
43 12 166 165 163
18 13 120 111 105
19 13 122 107 102
20 13 147 111 107
21 13 154 102 100
22 13 154 137 135
23 13 140 141 138
24 13 129 131 128
25 13 148 150 146
26 13 161 163 159
27 13 169 168 163
28 13 180 176 170
29 13 175 173 169
30 13 144 145 143
31 13 52 53 52
32 13 2 2 2
33 13 1 1 1
34 13 35 36 35
35 13 136 137 135
36 13 172 172 170
37 13 174 175 172
38 13 187 187 185
39 13 198 197 194
40 13 196 195 191
41 13 192 191 188
42 13 185 185 183
43 13 178 178 175
44 13 173 171 169
18 14 110 101 94
19 14 125 110 105
20 14 150 116 112
21 14 155 123 120
22 14 151 147 144
23 14 151 153 150
24 14 153 155 152
25 14 160 162 158
26 14 165 165 160
27 14 177 174 167
28 14 175 173 167
29 14 167 167 164
30 14 141 142 140
31 14 66 66 66
32 14 11 11 11
33 14 6 6 6
34 14 79 80 77
35 14 153 154 151
36 14 169 169 166
37 14 170 170 168
38 14 172 173 170
39 14 180 181 178
40 14 193 193 190
41 14 197 195 192
42 14 192 192 188
43 14 186 186 184
44 14 181 181 178
18 15 95 86 82
19 15 125 112 108
20 15 149 127 124
21 15 152 139 136
22 15 152 152 149
23 15 155 156 153
24 15 158 159 155
25 15 162 162 157
26 15 175 172 165
27 15 175 172 166
28 15 166 165 161
29 15 164 164 161
30 15 155 155 153
31 15 127 128 127
32 15 95 96 94
33 15 90 91 88
34 15 137 138 134
35 15 160 161 158
36 15 166 166 163
37 15 167 168 165
38 15 169 169 167
39 15 171 171 169
40 15 177 177 175
41 15 186 186 183
42 15 195 193 190
43 15 193 191 188
44 15 186 186 183
45 15 182 181 178
18 16 123 116 111
19 16 124 116 111
20 16 145 136 133
21 16 151 149 145
22 16 153 155 151
23 16 156 158 154
24 16 161 161 156
25 16 172 168 161
26 16 175 170 164
27 16 163 162 158
28 16 163 163 159
29 16 162 162 159
30 16 162 162 159
31 16 155 155 152
32 16 156 156 153
33 16 155 155 152
34 16 161 162 158
35 16 162 163 160
36 16 165 165 162
37 16 167 167 164
38 16 170 170 167
39 16 168 169 166
40 16 168 169 166
41 16 170 170 168
42 16 183 183 181
43 16 192 191 188
44 16 191 190 186
45 16 187 186 182
18 17 145 141 135
19 17 115 112 107
20 17 145 144 140
21 17 150 151 147
22 17 155 155 152
23 17 158 158 154
24 17 168 164 157
25 17 174 169 162
26 17 160 159 154
27 17 160 160 156
28 17 161 161 157
29 17 160 160 157
30 17 161 161 158
31 17 161 161 158
32 17 161 162 158
33 17 161 162 158
34 17 161 161 158
35 17 163 163 160
36 17 163 163 160
37 17 164 165 162
38 17 164 165 162
39 17 164 165 162
40 17 163 163 160
41 17 167 168 165
42 17 167 167 164
43 17 174 174 172
44 17 185 185 182
45 17 190 189 185
46 17 182 178 173
19 18 118 117 112
20 18 146 146 141
21 18 153 154 150
22 18 157 156 152
23 18 163 159 153
24 18 171 166 159
25 18 159 158 153
26 18 158 157 153
27 18 159 158 155
28 18 158 157 154
29 18 159 158 155
30 18 158 157 154
31 18 161 160 157
32 18 158 158 155
33 18 159 159 156
34 18 159 160 156
35 18 160 160 157
36 18 161 161 158
37 18 162 163 159
38 18 159 160 157
39 18 159 159 156
40 18 163 163 160
41 18 163 163 160
42 18 165 165 162
43 18 165 166 163
44 18 166 167 164
45 18 179 180 177
46 18 184 185 183
47 18 187 189 188
19 19 122 120 115
20 19 146 146 141
21 19 154 154 149
22 19 161 157 151
23 19 169 163 155
24 19 158 155 151
25 19 155 154 150
26 19 157 157 152
27 19 156 156 152
28 19 156 156 152
29 19 156 156 153
30 19 157 157 153
31 19 157 157 154
32 19 158 158 154
33 19 157 157 154
34 19 157 157 154
35 19 158 158 155
36 19 158 159 156
37 19 157 157 154
38 19 157 158 154
39 19 157 158 154
40 19 159 159 156
41 19 160 160 157
42 19 161 162 158
43 19 162 162 159
44 19 167 167 165
45 19 168 171 169
46 19 159 162 161
47 19 189 192 191
19 20 132 131 125
20 20 146 145 140
21 20 156 152 146
22 20 166 159 151
23 20 156 153 148
24 20 154 152 148
25 20 153 152 148
26 20 154 154 150
27 20 155 154 151
28 20 155 154 151
29 20 155 154 151
30 20 155 155 151
31 20 155 154 151
32 20 154 154 151
33 20 155 155 151
34 20 155 155 152
35 20 156 157 153
36 20 155 155 152
37 20 155 155 152
38 20 155 156 152
39 20 157 157 154
40 20 155 156 152
41 20 158 158 155
42 20 158 158 155
43 20 160 161 158
44 20 163 165 163
45 20 144 147 146
46 20 62 65 64
19 21 133 128 121
20 21 145 138 131
21 21 163 154 145
22 21 158 153 147
23 21 153 151 147
24 21 152 150 146
25 21 152 151 147
26 21 152 151 147
27 21 151 151 147
28 21 152 151 148
29 21 152 151 148
30 21 153 152 149
31 21 153 153 150
32 21 152 152 149
33 21 153 153 150
34 21 152 152 149
35 21 153 153 150
36 21 153 153 150
37 21 153 152 150
38 21 154 154 151
39 21 153 152 149
40 21 155 155 151
41 21 156 156 153
42 21 157 158 155
43 21 159 161 159
44 21 141 143 141
45 21 67 68 67
19 22 130 114 103
20 22 152 137 126
21 22 156 147 139
22 22 148 145 140
23 22 150 148 144
24 22 150 149 145
25 22 150 149 145
26 22 151 150 146
27 22 150 149 145
28 22 149 149 145
29 22 150 149 146
30 22 150 150 146
31 22 150 149 146
32 22 151 151 148
33 22 150 150 147
34 22 151 151 148
35 22 151 151 148
36 22 150 150 147
37 22 151 150 147
38 22 151 151 148
39 22 153 152 149
40 22 154 154 150
41 22 155 155 152
42 22 155 157 155
43 22 142 144 142
44 22 63 65 64
20 23 148 132 120
21 23 144 136 128
22 23 143 139 134
23 23 146 144 139
24 23 148 146 142
25 23 149 148 143
26 23 150 148 144
27 23 148 147 143
28 23 147 147 143
29 23 148 148 144
30 23 147 147 143
31 23 147 147 144
32 23 147 147 144
33 23 148 148 145
34 23 148 148 144
35 23 148 148 145
36 23 148 147 144
37 23 149 149 145
38 23 149 148 145
39 23 151 150 147
40 23 152 153 149
41 23 154 155 153
42 23 139 141 140
43 23 63 64 63
21 24 120 112 104
22 24 141 135 128
23 24 142 138 132
24 24 144 141 137
25 24 146 144 140
26 24 148 146 142
27 24 146 145 141
28 24 145 145 140
29 24 145 145 140
30 24 144 144 140
31 24 146 146 142
32 24 140 140 137
33 24 132 133 130
34 24 126 127 124
35 24 134 134 131
36 24 143 143 139
37 24 147 146 143
38 24 148 147 144
39 24 151 150 146
40 24 152 153 150
41 24 136 137 135
42 24 62 64 63
23 25 133 127 121
24 25 140 136 130
25 25 144 140 136
26 25 144 142 138
27 25 144 143 138
28 25 144 143 138
29 25 143 142 137
30 25 143 142 138
31 25 136 136 133
32 25 102 102 100
33 25 64 65 64
34 25 57 57 56
35 25 79 80 77
36 25 131 131 127
37 25 143 143 139
38 25 147 147 143
39 25 151 151 148
40 25 136 137 135
41 25 62 63 61
24 26 48 45 42
25 26 136 131 125
26 26 140 136 130
27 26 139 136 131
28 26 140 138 134
29 26 141 140 135
30 26 140 139 135
31 26 119 119 115
32 26 51 52 50
33 26 9 9 9
34 26 4 4 4
35 26 51 51 49
36 26 121 121 117
37 26 144 144 140
38 26 147 147 144
39 26 135 136 133
40 26 62 63 61
26 27 131 125 119
27 27 135 130 124
28 27 137 133 128
29 27 137 134 130
30 27 138 136 132
31 27 117 117 113
32 27 52 52 50
33 27 20 20 19
34 27 31 31 29
35 27 73 72 69
36 27 128 128 123
37 27 144 144 141
38 27 129 130 127
39 27 62 63 61
28 28 110 105 100
29 28 132 127 121
30 28 133 129 123
31 28 126 124 119
32 28 102 101 96
33 28 92 89 85
34 28 102 100 95
35 28 120 118 113
36 28 139 137 133
37 28 127 127 123
38 28 60 60 58
30 29 127 121 114
31 29 127 122 116
32 29 126 122 116
33 29 126 123 117
34 29 130 127 122
35 29 135 132 127
36 29 123 122 117
37 29 59 58 56
31 30 117 111 103
32 30 121 114 107
33 30 124 118 111
34 30 127 123 116
35 30 118 115 110
36 30 56 55 51
33 31 106 99 91
34 31 112 105 99
35 31 50 47 44
