31 0 177 173 166
32 0 178 171 160
33 0 177 171 163
30 1 182 182 179
31 1 188 187 182
32 1 189 185 178
33 1 188 183 177
34 1 186 180 178
28 2 180 180 178
29 2 184 185 182
30 2 186 187 185
31 2 186 186 184
32 2 193 191 187
33 2 193 188 182
34 2 193 187 184
27 3 179 180 177
28 3 183 184 181
29 3 177 178 175
30 3 153 154 152
31 3 142 143 141
32 3 183 183 180
33 3 195 191 187
34 3 196 187 183
35 3 193 182 179
25 4 178 178 175
26 4 182 182 180
27 4 185 186 184
28 4 175 176 174
29 4 128 129 127
30 4 55 55 54
31 4 68 69 67
32 4 170 171 168
33 4 195 193 190
34 4 198 191 186
35 4 198 183 181
36 4 189 177 174
24 5 177 177 174
25 5 183 183 180
26 5 187 188 185
27 5 187 188 185
28 5 168 169 166
29 5 73 73 72
30 5 61 62 60
31 5 134 134 132
32 5 180 180 178
33 5 195 195 192
34 5 199 194 190
35 5 200 186 184
36 5 192 177 175
37 5 179 173 170
22 6 168 169 166
23 6 178 178 176
24 6 184 185 182
25 6 187 188 185
26 6 188 188 186
27 6 188 188 186
28 6 178 179 177
29 6 139 140 137
30 6 155 156 153
31 6 182 183 180
32 6 194 194 191
33 6 198 197 195
34 6 197 195 191
35 6 201 190 186
36 6 198 179 178
37 6 188 176 174
20 7 165 166 163
21 7 171 172 170
22 7 177 178 176
23 7 182 183 180
24 7 185 186 183
25 7 187 187 184
26 7 187 188 185
27 7 188 189 186
28 7 188 188 186
29 7 183 184 181
30 7 189 189 187
31 7 193 194 191
32 7 196 196 193
33 7 198 197 195
34 7 197 196 193
35 7 201 195 190
36 7 200 184 182
37 7 190 175 173
38 7 172 169 165
19 8 166 168 165
20 8 171 173 170
21 8 165 167 165
22 8 158 160 158
23 8 169 170 168
24 8 183 184 182
25 8 186 186 183
26 8 185 185 183
27 8 184 185 183
28 8 186 187 184
29 8 189 190 188
30 8 193 193 191
31 8 194 194 191
32 8 195 195 193
33 8 197 197 194
34 8 198 198 195
35 8 200 196 193
36 8 201 189 186
37 8 196 176 175
38 8 177 172 168
39 8 166 166 162
17 9 153 155 153
18 9 168 170 169
19 9 174 176 174
20 9 159 160 158
21 9 111 113 111
22 9 71 73 72
23 9 134 136 133
24 9 179 180 177
25 9 182 183 180
26 9 167 168 165
27 9 147 148 145
28 9 156 158 156
29 9 183 185 183
30 9 192 193 190
31 9 193 194 191
32 9 192 192 190
33 9 187 187 184
34 9 189 188 186
35 9 196 194 191
36 9 201 193 188
37 9 199 179 177
38 9 182 169 167
39 9 166 166 162
40 9 151 149 143
17 10 169 172 171
18 10 173 176 174
19 10 172 175 172
20 10 127 129 127
21 10 33 34 33
22 10 67 68 67
23 10 148 149 147
24 10 177 178 175
25 10 164 164 161
26 10 105 106 103
27 10 38 38 37
28 10 88 89 88
29 10 172 173 171
30 10 191 191 189
31 10 187 187 184
32 10 161 162 159
33 10 129 130 127
34 10 140 141 139
35 10 180 178 176
36 10 197 192 188
37 10 199 183 179
38 10 189 163 161
39 10 165 162 158
40 10 160 159 154
18 11 177 180 179
19 11 169 171 169
20 11 116 117 115
21 11 84 85 84
22 11 133 135 133
23 11 172 173 171
24 11 178 179 176
25 11 147 147 144
26 11 46 46 44
27 11 39 40 38
28 11 120 121 119
29 11 176 177 174
30 11 188 188 186
31 11 169 169 166
32 11 95 95 92
33 11 25 25 24
34 11 75 74 73
35 11 169 168 166
36 11 196 193 190
37 11 199 189 183
38 11 194 168 165
39 11 171 153 150
40 11 162 160 156
41 11 155 153 147
18 12 180 183 182
19 12 178 179 177
20 12 166 166 163
21 12 161 161 158
22 12 170 170 168
23 12 180 180 178
24 12 177 177 175
25 12 150 150 147
26 12 94 93 90
27 12 115 115 111
28 12 164 165 162
29 12 187 187 185
30 12 186 186 183
31 12 143 143 140
32 12 40 40 38
33 12 22 22 22
34 12 105 105 104
35 12 181 180 178
36 12 198 195 191
37 12 199 191 185
38 12 191 172 166
39 12 185 156 153
40 12 164 159 155
41 12 162 161 155
18 13 181 184 183
19 13 182 183 181
20 13 180 179 176
21 13 178 177 174
22 13 180 180 177
23 13 180 180 178
24 13 180 180 178
25 13 173 174 171
26 13 166 166 163
27 13 171 171 168
28 13 183 183 180
29 13 190 189 187
30 13 188 187 185
31 13 159 159 155
32 13 104 104 101
33 13 111 110 108
34 13 162 161 158
35 13 192 191 188
36 13 196 192 188
37 13 183 174 168
38 13 177 164 157
39 13 188 165 160
40 13 177 165 162
41 13 165 164 159
42 13 161 158 153
18 14 182 184 183
19 14 182 183 181
20 14 182 182 179
21 14 180 179 176
22 14 180 179 176
23 14 180 180 177
24 14 179 180 177
25 14 181 181 179
26 14 182 182 179
27 14 184 184 182
28 14 188 187 185
29 14 190 189 186
30 14 190 189 186
31 14 186 185 182
32 14 179 178 175
33 14 181 180 176
34 14 190 188 185
35 14 188 185 181
36 14 164 159 154
37 14 119 113 107
38 14 136 129 122
39 14 178 167 160
40 14 184 170 166
41 14 175 172 168
42 14 167 165 159
19 15 182 183 181
20 15 183 183 180
21 15 180 179 176
22 15 177 177 174
23 15 170 170 167
24 15 163 164 161
25 15 169 169 167
26 15 182 182 179
27 15 186 185 182
28 15 187 186 183
29 15 190 189 185
30 15 190 189 186
31 15 192 191 187
32 15 192 191 187
33 15 190 188 184
34 15 175 171 167
35 15 134 129 124
36 15 84 80 75
37 15 68 65 61
38 15 80 77 73
39 15 144 139 133
40 15 179 170 164
41 15 180 174 171
42 15 173 171 166
43 15 166 162 156
19 16 183 184 182
20 16 183 183 180
21 16 179 179 176
22 16 167 166 163
23 16 130 131 127
24 16 96 97 94
25 16 127 128 125
26 16 176 176 173
27 16 185 184 181
28 16 188 187 183
29 16 189 188 184
30 16 191 189 185
31 16 192 190 186
32 16 184 181 177
33 16 148 145 140
34 16 86 84 79
35 16 45 43 40
36 16 24 23 21
37 16 23 22 21
38 16 53 51 49
39 16 94 91 86
40 16 157 152 145
41 16 181 175 169
42 16 176 174 169
43 16 171 168 162
19 17 181 182 181
20 17 181 182 179
21 17 175 174 171
22 17 138 137 134
23 17 59 59 57
24 17 23 23 22
25 17 107 107 104
26 17 173 172 168
27 17 186 184 180
28 17 187 186 181
29 17 189 187 182
30 17 186 184 180
31 17 167 164 161
32 17 125 123 119
33 17 91 89 85
34 17 41 40 38
35 17 8 8 7
36 17 1 1 1
37 17 18 18 17
38 17 55 55 52
39 17 86 84 79
40 17 113 111 105
41 17 160 156 149
42 17 177 174 169
43 17 173 170 164
44 17 167 162 156
19 18 180 180 178
20 18 179 179 176
21 18 171 171 167
22 18 119 118 114
23 18 20 20 19
24 18 57 56 54
25 18 143 142 138
26 18 179 177 173
27 18 184 182 178
28 18 185 184 180
29 18 179 177 173
30 18 141 140 136
31 18 107 106 102
32 18 95 94 91
33 18 84 83 80
34 18 47 47 45
35 18 27 27 26
36 18 38 38 37
37 18 59 58 57
38 18 81 80 77
39 18 92 91 86
40 18 94 92 86
41 18 116 113 107
42 18 163 159 153
43 18 174 171 166
44 18 168 163 156
19 19 176 175 172
20 19 177 176 172
21 19 174 172 168
22 19 143 142 137
23 19 105 103 98
24 19 135 132 127
25 19 168 165 161
26 19 182 181 176
27 19 178 177 173
28 19 149 149 145
29 19 109 108 105
30 19 96 96 92
31 19 97 97 93
32 19 96 95 92
33 19 92 92 89
34 19 80 80 77
35 19 73 73 71
36 19 79 79 77
37 19 85 85 82
38 19 93 93 89
39 19 90 89 84
40 19 90 89 84
41 19 95 93 88
42 19 125 122 116
43 19 164 160 154
44 19 168 164 158
45 19 162 154 146
20 20 178 176 172
21 20 178 176 172
22 20 172 169 164
23 20 165 163 158
24 20 175 173 168
25 20 176 175 171
26 20 159 159 156
27 20 120 120 117
28 20 96 96 93
29 20 97 97 93
30 20 96 96 93
31 20 96 95 92
32 20 94 93 90
33 20 96 96 93
34 20 93 93 90
35 20 92 91 89
36 20 94 93 90
37 20 91 90 87
38 20 91 91 87
39 20 92 91 87
40 20 89 88 84
41 20 84 82 78
42 20 92 91 87
43 20 131 128 123
44 20 165 160 155
45 20 160 153 145
20 21 175 173 169
21 21 178 176 172
22 21 177 175 170
23 21 178 176 172
24 21 170 171 168
25 21 132 133 130
26 21 83 84 81
27 21 64 64 62
28 21 67 67 65
29 21 87 88 86
30 21 95 95 92
31 21 95 95 92
32 21 97 96 93
33 21 96 96 93
34 21 94 93 90
35 21 95 94 91
36 21 94 93 90
37 21 91 91 88
38 21 92 92 88
39 21 82 81 78
40 21 64 63 59
41 21 50 49 46
42 21 44 43 41
43 21 77 76 73
44 21 134 130 124
45 21 162 154 147
46 21 156 148 140
20 22 170 166 163
21 22 174 172 169
22 22 172 172 169
23 22 147 148 145
24 22 95 97 94
25 22 48 48 46
26 22 20 20 19
27 22 15 15 14
28 22 30 30 30
29 22 78 80 78
30 22 94 94 91
31 22 96 96 93
32 22 96 96 93
33 22 95 94 92
34 22 96 95 92
35 22 96 95 93
36 22 93 93 90
37 22 93 93 90
38 22 86 86 83
39 22 61 60 57
40 22 22 21 20
41 22 8 8 7
42 22 16 16 15
43 22 68 67 65
44 22 88 84 80
45 22 138 126 117
46 22 165 151 141
21 23 156 157 154
22 23 124 125 122
23 23 95 97 94
24 23 68 69 67
25 23 21 22 21
26 23 9 9 9
27 23 23 25 25
28 23 55 57 56
29 23 88 89 87
30 23 95 95 93
31 23 95 95 92
32 23 95 95 92
33 23 94 94 91
34 23 94 93 91
35 23 94 93 90
36 23 93 92 89
37 23 94 93 91
38 23 83 82 80
39 23 50 49 47
40 23 22 22 21
41 23 27 27 26
42 23 52 50 48
43 23 75 72 68
44 23 89 83 78
45 23 89 77 70
22 24 103 104 101
23 24 103 104 102
24 24 83 84 82
25 24 61 63 62
26 24 62 63 62
27 24 74 76 75
28 24 85 87 85
29 24 93 94 92
30 24 94 94 91
31 24 95 95 93
32 24 94 94 91
33 24 92 92 89
34 24 94 94 91
35 24 94 93 90
36 24 92 92 89
37 24 93 92 90
38 24 90 89 87
39 24 79 78 76
40 24 69 67 65
41 24 71 67 64
42 24 70 67 63
43 24 89 83 78
23 25 129 131 128
24 25 103 105 103
25 25 93 94 92
26 25 93 94 92
27 25 94 95 93
28 25 94 95 92
29 25 93 94 91
30 25 94 94 92
31 25 91 91 89
32 25 87 87 84
33 25 87 87 84
34 25 91 91 88
35 25 92 91 89
36 25 94 93 91
37 25 92 91 89
38 25 91 90 87
39 25 92 89 85
40 25 87 83 79
41 25 90 85 80
42 25 59 55 51
24 26 129 131 128
25 26 107 109 106
26 26 98 99 96
27 26 95 96 93
28 26 94 94 92
29 26 94 94 92
30 26 83 84 81
31 26 62 62 60
32 26 48 48 46
33 26 47 48 46
34 26 73 73 71
35 26 91 91 88
36 26 93 92 90
37 26 93 91 87
38 26 86 83 79
39 26 98 93 87
40 26 62 57 53
26 27 108 109 106
27 27 101 101 98
28 27 95 95 93
29 27 89 89 87
30 27 55 55 53
31 27 17 17 16
32 27 6 6 5
33 27 23 25 24
34 27 69 70 69
35 27 89 88 86
36 27 90 88 84
37 27 95 91 86
38 27 63 59 56
27 28 118 118 116
28 28 99 99 97
29 28 88 88 86
30 28 54 54 52
31 28 35 35 34
32 28 41 42 41
33 28 60 59 57
34 28 76 75 72
35 28 88 85 82
36 28 117 110 104
28 29 142 143 140
29 29 102 103 100
30 29 85 85 83
31 29 80 79 76
32 29 77 76 72
33 29 73 72 68
34 29 92 88 83
29 30 65 65 63
30 30 96 94 91
31 30 85 81 77
32 30 91 87 81
33 30 61 57 52
31 31 51 48 44
