31 0 139 123 115
30 1 156 146 137
31 1 162 153 147
32 1 172 166 161
28 2 165 157 148
29 2 166 159 151
30 2 171 165 157
31 2 174 169 163
32 2 177 173 167
33 2 178 174 169
34 2 180 177 172
27 3 171 164 156
28 3 173 168 160
29 3 176 171 165
30 3 177 174 167
31 3 178 175 169
32 3 177 174 168
33 3 178 175 170
34 3 181 179 174
35 3 184 182 178
36 3 186 184 182
25 4 173 166 157
26 4 176 171 163
27 4 177 173 167
28 4 181 178 172
29 4 182 180 174
30 4 182 179 174
31 4 180 178 173
32 4 180 178 172
33 4 180 178 172
34 4 181 179 174
35 4 184 183 179
36 4 187 186 183
37 4 189 188 186
38 4 189 188 186
24 5 177 171 164
25 5 179 174 168
26 5 182 179 173
27 5 184 182 177
28 5 185 183 179
29 5 185 184 179
30 5 184 183 178
31 5 184 183 178
32 5 183 182 177
33 5 183 182 177
34 5 184 182 178
35 5 184 183 179
36 5 186 185 182
37 5 188 187 184
38 5 189 189 187
39 5 189 189 188
40 5 189 190 189
22 6 175 168 160
23 6 179 175 168
24 6 182 179 173
25 6 185 184 179
26 6 186 184 180
27 6 186 185 181
28 6 187 186 182
29 6 187 186 183
30 6 187 187 183
31 6 187 186 183
32 6 187 186 183
33 6 186 186 183
34 6 186 186 182
35 6 186 186 182
36 6 186 186 182
37 6 187 187 184
38 6 188 188 185
39 6 191 191 189
40 6 191 192 190
41 6 190 192 190
21 7 177 169 161
22 7 180 176 170
23 7 181 178 173
24 7 177 176 171
25 7 172 171 167
26 7 171 170 166
27 7 180 179 175
28 7 187 187 183
29 7 189 188 185
30 7 189 189 186
31 7 185 185 182
32 7 179 179 176
33 7 174 175 172
34 7 181 182 179
35 7 188 188 185
36 7 189 189 186
37 7 189 189 186
38 7 188 188 185
39 7 185 185 182
40 7 184 185 182
41 7 189 190 188
42 7 192 193 192
43 7 191 193 192
19 8 160 139 125
20 8 176 162 150
21 8 184 176 168
22 8 187 184 179
23 8 177 176 173
24 8 141 141 138
25 8 96 96 93
26 8 91 91 88
27 8 129 129 125
28 8 174 173 170
29 8 188 188 185
30 8 188 188 186
31 8 168 169 166
32 8 124 124 122
33 8 99 100 97
34 8 131 132 129
35 8 171 171 168
36 8 188 189 186
37 8 190 191 188
38 8 180 181 179
39 8 148 149 147
40 8 130 131 127
41 8 155 156 153
42 8 182 183 181
43 8 192 193 192
44 8 193 195 194
45 8 190 193 192
19 9 141 133 119
20 9 172 161 151
21 9 189 181 174
22 9 190 186 181
23 9 178 177 173
24 9 122 122 120
25 9 42 43 42
26 9 20 20 19
27 9 62 62 61
28 9 157 157 155
29 9 188 188 185
30 9 189 189 187
31 9 165 166 163
32 9 90 92 90
33 9 26 27 26
34 9 32 32 31
35 9 129 130 128
36 9 183 184 182
37 9 191 192 190
38 9 174 175 173
39 9 101 103 102
40 9 30 31 30
41 9 46 47 45
42 9 133 135 132
43 9 185 186 184
44 9 195 197 196
45 9 192 194 193
46 9 183 184 182
19 10 59 55 49
20 10 80 77 70
21 10 153 149 144
22 10 186 183 178
23 10 188 184 180
24 10 168 166 162
25 10 141 141 138
26 10 125 126 123
27 10 138 138 135
28 10 178 179 176
29 10 191 191 189
30 10 192 193 190
31 10 186 186 184
32 10 162 163 161
33 10 133 134 132
34 10 119 120 117
35 10 163 164 162
36 10 190 191 189
37 10 194 195 193
38 10 188 190 188
39 10 161 163 161
40 10 122 124 123
41 10 97 99 97
42 10 144 146 145
43 10 186 187 186
44 10 194 196 194
45 10 187 188 187
46 10 167 168 167
19 11 59 55 50
20 11 60 58 54
21 11 56 56 54
22 11 111 112 109
23 11 172 170 167
24 11 188 185 180
25 11 187 184 180
26 11 186 185 181
27 11 187 187 184
28 11 193 193 190
29 11 195 195 192
30 11 195 195 192
31 11 195 195 193
32 11 191 192 189
33 11 188 189 186
34 11 185 186 184
35 11 192 192 190
36 11 196 196 194
37 11 196 197 195
38 11 196 197 195
39 11 191 193 191
40 11 186 187 185
41 11 182 183 181
42 11 189 190 188
43 11 192 193 192
44 11 183 184 182
45 11 150 150 149
46 11 125 125 123
19 12 57 54 50
20 12 56 55 52
21 12 34 34 33
22 12 23 23 23
23 12 51 52 50
24 12 148 148 145
25 12 183 181 176
26 12 195 192 187
27 12 196 194 190
28 12 196 196 193
29 12 197 197 194
30 12 197 197 194
31 12 197 197 194
32 12 197 197 194
33 12 196 196 194
34 12 197 197 195
35 12 197 198 195
36 12 198 198 196
37 12 198 199 196
38 12 197 198 196
39 12 198 199 197
40 12 198 199 196
41 12 199 200 198
42 12 197 198 196
43 12 177 177 175
44 12 161 162 160
45 12 136 136 134
19 13 59 56 52
20 13 55 54 51
21 13 24 25 24
22 13 2 2 2
23 13 15 15 14
24 13 45 46 44
25 13 101 102 99
26 13 165 164 160
27 13 192 189 185
28 13 198 195 190
29 13 199 197 194
30 13 198 198 194
31 13 199 198 195
32 13 198 198 195
33 13 197 197 195
34 13 198 198 195
35 13 198 198 196
36 13 198 199 196
37 13 199 199 197
38 13 199 199 197
39 13 200 201 198
40 13 200 201 199
41 13 198 199 197
42 13 183 184 182
43 13 131 132 129
44 13 149 149 146
45 13 53 53 52
19 14 59 56 52
20 14 59 58 55
21 14 41 41 40
22 14 13 14 13
23 14 6 6 6
24 14 36 37 36
25 14 60 60 58
26 14 62 63 60
27 14 126 127 123
28 14 182 179 175
29 14 197 194 190
30 14 198 196 191
31 14 199 199 195
32 14 200 199 197
33 14 200 200 197
34 14 199 199 197
35 14 200 200 197
36 14 199 200 197
37 14 200 200 198
38 14 201 201 199
39 14 201 201 199
40 14 199 200 198
41 14 183 183 181
42 14 134 135 132
43 14 134 134 131
44 14 135 134 131
18 15 55 51 46
19 15 59 56 52
20 15 61 60 58
21 15 56 56 55
22 15 39 39 38
23 15 25 25 24
24 15 40 40 39
25 15 57 58 56
26 15 62 62 60
27 15 63 63 61
28 15 82 83 81
29 15 157 157 153
30 15 190 188 184
31 15 199 196 192
32 15 199 198 194
33 15 200 200 197
34 15 200 200 197
35 15 201 201 199
36 15 201 201 199
37 15 201 201 198
38 15 202 202 200
39 15 200 200 198
40 15 181 182 179
41 15 131 133 131
42 15 120 120 117
43 15 148 148 144
44 15 134 133 129
18 16 57 53 48
19 16 59 56 52
20 16 61 60 57
21 16 61 61 58
22 16 58 58 56
23 16 53 53 52
24 16 56 56 54
25 16 60 60 58
26 16 61 61 59
27 16 61 62 60
28 16 62 63 61
29 16 63 63 61
30 16 118 119 116
31 16 176 175 171
32 16 196 193 189
33 16 200 198 193
34 16 201 200 196
35 16 202 202 199
36 16 202 202 199
37 16 202 203 200
38 16 200 201 199
39 16 185 186 183
40 16 127 128 126
41 16 132 132 130
42 16 148 147 143
43 16 137 136 132
44 16 58 57 54
18 17 57 53 48
19 17 59 56 52
20 17 60 60 57
21 17 60 60 58
22 17 61 60 58
23 17 60 60 58
24 17 60 60 58
25 17 60 61 58
26 17 60 61 59
27 17 61 61 59
28 17 61 62 59
29 17 61 62 60
30 17 62 63 60
31 17 62 62 60
32 17 147 148 145
33 17 187 184 180
34 17 199 196 191
35 17 201 199 195
36 17 202 201 198
37 17 200 200 197
38 17 182 182 179
39 17 139 140 138
40 17 127 128 125
41 17 155 155 152
42 17 153 151 147
43 17 130 128 123
18 18 57 53 48
19 18 59 56 52
20 18 61 60 57
21 18 61 61 58
22 18 60 60 58
23 18 60 59 57
24 18 60 60 58
25 18 60 60 58
26 18 60 61 58
27 18 60 60 58
28 18 60 60 58
29 18 61 61 59
30 18 61 61 59
31 18 62 62 60
32 18 62 62 60
33 18 99 100 97
34 18 167 166 161
35 18 193 191 186
36 18 195 193 187
37 18 180 179 174
38 18 126 127 124
39 18 122 123 120
40 18 152 152 148
41 18 152 151 147
42 18 139 137 132
43 18 148 145 140
18 19 57 52 47
19 19 58 55 51
20 19 60 59 56
21 19 61 60 58
22 19 60 60 57
23 19 60 59 57
24 19 60 59 57
25 19 59 59 57
26 19 60 60 58
27 19 60 60 58
28 19 60 60 58
29 19 61 61 59
30 19 60 61 58
31 19 61 61 59
32 19 61 62 59
33 19 63 63 61
34 19 64 65 62
35 19 142 144 142
36 19 177 175 170
37 19 116 115 110
38 19 128 129 126
39 19 156 156 152
40 19 152 152 148
41 19 128 127 122
42 19 110 107 102
43 19 153 150 145
18 20 56 50 45
19 20 58 55 51
20 20 61 59 57
21 20 60 59 57
22 20 60 59 57
23 20 59 59 56
24 20 60 59 57
25 20 58 58 56
26 20 59 59 57
27 20 60 60 57
28 20 60 60 58
29 20 60 60 58
30 20 60 60 58
31 20 60 60 58
32 20 60 60 58
33 20 62 63 60
34 20 64 65 62
35 20 168 170 169
36 20 149 145 138
37 20 116 116 113
38 20 158 158 155
39 20 158 158 154
40 20 121 120 116
41 20 112 108 103
42 20 98 93 88
18 21 53 45 40
19 21 57 53 49
20 21 59 57 55
21 21 60 59 56
22 21 59 58 55
23 21 59 59 56
24 21 59 58 56
25 21 59 59 57
26 21 59 59 57
27 21 59 59 56
28 21 59 59 57
29 21 59 59 57
30 21 59 59 57
31 21 60 60 57
32 21 60 60 58
33 21 62 62 59
34 21 99 101 99
35 21 166 167 164
36 21 136 133 128
37 21 157 157 154
38 21 160 160 156
39 21 130 130 126
40 21 89 86 81
41 21 99 95 89
42 21 41 39 36
18 22 47 39 34
19 22 52 47 43
20 22 56 54 51
21 22 58 57 54
22 22 59 58 55
23 22 59 58 55
24 22 59 58 56
25 22 58 58 56
26 22 59 58 56
27 22 59 59 57
28 22 59 58 56
29 22 59 59 56
30 22 58 58 56
31 22 59 59 56
32 22 60 60 58
33 22 61 61 59
34 22 136 138 136
35 22 167 166 161
36 22 159 158 154
37 22 165 164 161
38 22 128 128 124
39 22 93 91 87
40 22 86 81 76
41 22 76 71 66
19 23 46 42 39
20 23 51 49 45
21 23 54 52 49
22 23 57 56 53
23 23 58 57 55
24 23 58 57 54
25 23 58 57 55
26 23 58 58 56
27 23 57 57 55
28 23 58 58 55
29 23 58 58 55
30 23 58 58 56
31 23 58 58 56
32 23 60 59 57
33 23 68 68 66
34 23 163 164 162
35 23 173 171 166
36 23 167 166 163
37 23 140 140 136
38 23 93 92 88
39 23 91 87 83
40 23 73 68 64
21 24 49 46 43
22 24 53 51 48
23 24 56 54 52
24 24 57 56 54
25 24 58 57 54
26 24 57 57 54
27 24 56 56 54
28 24 49 49 48
29 24 48 48 46
30 24 53 53 51
31 24 58 58 55
32 24 60 59 57
33 24 86 87 84
34 24 171 171 168
35 24 170 168 165
36 24 145 145 141
37 24 99 98 95
38 24 97 93 88
39 24 73 69 65
40 24 33 30 28
22 25 45 43 40
23 25 51 48 45
24 25 54 52 49
25 25 57 56 53
26 25 57 57 54
27 25 51 51 49
28 25 28 28 27
29 25 19 19 18
30 25 33 33 31
31 25 51 51 49
32 25 59 58 56
33 25 122 123 120
34 25 168 166 162
35 25 144 143 139
36 25 106 105 102
37 25 92 89 85
38 25 77 73 69
39 25 36 34 31
24 26 50 47 44
25 26 52 50 47
26 26 54 53 50
27 26 51 50 48
28 26 29 28 27
29 26 5 5 5
30 26 11 11 10
31 26 38 38 36
32 26 58 58 55
33 26 150 150 147
34 26 151 148 142
35 26 99 98 94
36 26 104 101 97
37 26 86 82 77
38 26 31 29 27
25 27 44 41 38
26 27 49 47 44
27 27 52 50 47
28 27 43 42 40
29 27 18 18 17
30 27 6 6 6
31 27 25 25 24
32 27 68 68 65
33 27 158 158 155
34 27 120 115 110
35 27 103 100 96
36 27 94 90 86
37 27 37 36 33
27 28 46 44 40
28 28 47 45 42
29 28 40 38 36
30 28 32 31 29
31 28 36 35 33
32 28 100 100 96
33 28 147 145 140
34 28 106 101 95
35 28 91 88 83
36 28 35 34 32
28 29 43 40 37
29 29 45 43 40
30 29 48 46 43
31 29 51 49 46
32 29 131 129 124
33 29 133 127 121
34 29 98 92 87
35 29 31 29 28
30 30 43 41 37
31 30 62 59 54
32 30 140 136 130
33 30 121 113 105
34 30 39 35 32
31 31 86 81 75
32 31 135 129 122
33 31 80 72 66
