34 0 160 153 145
32 1 147 140 133
33 1 170 164 159
34 1 170 165 158
35 1 169 164 156
31 2 156 150 143
32 2 162 157 150
33 2 179 175 170
34 2 175 173 169
35 2 177 174 168
30 3 155 151 144
31 3 165 161 155
32 3 175 171 167
33 3 187 185 182
34 3 173 173 169
35 3 166 164 160
36 3 174 170 165
28 4 153 149 142
29 4 160 156 150
30 4 166 163 157
31 4 175 173 168
32 4 183 182 179
33 4 193 193 190
34 4 182 183 180
35 4 142 143 140
36 4 158 154 149
37 4 178 172 166
27 5 153 149 144
28 5 160 157 152
29 5 169 167 162
30 5 176 175 170
31 5 183 182 179
32 5 193 194 191
33 5 195 195 192
34 5 194 195 192
35 5 168 169 166
36 5 128 127 123
37 5 166 161 157
38 5 178 172 167
25 6 156 153 146
26 6 153 150 144
27 6 161 159 154
28 6 170 169 164
29 6 176 176 172
30 6 181 181 178
31 6 185 186 183
32 6 196 197 196
33 6 196 197 195
34 6 197 197 195
35 6 191 191 189
36 6 157 157 155
37 6 155 154 150
38 6 176 172 168
39 6 180 172 166
24 7 140 137 131
25 7 148 145 140
26 7 159 157 153
27 7 165 164 160
28 7 172 172 169
29 7 172 172 169
30 7 170 170 167
31 7 180 181 179
32 7 195 196 195
33 7 192 193 191
34 7 189 190 187
35 7 195 195 193
36 7 186 187 185
37 7 172 172 169
38 7 177 176 172
39 7 180 176 172
40 7 178 170 165
23 8 130 125 118
24 8 134 131 125
25 8 147 146 141
26 8 148 147 144
27 8 150 150 148
28 8 162 162 160
29 8 141 142 139
30 8 161 162 160
31 8 186 188 186
32 8 196 198 196
33 8 189 190 189
34 8 150 152 149
35 8 178 179 176
36 8 192 192 190
37 8 184 184 182
38 8 180 180 178
39 8 181 179 176
40 8 177 173 169
21 9 146 136 127
22 9 128 121 114
23 9 120 115 109
24 9 131 130 126
25 9 131 131 128
26 9 125 126 123
27 9 146 147 145
28 9 134 136 134
29 9 150 151 149
30 9 177 178 176
31 9 181 183 182
32 9 191 193 193
33 9 197 199 198
34 9 149 150 148
35 9 127 128 125
36 9 182 183 180
37 9 176 177 174
38 9 166 167 164
39 9 178 178 175
40 9 174 172 168
41 9 172 167 162
20 10 152 141 132
21 10 132 122 114
22 10 123 117 111
23 10 129 128 125
24 10 145 145 143
25 10 144 145 142
26 10 161 163 160
27 10 154 155 153
28 10 161 162 160
29 10 174 175 173
30 10 168 169 167
31 10 136 137 135
32 10 164 167 166
33 10 197 200 199
34 10 180 182 181
35 10 109 111 108
36 10 159 160 158
37 10 169 170 167
38 10 122 123 121
39 10 159 160 157
40 10 167 167 164
41 10 160 156 153
42 10 163 156 152
20 11 153 145 138
21 11 145 139 132
22 11 147 146 142
23 11 162 162 159
24 11 168 169 166
25 11 176 177 175
26 11 180 181 179
27 11 177 178 176
28 11 173 174 172
29 11 147 148 146
30 11 107 108 106
31 11 102 103 100
32 11 119 120 117
33 11 167 170 168
34 11 196 198 197
35 11 173 174 172
36 11 161 162 159
37 11 178 179 176
38 11 141 141 138
39 11 118 119 116
40 11 159 160 157
41 11 137 136 133
42 11 148 142 138
43 11 165 158 153
19 12 168 161 154
20 12 157 152 146
21 12 164 162 157
22 12 171 171 168
23 12 177 178 175
24 12 182 183 180
25 12 185 186 184
26 12 183 184 182
27 12 166 167 165
28 12 121 122 120
29 12 71 72 70
30 12 38 38 37
31 12 38 39 37
32 12 75 75 73
33 12 112 112 110
34 12 175 177 176
35 12 198 199 198
36 12 189 189 187
37 12 189 189 187
38 12 175 176 173
39 12 133 133 130
40 12 159 159 157
41 12 145 145 142
42 12 118 114 111
43 12 153 147 142
44 12 162 154 148
19 13 171 165 159
20 13 168 165 159
21 13 173 172 169
22 13 179 179 176
23 13 182 182 180
24 13 185 185 183
25 13 178 179 176
26 13 153 154 151
27 13 118 120 117
28 13 77 78 77
29 13 21 21 21
30 13 1 1 1
31 13 3 4 3
32 13 15 15 15
33 13 85 85 82
34 13 124 124 121
35 13 180 181 180
36 13 198 199 197
37 13 195 194 191
38 13 190 189 187
39 13 175 175 172
40 13 169 169 166
41 13 168 168 165
42 13 128 127 124
43 13 138 134 129
44 13 157 150 145
18 14 176 170 163
19 14 166 162 156
20 14 175 174 170
21 14 179 180 177
22 14 182 182 180
23 14 180 181 178
24 14 166 167 165
25 14 128 129 126
26 14 101 102 100
27 14 102 104 102
28 14 85 87 86
29 14 28 30 29
31 14 1 1 1
32 14 12 12 12
33 14 69 69 67
34 14 110 110 106
35 14 133 133 130
36 14 181 182 180
37 14 198 199 196
38 14 193 193 190
39 14 187 187 184
40 14 180 181 178
41 14 179 178 176
42 14 167 166 163
43 14 150 148 144
44 14 156 152 148
18 15 175 171 164
19 15 173 170 165
20 15 179 178 175
21 15 181 181 178
22 15 176 177 174
23 15 152 153 151
24 15 98 99 96
25 15 50 51 49
26 15 43 44 42
27 15 53 55 53
28 15 83 86 86
29 15 71 74 74
30 15 25 26 26
31 15 21 21 21
32 15 52 52 51
33 15 90 90 87
34 15 110 110 106
35 15 116 115 111
36 15 131 132 128
37 15 183 184 182
38 15 196 196 193
39 15 189 189 186
40 15 178 178 175
41 15 173 173 170
42 15 178 177 174
43 15 171 169 165
44 15 163 161 157
17 16 179 174 166
18 16 170 166 160
19 16 177 176 171
20 16 177 177 174
21 16 166 166 164
22 16 137 138 135
23 16 104 105 103
24 16 49 50 49
25 16 7 7 7
26 16 2 2 2
27 16 2 2 2
28 16 48 50 49
29 16 92 94 93
30 16 86 87 85
31 16 87 88 86
32 16 91 91 88
33 16 107 106 103
34 16 111 111 107
35 16 112 112 108
36 16 115 114 110
37 16 138 138 135
38 16 185 185 183
39 16 192 192 189
40 16 174 174 171
41 16 137 137 134
42 16 167 166 163
43 16 176 174 170
44 16 169 167 163
17 17 173 168 160
18 17 172 169 163
19 17 170 170 166
20 17 149 150 147
21 17 104 105 102
22 17 91 92 90
23 17 91 93 91
24 17 56 59 58
25 17 14 15 15
27 17 3 3 3
28 17 40 41 40
29 17 94 95 92
30 17 108 108 105
31 17 110 110 107
32 17 108 108 105
33 17 111 111 107
34 17 110 110 106
35 17 111 110 105
36 17 111 109 104
37 17 111 109 104
38 17 144 143 139
39 17 184 183 180
40 17 183 182 179
41 17 126 125 122
42 17 128 126 123
43 17 171 169 164
44 17 171 168 164
16 18 162 150 136
17 18 157 151 142
18 18 159 156 150
19 18 130 130 127
20 18 79 80 78
21 18 37 38 36
22 18 38 39 38
23 18 46 48 47
24 18 69 72 71
25 18 56 58 57
26 18 26 27 26
27 18 40 41 39
28 18 72 72 70
29 18 103 103 100
30 18 109 109 105
31 18 111 111 108
32 18 111 111 107
33 18 109 109 105
34 18 111 110 106
35 18 111 110 105
36 18 107 105 100
37 18 109 107 102
38 18 109 107 101
39 18 149 147 142
40 18 185 183 180
41 18 165 163 159
42 18 107 105 102
43 18 156 154 149
44 18 170 168 163
17 19 138 130 119
18 19 121 117 110
19 19 94 93 90
20 19 38 38 37
21 19 4 4 3
22 19 2 2 2
23 19 6 6 6
24 19 58 60 59
25 19 92 93 91
26 19 87 88 85
27 19 90 91 88
28 19 97 97 94
29 19 106 106 103
30 19 109 108 105
31 19 108 108 105
32 19 109 108 105
33 19 107 107 103
34 19 106 106 102
35 19 106 105 100
36 19 99 98 93
37 19 92 91 85
38 19 89 87 82
39 19 103 100 95
40 19 152 150 145
41 19 180 178 174
42 19 157 154 149
43 19 154 151 146
44 19 169 166 161
18 20 124 118 109
19 20 101 98 93
20 20 58 57 55
21 20 17 17 16
22 20 1 1 1
23 20 12 12 12
24 20 62 63 61
25 20 99 100 97
26 20 105 105 102
27 20 106 106 103
28 20 106 106 102
29 20 108 107 104
30 20 106 106 103
31 20 106 105 102
32 20 104 104 100
33 20 106 106 102
34 20 102 102 98
35 20 95 95 90
36 20 67 67 63
37 20 43 42 40
38 20 33 32 30
39 20 62 60 56
40 20 98 96 90
41 20 159 158 153
42 20 178 176 171
43 20 174 171 166
44 20 171 169 163
19 21 118 112 103
20 21 90 87 82
21 21 65 65 63
22 21 43 43 41
23 21 59 60 58
24 21 83 84 81
25 21 104 104 101
26 21 105 105 102
27 21 107 107 104
28 21 107 107 104
29 21 106 106 103
30 21 106 106 102
31 21 104 104 100
32 21 103 103 99
33 21 103 103 99
34 21 98 98 94
35 21 77 77 74
36 21 28 28 26
37 21 5 5 4
38 21 2 2 1
39 21 14 13 12
40 21 69 67 63
41 21 107 105 100
42 21 159 156 151
43 21 177 174 169
44 21 174 171 166
20 22 112 107 99
21 22 102 99 95
22 22 94 93 90
23 22 96 96 93
24 22 101 101 98
25 22 105 105 102
26 22 107 107 104
27 22 107 107 103
28 22 107 106 103
29 22 105 105 101
30 22 104 104 100
31 22 95 95 92
32 22 87 87 84
33 22 77 77 74
34 22 79 79 76
35 22 79 79 76
36 22 33 34 32
37 22 4 4 4
38 22 1 1 1
39 22 9 9 8
40 22 59 57 53
41 22 93 90 85
42 22 105 101 95
43 22 152 146 139
44 22 166 160 153
21 23 118 112 105
22 23 108 105 100
23 23 104 103 99
24 23 106 105 102
25 23 105 105 102
26 23 106 106 103
27 23 104 104 100
28 23 104 104 101
29 23 103 103 99
30 23 100 100 97
31 23 74 74 71
32 23 41 41 40
33 23 23 23 22
34 23 26 27 25
35 23 64 64 62
36 23 69 69 66
37 23 42 42 40
38 23 31 31 29
39 23 50 49 45
40 23 79 76 71
41 23 92 88 83
42 23 94 89 83
43 23 101 93 85
44 23 142 132 123
22 24 118 112 105
23 24 107 104 99
24 24 104 103 100
25 24 104 103 100
26 24 104 104 101
27 24 100 100 97
28 24 101 101 98
29 24 97 96 93
30 24 96 96 93
31 24 55 55 53
32 24 9 10 9
34 24 1 1 1
35 24 32 32 31
36 24 81 80 77
37 24 82 80 77
38 24 79 77 73
39 24 85 82 77
40 24 88 84 79
41 24 77 73 67
42 24 86 80 74
43 24 45 41 37
23 25 113 108 100
24 25 106 103 98
25 25 103 102 99
26 25 102 101 98
27 25 84 84 81
28 25 71 71 69
29 25 68 68 65
30 25 74 75 72
31 25 72 72 70
32 25 35 36 35
33 25 9 10 9
34 25 7 6 6
35 25 45 44 41
36 25 85 84 80
37 25 93 91 86
38 25 88 85 80
39 25 83 79 74
40 25 83 78 73
41 25 48 45 41
24 26 116 110 103
25 26 104 101 96
26 26 93 92 89
27 26 49 49 47
28 26 19 19 18
29 26 16 16 15
30 26 25 24 23
31 26 67 67 65
32 26 77 77 75
33 26 54 54 52
34 26 59 58 55
35 26 79 78 74
36 26 90 88 83
37 26 88 85 80
38 26 81 78 73
39 26 106 102 95
25 27 117 111 104
26 27 89 86 82
27 27 36 35 33
28 27 5 5 4
29 27 1 1 1
30 27 7 7 7
31 27 61 61 59
32 27 90 89 86
33 27 89 87 84
34 27 90 88 84
35 27 89 86 81
36 27 82 79 75
37 27 87 83 78
26 28 102 95 88
27 28 60 55 50
28 28 35 34 32
29 28 19 19 18
30 28 37 37 35
31 28 76 75 72
32 28 92 90 86
33 28 92 89 85
34 28 81 78 73
35 28 89 86 80
36 28 51 48 45
27 29 95 86 79
28 29 85 80 75
29 29 75 72 68
30 29 82 80 76
31 29 87 84 80
32 29 83 80 76
33 29 87 83 78
34 29 54 51 47
28 30 103 94 86
29 30 92 85 78
30 30 84 79 74
31 30 79 75 71
32 30 104 99 94
29 31 89 78 69
30 31 83 75 68
