31 0 166 161 152
32 0 180 180 176
29 1 176 175 171
30 1 169 168 163
31 1 180 176 170
32 1 189 188 185
33 1 192 191 189
34 1 183 182 180
28 2 158 159 156
29 2 165 165 162
30 2 171 171 168
31 2 184 181 176
32 2 196 192 189
33 2 200 191 189
34 2 195 189 186
35 2 184 183 181
27 3 159 160 157
28 3 159 159 157
29 3 146 147 144
30 3 144 145 142
31 3 183 180 176
32 3 197 193 189
33 3 204 187 185
34 3 203 182 179
35 3 195 185 183
36 3 186 182 180
26 4 157 157 154
27 4 161 162 159
28 4 137 138 136
29 4 78 79 77
30 4 121 122 119
31 4 182 179 175
32 4 198 194 191
33 4 204 189 187
34 4 207 173 171
35 4 205 174 172
36 4 195 180 178
37 4 184 179 177
24 5 169 169 166
25 5 159 159 156
26 5 168 168 165
27 5 161 162 159
28 5 97 98 95
29 5 91 91 89
30 5 156 156 153
31 5 186 183 179
32 5 198 194 190
33 5 205 186 185
34 5 208 167 167
35 5 208 156 156
36 5 205 162 161
37 5 194 174 172
38 5 180 177 174
23 6 142 142 139
24 6 161 161 158
25 6 167 168 165
26 6 172 173 170
27 6 161 162 159
28 6 127 128 126
29 6 159 159 157
30 6 180 180 177
31 6 188 185 181
32 6 199 195 191
33 6 205 190 189
34 6 206 169 169
35 6 206 163 164
36 6 205 158 158
37 6 199 172 170
38 6 185 180 177
39 6 177 179 176
22 7 150 150 147
23 7 156 156 153
24 7 166 167 164
25 7 170 171 168
26 7 172 173 170
27 7 171 172 169
28 7 170 170 167
29 7 179 179 176
30 7 184 184 181
31 7 186 184 180
32 7 199 195 191
33 7 204 189 188
34 7 206 162 162
35 7 205 166 167
36 7 200 179 178
37 7 193 185 183
38 7 186 185 182
39 7 180 181 178
40 7 173 175 172
21 8 137 138 136
22 8 146 147 145
23 8 151 153 150
24 8 167 168 165
25 8 170 170 167
26 8 170 171 168
27 8 174 174 172
28 8 178 179 176
29 8 181 181 178
30 8 183 183 180
31 8 185 183 179
32 8 199 194 190
33 8 203 190 188
34 8 205 165 164
35 8 203 168 167
36 8 197 185 184
37 8 188 188 185
38 8 184 186 183
39 8 182 185 182
40 8 178 180 177
41 8 173 175 171
42 8 159 160 155
19 9 152 152 150
20 9 145 147 145
21 9 132 133 131
22 9 103 104 102
23 9 128 129 126
24 9 163 164 161
25 9 155 156 153
26 9 143 144 142
27 9 167 169 166
28 9 179 179 177
29 9 176 177 174
30 9 174 174 171
31 9 181 179 176
32 9 198 193 189
33 9 202 190 187
34 9 202 163 162
35 9 201 174 173
36 9 196 186 185
37 9 179 179 177
38 9 168 171 168
39 9 179 181 178
40 9 181 183 180
41 9 177 178 175
42 9 166 167 163
43 9 146 142 134
19 10 154 157 155
20 10 145 147 145
21 10 111 112 110
22 10 70 71 70
23 10 136 137 134
24 10 147 147 144
25 10 95 96 93
26 10 88 90 88
27 10 163 164 161
28 10 171 172 169
29 10 140 141 138
30 10 121 122 120
31 10 167 164 161
32 10 197 191 187
33 10 201 189 187
34 10 200 142 139
35 10 201 144 143
36 10 197 178 177
37 10 173 171 169
38 10 119 121 118
39 10 154 157 154
40 10 180 182 179
41 10 179 181 178
42 10 171 171 166
43 10 159 155 148
19 11 146 148 146
20 11 138 140 138
21 11 89 91 89
22 11 119 120 118
23 11 151 152 149
24 11 120 121 118
25 11 52 53 51
26 11 122 123 120
27 11 165 166 163
28 11 146 147 144
29 11 59 59 57
30 11 89 88 86
31 11 168 165 162
32 11 196 190 185
33 11 200 189 185
34 11 199 147 143
35 11 198 115 113
36 11 198 163 162
37 11 185 181 179
38 11 130 131 128
39 11 102 105 102
40 11 167 170 167
41 11 180 182 179
42 11 175 176 172
43 11 166 163 157
19 12 148 150 148
20 12 149 150 147
21 12 138 138 135
22 12 154 154 152
23 12 154 154 151
24 12 107 107 104
25 12 109 109 106
26 12 160 160 158
27 12 163 163 160
28 12 97 97 95
29 12 45 45 44
30 12 135 134 131
31 12 180 177 173
32 12 193 185 178
33 12 195 189 184
34 12 198 171 166
35 12 197 132 131
36 12 197 135 134
37 12 194 180 178
38 12 169 169 167
39 12 104 106 104
40 12 146 149 146
41 12 180 182 178
42 12 179 180 176
43 12 170 168 162
44 12 161 156 146
19 13 146 147 144
20 13 160 160 156
21 13 159 159 156
22 13 163 163 160
23 13 158 159 156
24 13 150 150 147
25 13 157 157 154
26 13 172 171 168
27 13 164 163 160
28 13 102 101 98
29 13 120 119 116
30 13 168 166 163
31 13 176 171 167
32 13 164 153 145
33 13 180 174 167
34 13 192 183 178
35 13 196 166 162
36 13 196 138 135
37 13 196 164 162
38 13 189 185 182
39 13 168 170 167
40 13 162 164 161
41 13 179 181 178
42 13 180 182 178
43 13 173 172 167
44 13 166 162 153
19 14 145 145 142
20 14 163 163 159
21 14 163 163 160
22 14 162 162 159
23 14 164 164 161
24 14 167 167 164
25 14 171 171 168
26 14 174 173 170
27 14 172 171 168
28 14 164 163 160
29 14 169 168 164
30 14 167 164 159
31 14 134 128 123
32 14 72 67 62
33 14 128 121 113
34 14 172 167 161
35 14 190 183 178
36 14 194 173 169
37 14 195 156 154
38 14 193 178 176
39 14 188 188 186
40 14 184 186 183
41 14 183 185 182
42 14 182 183 180
43 14 176 176 171
44 14 170 165 157
18 15 143 144 143
19 15 151 151 149
20 15 164 163 160
21 15 158 158 154
22 15 149 150 146
23 15 157 158 155
24 15 168 168 165
25 15 172 171 168
26 15 175 174 170
27 15 178 177 173
28 15 175 174 169
29 15 158 156 151
30 15 107 104 99
31 15 54 52 49
32 15 37 35 32
33 15 47 45 42
34 15 93 89 84
35 15 163 158 152
36 15 186 181 177
37 15 192 178 174
38 15 194 173 170
39 15 191 186 183
40 15 189 190 187
41 15 186 188 184
42 15 184 185 182
43 15 179 179 174
44 15 173 168 161
18 16 146 147 144
19 16 155 155 153
20 16 159 159 156
21 16 132 132 129
22 16 95 96 93
23 16 142 142 139
24 16 169 168 165
25 16 173 172 167
26 16 176 174 170
27 16 172 170 165
28 16 145 142 137
29 16 80 78 73
30 16 33 32 30
31 16 14 14 13
32 16 11 10 9
33 16 14 13 12
34 16 34 33 31
35 16 75 72 68
36 16 148 144 138
37 16 182 179 173
38 16 190 182 178
39 16 191 185 182
40 16 189 190 187
41 16 188 189 186
42 16 185 186 183
43 16 181 181 176
44 16 176 171 164
18 17 148 148 146
19 17 155 155 152
20 17 143 143 139
21 17 75 74 72
22 17 69 69 66
23 17 149 147 143
24 17 170 168 164
25 17 174 172 167
26 17 163 161 157
27 17 131 128 124
28 17 72 70 67
29 17 48 47 45
30 17 21 20 19
31 17 3 2 2
33 17 4 4 4
34 17 25 25 24
35 17 54 53 50
36 17 66 64 60
37 17 132 128 121
38 17 173 169 163
39 17 186 184 180
40 17 189 189 186
41 17 188 189 186
42 17 186 187 183
43 17 183 183 179
44 17 177 173 166
45 17 172 160 148
18 18 162 161 158
19 18 152 152 148
20 18 125 124 120
21 18 46 45 43
22 18 119 117 113
23 18 163 161 156
24 18 169 167 163
25 18 152 151 147
26 18 100 98 95
27 18 67 66 63
28 18 58 57 55
29 18 52 52 50
30 18 36 36 34
31 18 21 21 20
32 18 16 16 15
33 18 26 26 25
34 18 42 42 40
35 18 57 56 54
36 18 62 61 57
37 18 67 66 62
38 18 104 101 95
39 18 164 160 154
40 18 184 183 178
41 18 187 187 183
42 18 188 188 184
43 18 185 185 181
44 18 179 176 170
45 18 174 164 155
18 19 160 158 154
19 19 152 150 145
20 19 129 128 123
21 19 118 116 111
22 19 154 152 147
23 19 163 162 158
24 19 135 135 132
25 19 77 77 74
26 19 60 60 57
27 19 59 59 56
28 19 58 58 56
29 19 62 62 60
30 19 55 55 53
31 19 49 48 47
32 19 47 47 45
33 19 52 52 50
34 19 57 57 55
35 19 63 62 59
36 19 62 61 58
37 19 61 60 56
38 19 63 61 57
39 19 83 81 76
40 19 150 147 141
41 19 180 178 173
42 19 184 184 180
43 19 185 185 181
44 19 180 177 171
45 19 175 167 158
18 20 163 161 157
19 20 156 154 149
20 20 155 153 147
21 20 158 156 152
22 20 152 152 148
23 20 112 112 109
24 20 68 68 65
25 20 57 57 54
26 20 59 59 56
27 20 60 60 58
28 20 63 63 60
29 20 61 61 59
30 20 60 60 58
31 20 59 59 57
32 20 59 58 56
33 20 62 62 60
34 20 63 63 60
35 20 62 62 59
36 20 59 59 56
37 20 59 58 55
38 20 64 63 60
39 20 65 64 61
40 20 66 65 61
41 20 133 130 125
42 20 170 168 162
43 20 182 181 176
44 20 179 176 171
45 20 175 166 158
18 21 159 157 152
19 21 159 157 152
20 21 157 156 152
21 21 137 138 135
22 21 77 78 76
23 21 38 38 36
24 21 32 32 31
25 21 34 34 33
26 21 47 47 46
27 21 60 60 58
28 21 62 62 59
29 21 61 61 59
30 21 61 61 59
31 21 61 61 58
32 21 63 63 61
33 21 64 63 61
34 21 62 61 59
35 21 60 60 57
36 21 60 59 57
37 21 60 59 57
38 21 50 50 47
39 21 37 36 34
40 21 34 33 31
41 21 47 46 44
42 21 104 101 97
43 21 161 158 152
44 21 175 170 163
45 21 171 160 151
18 22 145 144 140
19 22 149 150 147
20 22 121 123 120
21 22 72 73 71
22 22 32 33 31
23 22 8 8 8
24 22 4 4 4
25 22 7 7 7
26 22 32 32 32
27 22 57 57 56
28 22 62 62 60
29 22 62 62 60
30 22 61 61 59
31 22 64 64 61
32 22 64 64 61
33 22 62 62 60
34 22 61 60 58
35 22 61 61 59
36 22 61 61 59
37 22 53 53 50
38 22 26 25 23
39 22 9 9 8
40 22 6 6 5
41 22 11 11 10
42 22 44 44 42
43 22 86 83 79
44 22 146 137 129
45 22 165 151 141
18 23 55 56 55
19 23 103 105 103
20 23 68 69 67
21 23 59 60 58
22 23 37 38 37
23 23 15 16 16
24 23 11 12 12
25 23 20 21 21
26 23 42 43 43
27 23 58 59 58
28 23 62 62 60
29 23 62 62 60
30 23 65 64 62
31 23 64 63 61
32 23 63 62 60
33 23 61 60 58
34 23 61 61 59
35 23 63 63 61
36 23 62 62 60
37 23 52 51 50
38 23 26 26 24
39 23 11 10 10
40 23 8 8 8
41 23 19 19 18
42 23 47 46 44
43 23 66 63 60
44 23 65 59 54
45 23 146 129 117
20 24 62 63 61
21 24 62 63 61
22 24 56 57 56
23 24 48 49 48
24 24 46 48 47
25 24 51 53 52
26 24 57 58 57
27 24 62 62 60
28 24 62 62 60
29 24 64 64 63
30 24 64 64 62
31 24 63 63 61
32 24 62 62 60
33 24 61 61 59
34 24 62 62 60
35 24 65 64 62
36 24 64 63 61
37 24 59 59 57
38 24 50 50 48
39 24 46 46 44
40 24 44 43 41
41 24 50 47 45
42 24 57 54 50
43 24 58 53 49
44 24 59 53 48
22 25 63 64 62
23 25 63 64 62
24 25 63 64 62
25 25 63 64 62
26 25 63 64 62
27 25 63 63 61
28 25 65 65 63
29 25 63 64 62
30 25 61 61 59
31 25 56 56 54
32 25 56 56 54
33 25 58 58 56
34 25 63 63 61
35 25 64 64 62
36 25 64 64 62
37 25 62 62 60
38 25 63 63 60
39 25 65 63 61
40 25 61 58 55
41 25 57 54 50
42 25 58 54 51
23 26 64 65 63
24 26 64 65 63
25 26 64 65 63
26 26 64 64 62
27 26 66 66 64
28 26 64 64 62
29 26 59 59 57
30 26 41 41 40
31 26 28 28 27
32 26 28 29 28
33 26 37 37 35
34 26 56 56 54
35 26 64 64 62
36 26 63 63 61
37 26 63 62 59
38 26 65 62 59
39 26 62 59 55
40 26 61 57 53
25 27 64 65 63
26 27 68 68 66
27 27 66 67 65
28 27 64 65 63
29 27 51 51 50
30 27 20 20 19
31 27 3 3 3
32 27 3 4 4
33 27 18 19 18
34 27 50 50 49
35 27 62 62 59
36 27 63 61 59
37 27 66 63 59
38 27 63 59 55
27 28 64 65 63
28 28 64 64 62
29 28 57 57 55
30 28 37 37 36
31 28 24 24 24
32 28 26 27 26
33 28 36 37 35
34 28 54 54 52
35 28 61 59 56
36 28 62 59 55
37 28 62 58 54
28 29 64 65 63
29 29 63 64 62
30 29 62 62 61
31 29 57 57 55
32 29 57 56 53
33 29 56 55 52
34 29 59 57 53
35 29 60 58 55
30 30 63 62 60
31 30 59 57 53
32 30 60 57 53
33 30 61 57 52
32 31 49 45 40
