33 0 145 132 124
32 1 159 151 144
33 1 166 159 153
34 1 173 168 164
30 2 163 157 149
31 2 166 160 152
32 2 172 167 160
33 2 179 175 169
34 2 182 179 176
35 2 181 178 175
28 3 157 151 142
29 3 165 160 152
30 3 169 165 158
31 3 174 171 164
32 3 178 175 169
33 3 184 182 177
34 3 188 187 184
35 3 182 181 178
27 4 163 158 151
28 4 169 164 158
29 4 173 170 164
30 4 177 174 168
31 4 180 178 172
32 4 184 182 177
33 4 188 187 183
34 4 195 195 192
35 4 191 191 188
36 4 169 167 164
25 5 162 158 151
26 5 168 164 158
27 5 171 168 162
28 5 176 174 169
29 5 180 178 173
30 5 182 181 176
31 5 185 184 179
32 5 187 187 183
33 5 192 191 188
34 5 197 197 195
35 5 197 198 196
36 5 168 168 166
24 6 164 161 154
25 6 169 166 161
26 6 174 171 166
27 6 178 176 172
28 6 181 180 176
29 6 183 183 179
30 6 186 186 182
31 6 189 188 185
32 6 191 191 188
33 6 194 194 191
34 6 198 198 195
35 6 203 204 202
36 6 188 189 187
37 6 174 172 169
22 7 155 150 143
23 7 161 158 152
24 7 168 166 161
25 7 174 172 168
26 7 178 177 173
27 7 177 177 173
28 7 175 175 172
29 7 183 183 181
30 7 189 190 187
31 7 189 189 187
32 7 183 183 181
33 7 175 175 172
34 7 189 190 187
35 7 204 205 204
36 7 198 199 198
37 7 177 176 172
38 7 145 145 145
20 8 154 147 140
21 8 154 149 144
22 8 147 143 138
23 8 142 140 136
24 8 161 161 157
25 8 174 174 170
26 8 165 165 162
27 8 137 138 135
28 8 128 129 126
29 8 176 177 174
30 8 187 188 186
31 8 165 166 164
32 8 116 117 115
33 8 100 101 98
34 8 176 177 175
35 8 203 205 203
36 8 205 207 206
37 8 187 188 185
38 8 159 157 155
19 9 154 143 134
20 9 156 150 144
21 9 136 133 129
22 9 95 93 89
23 9 116 116 113
24 9 164 164 161
25 9 162 163 160
26 9 107 108 105
27 9 81 81 79
28 9 145 146 144
29 9 181 182 180
30 9 169 170 168
31 9 96 97 96
32 9 78 80 79
33 9 156 158 156
34 9 194 196 194
35 9 202 203 202
36 9 200 201 200
37 9 196 198 197
38 9 164 164 162
39 9 154 151 149
18 10 166 153 143
19 10 164 154 146
20 10 151 146 141
21 10 103 102 99
22 10 110 111 108
23 10 158 158 156
24 10 175 175 173
25 10 153 154 152
26 10 119 120 118
27 10 160 161 159
28 10 187 188 185
29 10 188 189 187
30 10 167 169 168
31 10 146 148 147
32 10 173 174 173
33 10 194 195 194
34 10 199 200 198
35 10 190 190 189
36 10 180 181 179
37 10 190 193 192
38 10 190 192 190
39 10 158 156 153
18 11 173 164 156
19 11 172 165 158
20 11 161 158 154
21 11 155 155 152
22 11 170 170 167
23 11 181 181 178
24 11 182 183 180
25 11 179 179 177
26 11 182 182 180
27 11 190 191 189
28 11 194 195 193
29 11 195 196 194
30 11 194 195 193
31 11 197 198 196
32 11 196 197 195
33 11 187 188 186
34 11 166 167 165
35 11 148 149 147
36 11 161 162 159
37 11 176 178 176
38 11 193 195 194
39 11 176 176 174
40 11 143 142 141
18 12 176 168 159
19 12 178 172 166
20 12 179 177 173
21 12 181 181 178
22 12 184 184 181
23 12 187 187 184
24 12 188 188 185
25 12 190 191 188
26 12 193 193 191
27 12 195 195 193
28 12 197 197 195
29 12 199 200 198
30 12 198 199 197
31 12 194 195 193
32 12 174 175 173
33 12 131 133 130
34 12 73 75 72
35 12 59 60 58
36 12 93 94 91
37 12 160 160 157
38 12 183 185 183
39 12 192 193 192
40 12 156 155 152
41 12 151 147 144
19 13 182 176 170
20 13 183 181 177
21 13 185 184 181
22 13 187 187 184
23 13 188 189 186
24 13 191 191 189
25 13 192 193 190
26 13 195 195 193
27 13 197 198 196
28 13 198 198 196
29 13 195 195 193
30 13 182 183 181
31 13 167 168 166
32 13 130 131 130
33 13 47 49 48
34 13 3 3 3
35 13 3 3 3
36 13 17 17 16
37 13 123 123 120
38 13 169 169 166
39 13 188 190 188
40 13 180 181 179
41 13 148 145 141
19 14 183 178 172
20 14 186 184 180
21 14 188 188 184
22 14 189 189 186
23 14 191 192 189
24 14 193 193 191
25 14 196 196 194
26 14 196 197 194
27 14 193 194 192
28 14 183 184 182
29 14 158 159 157
30 14 146 147 145
31 14 150 152 150
32 14 132 135 133
33 14 48 50 49
34 14 1 1 1
36 14 36 35 34
37 14 119 119 115
38 14 160 160 156
39 14 173 174 170
40 14 188 189 187
41 14 170 168 165
42 14 146 143 141
19 15 185 180 173
20 15 188 186 181
21 15 189 189 186
22 15 191 191 188
23 15 193 193 191
24 15 194 195 192
25 15 192 193 190
26 15 186 187 185
27 15 166 167 164
28 15 124 125 122
29 15 66 67 65
30 15 65 65 64
31 15 89 91 90
32 15 135 139 138
33 15 107 110 110
34 15 40 41 40
35 15 57 58 56
36 15 103 104 101
37 15 146 146 143
38 15 162 161 157
39 15 163 163 159
40 15 179 180 177
41 15 185 185 182
42 15 154 153 150
19 16 187 182 175
20 16 189 187 182
21 16 191 191 188
22 16 193 193 191
23 16 193 193 191
24 16 189 190 187
25 16 175 176 173
26 16 160 161 159
27 16 118 119 117
28 16 36 37 36
29 16 3 3 3
30 16 5 5 5
31 16 21 21 21
32 16 116 119 117
33 16 146 148 147
34 16 131 133 130
35 16 139 139 137
36 16 146 146 142
37 16 156 155 152
38 16 159 159 155
39 16 160 159 155
40 16 164 164 159
41 16 181 181 178
42 16 178 176 173
43 16 156 152 148
19 17 187 182 173
20 17 189 187 181
21 17 190 190 186
22 17 187 188 185
23 17 175 176 173
24 17 150 152 149
25 17 141 142 139
26 17 142 144 142
27 17 118 122 120
28 17 37 40 39
30 17 1 1 1
31 17 43 44 43
32 17 122 123 120
33 17 153 154 151
34 17 156 156 153
35 17 156 156 153
36 17 156 156 152
37 17 157 157 153
38 17 155 154 150
39 17 156 154 149
40 17 158 156 151
41 17 165 164 159
42 17 178 177 173
43 17 172 170 166
19 18 182 175 165
20 18 183 179 172
21 18 180 179 175
22 18 160 161 158
23 18 115 116 113
24 18 56 57 55
25 18 59 60 58
26 18 74 76 74
27 18 114 118 116
28 18 93 97 95
29 18 42 43 42
30 18 62 63 61
31 18 106 107 104
32 18 143 144 140
33 18 155 155 152
34 18 156 155 152
35 18 155 155 151
36 18 155 155 151
37 18 154 153 149
38 18 153 151 146
39 18 151 149 144
40 18 153 151 145
41 18 153 151 145
42 18 168 167 162
43 18 179 178 173
44 18 164 161 157
19 19 170 161 149
20 19 172 166 157
21 19 157 155 150
22 19 114 115 111
23 19 35 36 34
24 19 2 2 2
25 19 3 3 2
26 19 19 20 19
27 19 104 107 105
28 19 141 143 140
29 19 133 134 130
30 19 136 137 134
31 19 144 144 141
32 19 152 152 148
33 19 154 154 151
34 19 154 153 150
35 19 152 152 148
36 19 151 151 147
37 19 150 149 145
38 19 145 144 139
39 19 135 134 129
40 19 127 125 119
41 19 127 125 119
42 19 149 147 141
43 19 169 167 162
44 19 175 174 169
20 20 155 148 137
21 20 155 152 145
22 20 120 119 116
23 20 46 46 45
24 20 3 3 3
25 20 6 6 6
26 20 46 47 45
27 20 120 121 118
28 20 149 149 146
29 20 152 152 148
30 20 153 153 149
31 20 153 152 149
32 20 152 152 149
33 20 153 152 149
34 20 152 151 147
35 20 150 150 146
36 20 148 148 144
37 20 144 144 140
38 20 123 123 118
39 20 81 80 76
40 20 47 46 43
41 20 51 50 46
42 20 122 119 113
43 20 158 156 150
44 20 171 169 164
45 20 172 169 164
21 21 152 146 136
22 21 135 131 125
23 21 104 104 101
24 21 61 61 59
25 21 73 74 72
26 21 108 109 106
27 21 140 141 138
28 21 151 151 148
29 21 152 151 148
30 21 152 152 148
31 21 152 151 148
32 21 151 150 147
33 21 149 149 145
34 21 146 146 142
35 21 145 145 141
36 21 142 142 138
37 21 133 133 129
38 21 73 73 70
39 21 15 15 14
41 21 10 10 9
42 21 87 85 80
43 21 138 135 129
44 21 155 152 147
45 21 170 166 161
22 22 154 148 139
23 22 146 144 139
24 22 136 136 133
25 22 138 138 135
26 22 143 142 139
27 22 149 149 146
28 22 150 150 147
29 22 151 151 147
30 22 150 150 146
31 22 149 149 145
32 22 148 148 144
33 22 140 140 136
34 22 128 128 124
35 22 114 114 111
36 22 105 105 102
37 22 125 125 121
38 22 80 81 77
39 22 15 15 14
40 22 7 7 7
41 22 34 33 31
42 22 99 96 91
43 22 132 128 122
44 22 136 131 124
45 22 142 135 127
46 22 163 157 151
22 23 60 55 49
23 23 160 154 147
24 23 148 146 141
25 23 149 148 145
26 23 150 149 146
27 23 149 148 145
28 23 149 149 145
29 23 149 149 146
30 23 148 148 145
31 23 148 147 144
32 23 144 143 140
33 23 117 117 114
34 23 67 68 65
35 23 33 33 32
36 23 25 25 24
37 23 89 90 86
38 23 116 116 112
39 23 80 79 76
40 23 76 75 71
41 23 103 100 95
42 23 125 121 115
43 23 129 124 117
44 23 110 104 97
45 23 94 86 78
23 24 61 56 51
24 24 157 152 146
25 24 148 146 141
26 24 148 147 144
27 24 148 148 145
28 24 148 147 144
29 24 146 145 142
30 24 144 144 140
31 24 142 142 138
32 24 136 137 133
33 24 81 81 79
34 24 12 12 11
35 24 1 1 1
36 24 7 7 6
37 24 70 69 66
38 24 126 125 120
39 24 127 125 120
40 24 126 123 117
41 24 125 120 115
42 24 116 110 104
43 24 105 99 92
44 24 45 42 38
24 25 140 133 123
25 25 154 149 143
26 25 147 145 141
27 25 147 146 143
28 25 139 139 136
29 25 122 122 119
30 25 106 107 103
31 25 107 106 102
32 25 117 117 114
33 25 106 107 104
34 25 42 42 41
35 25 18 18 17
36 25 44 43 40
37 25 102 101 96
38 25 129 127 121
39 25 129 126 120
40 25 121 117 110
41 25 104 99 93
42 25 48 44 41
25 26 147 140 131
26 26 147 143 137
27 26 142 141 137
28 26 116 116 112
29 26 56 56 55
30 26 23 23 22
31 26 30 29 27
32 26 64 63 61
33 26 122 122 119
34 26 108 108 105
35 26 95 94 91
36 26 113 111 106
37 26 126 124 118
38 26 125 121 115
39 26 108 104 99
40 26 51 49 45
26 27 150 143 135
27 27 139 135 130
28 27 88 87 84
29 27 15 15 14
30 27 1 1 1
31 27 3 3 2
32 27 69 69 66
33 27 126 125 122
34 27 134 132 129
35 27 130 127 122
36 27 128 124 119
37 27 111 107 102
38 27 91 87 82
27 28 143 134 126
28 28 92 86 81
29 28 52 51 48
30 28 28 27 26
31 28 58 57 55
32 28 106 105 101
33 28 131 128 124
34 28 131 128 123
35 28 113 109 104
36 28 104 101 95
37 28 49 46 43
27 29 54 47 42
28 29 134 125 116
29 29 119 115 109
30 29 111 108 103
31 29 120 118 113
32 29 125 122 117
33 29 120 117 111
34 29 111 107 101
35 29 51 48 45
28 30 55 48 43
29 30 138 128 119
30 30 127 120 113
31 30 122 117 110
32 30 106 102 96
33 30 52 50 46
29 31 132 116 103
30 31 110 98 89
31 31 53 47 43
