28 0 172 175 173
29 0 183 186 184
30 0 192 195 193
27 1 182 185 183
28 1 187 189 188
29 1 190 192 190
30 1 193 195 193
31 1 194 195 193
26 2 183 186 183
27 2 190 191 189
28 2 194 190 188
29 2 199 189 187
30 2 198 194 192
31 2 196 196 194
32 2 195 197 195
33 2 195 196 194
25 3 182 185 183
26 3 189 190 188
27 3 192 191 189
28 3 201 184 181
29 3 208 165 162
30 3 206 178 177
31 3 202 190 188
32 3 198 194 192
33 3 196 197 195
34 3 198 199 197
35 3 199 200 198
24 4 183 185 183
25 4 188 189 187
26 4 193 188 186
27 4 198 183 181
28 4 200 184 183
29 4 207 166 165
30 4 211 144 144
31 4 209 163 162
32 4 207 177 175
33 4 203 188 187
34 4 200 196 195
35 4 200 200 198
36 4 200 201 199
23 5 182 184 183
24 5 188 189 187
25 5 192 187 185
26 5 199 178 176
27 5 204 158 157
28 5 205 159 159
29 5 206 163 165
30 5 208 154 156
31 5 210 136 135
32 5 210 143 142
33 5 209 164 162
34 5 206 189 187
35 5 201 200 197
36 5 200 202 200
37 5 200 202 200
38 5 200 203 200
22 6 182 184 182
23 6 187 187 186
24 6 192 188 186
25 6 198 178 176
26 6 203 158 158
27 6 203 168 169
28 6 204 163 165
29 6 205 153 154
30 6 205 167 167
31 6 204 178 177
32 6 203 185 184
33 6 202 192 190
34 6 200 195 193
35 6 199 200 197
36 6 199 201 199
37 6 201 203 200
38 6 201 203 200
39 6 203 205 202
40 6 204 206 203
21 7 182 184 182
22 7 187 186 184
23 7 190 185 183
24 7 196 176 175
25 7 200 153 153
26 7 203 151 152
27 7 203 165 167
28 7 201 173 173
29 7 198 183 183
30 7 197 189 187
31 7 194 193 191
32 7 194 195 193
33 7 196 197 195
34 7 197 198 196
35 7 198 200 198
36 7 199 201 199
37 7 201 203 200
38 7 201 203 201
39 7 203 204 201
40 7 203 205 202
41 7 204 206 202
20 8 181 182 180
21 8 186 185 183
22 8 190 183 181
23 8 194 169 167
24 8 198 161 161
25 8 199 141 141
26 8 200 150 150
27 8 198 180 179
28 8 193 184 183
29 8 189 188 186
30 8 188 189 187
31 8 189 191 189
32 8 192 195 192
33 8 195 197 195
34 8 197 199 196
35 8 198 200 197
36 8 200 201 199
37 8 201 202 200
38 8 202 203 200
39 8 203 205 202
40 8 204 205 202
41 8 204 204 200
42 8 200 196 190
43 8 182 175 165
19 9 180 181 178
20 9 185 184 181
21 9 187 181 179
22 9 192 168 166
23 9 195 148 147
24 9 195 168 168
25 9 195 171 171
26 9 195 175 174
27 9 191 186 184
28 9 179 179 178
29 9 163 166 163
30 9 149 152 149
31 9 161 164 161
32 9 186 189 186
33 9 194 197 194
34 9 196 198 195
35 9 198 200 197
36 9 200 201 198
37 9 201 202 199
38 9 202 203 200
39 9 202 204 201
40 9 203 204 200
41 9 203 200 195
42 9 196 191 183
43 9 197 193 186
18 10 180 179 176
19 10 183 181 178
20 10 186 178 176
21 10 190 158 156
22 10 193 125 123
23 10 194 117 116
24 10 195 153 153
25 10 194 171 170
26 10 189 184 182
27 10 179 180 178
28 10 142 144 142
29 10 80 82 80
30 10 48 50 48
31 10 88 92 90
32 10 169 172 169
33 10 193 195 192
34 10 197 198 196
35 10 198 200 197
36 10 199 201 197
37 10 200 201 198
38 10 201 203 200
39 10 201 202 199
40 10 202 200 196
41 10 200 196 189
42 10 198 196 190
43 10 195 194 191
17 11 177 176 171
18 11 181 178 175
19 11 184 174 171
20 11 187 157 154
21 11 190 117 115
22 11 190 89 87
23 11 193 100 99
24 11 194 154 154
25 11 190 179 177
26 11 187 186 184
27 11 172 174 171
28 11 103 105 103
29 11 13 13 13
30 11 5 6 6
31 11 74 77 76
32 11 167 171 168
33 11 193 196 193
34 11 197 198 196
35 11 197 199 196
36 11 199 200 197
37 11 200 201 198
38 11 201 202 198
39 11 199 199 194
40 11 198 195 188
41 11 190 188 184
42 11 185 185 182
43 11 189 189 187
44 11 195 195 192
16 12 170 165 159
17 12 176 174 169
18 12 180 176 171
19 12 184 162 157
20 12 189 137 135
21 12 189 118 118
22 12 189 96 96
23 12 191 97 96
24 12 193 157 156
25 12 188 184 182
26 12 186 187 184
27 12 173 175 172
28 12 117 120 117
29 12 67 69 68
30 12 75 77 76
31 12 145 148 146
32 12 186 188 186
33 12 194 196 193
34 12 197 198 195
35 12 198 199 196
36 12 198 200 197
37 12 200 201 197
38 12 199 198 194
39 12 197 194 188
40 12 181 179 174
41 12 129 129 126
42 12 155 156 153
43 12 180 181 178
44 12 193 193 191
16 13 162 156 149
17 13 168 164 158
18 13 177 174 168
19 13 182 168 163
20 13 187 146 142
21 13 189 119 117
22 13 190 122 121
23 13 190 117 116
24 13 191 163 161
25 13 186 184 182
26 13 186 188 185
27 13 184 186 183
28 13 168 170 168
29 13 161 164 162
30 13 167 170 167
31 13 185 187 185
32 13 193 195 192
33 13 195 196 193
34 13 196 197 194
35 13 197 198 195
36 13 198 199 195
37 13 198 197 193
38 13 196 193 187
39 13 188 186 182
40 13 117 117 115
41 13 53 54 52
42 13 158 158 156
43 13 182 182 179
44 13 186 186 184
17 14 125 120 114
18 14 157 154 148
19 14 176 173 168
20 14 182 170 167
21 14 188 153 149
22 14 189 137 135
23 14 190 127 126
24 14 189 166 164
25 14 187 186 183
26 14 186 188 185
27 14 188 189 187
28 14 189 190 187
29 14 189 190 188
30 14 189 191 188
31 14 193 194 191
32 14 194 196 192
33 14 196 197 193
34 14 196 197 194
35 14 197 198 194
36 14 196 196 192
37 14 195 192 186
38 14 195 193 189
39 14 165 165 163
40 14 53 54 52
41 14 124 125 122
42 14 176 176 174
43 14 181 181 178
44 14 178 178 175
17 15 47 42 39
18 15 88 84 79
19 15 144 142 137
20 15 175 173 169
21 15 182 175 172
22 15 186 164 161
23 15 190 146 143
24 15 189 169 167
25 15 186 185 182
26 15 187 188 185
27 15 188 190 187
28 15 189 191 187
29 15 191 192 189
30 15 191 193 189
31 15 193 194 191
32 15 193 195 191
33 15 195 196 193
34 15 195 196 192
35 15 196 196 192
36 15 195 192 186
37 15 195 192 187
38 15 186 185 183
39 15 158 158 157
40 15 126 127 124
41 15 167 167 164
42 15 180 181 178
43 15 179 179 176
44 15 171 171 168
45 15 181 181 178
18 16 48 44 41
19 16 49 46 43
20 16 132 130 125
21 16 173 172 167
22 16 182 179 175
23 16 187 173 170
24 16 188 178 175
25 16 187 186 183
26 16 187 188 185
27 16 188 190 186
28 16 190 191 188
29 16 191 192 189
30 16 192 193 190
31 16 193 194 191
32 16 194 195 191
33 16 195 196 192
34 16 195 195 190
35 16 195 191 185
36 16 195 191 186
37 16 189 188 185
38 16 185 185 183
39 16 175 176 173
40 16 173 174 171
41 16 179 179 177
42 16 178 178 176
43 16 175 176 173
44 16 165 165 162
45 16 176 176 173
19 17 50 47 44
20 17 41 39 37
21 17 114 112 107
22 17 169 167 163
23 17 182 181 178
24 17 185 184 181
25 17 187 187 184
26 17 188 188 185
27 17 189 190 186
28 17 190 191 188
29 17 191 192 189
30 17 192 193 190
31 17 192 193 189
32 17 193 194 190
33 17 194 193 189
34 17 193 189 183
35 17 194 190 184
36 17 188 187 184
37 17 185 185 182
38 17 182 182 179
39 17 180 180 177
40 17 178 179 176
41 17 176 176 173
42 17 174 174 171
43 17 172 172 169
44 17 165 165 162
45 17 162 162 159
20 18 53 51 48
21 18 47 46 43
22 18 91 89 85
23 18 161 160 156
24 18 183 183 179
25 18 186 187 183
26 18 188 189 185
27 18 189 189 186
28 18 190 190 187
29 18 192 192 189
30 18 192 192 188
31 18 193 193 189
32 18 193 192 187
33 18 192 188 182
34 18 193 188 182
35 18 188 187 183
36 18 185 185 181
37 18 183 183 180
38 18 180 180 177
39 18 177 178 175
40 18 176 177 174
41 18 174 174 171
42 18 171 172 168
43 18 169 169 166
44 18 164 165 162
45 18 147 148 146
20 19 56 55 52
21 19 55 54 51
22 19 49 49 47
23 19 79 77 73
24 19 154 153 148
25 19 182 181 177
26 19 187 187 183
27 19 189 189 185
28 19 190 190 186
29 19 191 192 188
30 19 191 191 187
31 19 192 191 186
32 19 191 187 180
33 19 192 187 180
34 19 187 185 181
35 19 183 183 179
36 19 181 180 177
37 19 178 178 175
38 19 177 177 174
39 19 174 174 171
40 19 172 172 169
41 19 170 170 167
42 19 167 167 164
43 19 164 165 162
44 19 154 155 153
45 19 101 102 101
21 20 55 54 51
22 20 52 52 49
23 20 52 52 49
24 20 58 57 54
25 20 139 137 132
26 20 179 178 173
27 20 187 187 183
28 20 189 189 185
29 20 190 190 186
30 20 191 190 185
31 20 189 185 178
32 20 189 183 176
33 20 188 186 182
34 20 184 183 179
35 20 181 181 178
36 20 179 178 175
37 20 176 176 173
38 20 175 175 172
39 20 172 173 170
40 20 170 170 167
41 20 167 167 163
42 20 165 165 162
43 20 159 160 157
44 20 128 129 127
22 21 50 50 47
23 21 49 48 46
24 21 50 50 48
25 21 50 50 47
26 21 120 117 112
27 21 173 171 165
28 21 187 185 180
29 21 188 186 181
30 21 188 182 175
31 21 188 181 174
32 21 186 183 178
33 21 181 180 176
34 21 178 178 174
35 21 177 176 173
36 21 176 175 172
37 21 173 173 170
38 21 171 171 168
39 21 168 168 165
40 21 167 166 163
41 21 165 165 162
42 21 157 158 155
43 21 133 134 132
23 22 51 50 48
24 22 48 48 46
25 22 53 53 51
26 22 49 48 46
27 22 93 89 83
28 22 165 159 152
29 22 183 175 166
30 22 184 174 165
31 22 185 181 176
32 22 182 180 176
33 22 179 178 174
34 22 176 176 171
35 22 175 174 171
36 22 172 172 169
37 22 170 170 167
38 22 168 167 164
39 22 166 165 162
40 22 164 163 160
41 22 159 159 157
42 22 132 133 130
43 22 57 58 56
24 23 47 47 45
25 23 51 51 49
26 23 56 56 54
27 23 49 48 46
28 23 74 68 63
29 23 155 142 132
30 23 180 172 165
31 23 180 177 173
32 23 178 176 172
33 23 176 175 171
34 23 173 172 168
35 23 172 171 168
36 23 168 168 164
37 23 165 165 162
38 23 163 163 160
39 23 163 162 159
40 23 159 159 156
41 23 137 137 135
42 23 59 59 58
25 24 53 52 50
26 24 56 56 54
27 24 56 56 54
28 24 50 49 48
29 24 102 97 93
30 24 167 161 155
31 24 175 173 168
32 24 176 174 170
33 24 173 172 168
34 24 170 170 165
35 24 165 165 162
36 24 147 147 144
37 24 141 141 138
38 24 158 157 154
39 24 159 158 155
40 24 140 140 137
41 24 58 58 56
26 25 56 56 54
27 25 57 57 55
28 25 52 52 51
29 25 49 48 47
30 25 135 130 125
31 25 169 166 161
32 25 172 170 166
33 25 170 169 165
34 25 165 164 160
35 25 137 137 133
36 25 81 82 79
37 25 121 121 117
38 25 155 155 151
39 25 141 140 137
40 25 59 59 57
28 26 53 53 51
29 26 50 50 48
30 26 69 67 65
31 26 155 150 145
32 26 167 164 160
33 26 165 164 160
34 26 150 149 145
35 26 77 77 75
36 26 67 66 63
37 26 136 136 133
38 26 143 143 140
39 26 58 58 56
29 27 51 50 49
30 27 46 46 44
31 27 107 104 100
32 27 160 156 151
33 27 159 157 153
34 27 130 129 125
35 27 75 73 70
36 27 120 118 114
37 27 137 137 133
38 27 53 53 51
30 28 51 50 48
31 28 51 50 48
32 28 133 129 125
33 28 153 150 144
34 28 137 134 129
35 28 132 130 124
36 28 135 133 129
37 28 50 49 47
31 29 53 52 50
32 29 87 85 82
33 29 142 137 131
34 29 145 142 135
35 29 140 137 131
36 29 110 108 103
33 30 133 129 123
34 30 136 130 123
35 30 114 111 105
34 31 121 114 107
