29 0 175 178 176
28 1 158 160 158
29 1 182 184 182
30 1 187 187 185
27 2 173 171 168
28 2 175 170 168
29 2 184 182 179
30 2 190 191 189
31 2 182 180 177
26 3 165 164 161
27 3 176 164 161
28 3 191 163 161
29 3 189 172 170
30 3 189 188 186
31 3 190 190 187
32 3 182 181 178
33 3 179 178 176
25 4 165 163 161
26 4 170 164 161
27 4 184 167 166
28 4 198 142 140
29 4 198 152 151
30 4 193 173 172
31 4 195 193 191
32 4 189 189 186
33 4 180 178 174
34 4 178 177 175
24 5 161 159 157
25 5 169 159 157
26 5 186 158 156
27 5 190 152 152
28 5 197 141 142
29 5 200 126 125
30 5 198 158 155
31 5 191 185 183
32 5 196 197 195
33 5 186 186 182
34 5 177 176 173
35 5 176 175 173
23 6 163 162 160
24 6 169 160 158
25 6 184 159 158
26 6 190 149 150
27 6 193 140 141
28 6 193 158 158
29 6 192 171 169
30 6 191 182 180
31 6 188 188 185
32 6 191 193 191
33 6 199 200 197
34 6 182 181 177
35 6 177 176 173
36 6 171 171 168
22 7 156 154 153
23 7 163 156 154
24 7 179 157 156
25 7 188 146 147
26 7 188 157 158
27 7 186 169 168
28 7 183 178 175
29 7 183 184 181
30 7 186 188 185
31 7 188 190 187
32 7 190 192 189
33 7 198 199 196
34 7 196 197 193
35 7 177 175 170
36 7 167 166 164
37 7 165 165 163
21 8 143 140 138
22 8 166 156 154
23 8 176 154 152
24 8 185 136 136
25 8 185 153 153
26 8 179 168 166
27 8 176 176 174
28 8 179 181 178
29 8 182 185 182
30 8 187 189 186
31 8 189 191 188
32 8 191 192 189
33 8 193 195 191
34 8 199 198 193
35 8 188 182 174
36 8 169 166 161
37 8 159 159 156
38 8 159 159 157
20 9 140 137 135
21 9 159 151 148
22 9 173 152 150
23 9 179 149 148
24 9 181 152 152
25 9 173 162 161
26 9 155 155 153
27 9 154 157 154
28 9 177 179 176
29 9 183 185 182
30 9 187 189 186
31 9 190 192 189
32 9 193 194 191
33 9 192 192 187
34 9 197 192 184
35 9 196 191 184
36 9 193 191 186
37 9 167 165 161
38 9 159 159 156
39 9 155 154 153
19 10 55 53 52
20 10 158 148 145
21 10 170 145 143
22 10 178 130 129
23 10 177 149 148
24 10 169 161 159
25 10 138 137 135
26 10 81 84 82
27 10 123 126 123
28 10 176 178 175
29 10 185 186 183
30 10 187 189 186
31 10 190 192 188
32 10 191 191 187
33 10 197 193 186
34 10 196 193 186
35 10 189 188 184
36 10 195 194 191
37 10 193 192 189
38 10 173 171 167
39 10 157 157 154
40 10 155 153 152
19 11 156 146 142
20 11 166 141 138
21 11 174 111 108
22 11 178 118 117
23 11 174 156 155
24 11 152 151 149
25 11 79 81 79
26 11 51 53 52
27 11 144 147 144
28 11 179 182 179
29 11 186 187 184
30 11 188 189 186
31 11 191 191 186
32 11 194 191 185
33 11 193 190 185
34 11 173 173 170
35 11 165 166 163
36 11 172 173 170
37 11 190 190 188
38 11 194 194 191
39 11 183 182 178
40 11 166 165 162
41 11 158 156 153
18 12 148 142 137
19 12 161 142 138
20 12 171 120 117
21 12 175 92 91
22 12 175 138 137
23 12 168 164 162
24 12 136 138 135
25 12 66 69 67
26 12 125 128 125
27 12 171 174 170
28 12 182 184 181
29 12 187 188 185
30 12 188 188 184
31 12 194 191 185
32 12 191 188 184
33 12 157 157 155
34 12 99 100 97
35 12 74 75 74
36 12 102 103 101
37 12 170 171 168
38 12 188 188 186
39 12 196 196 194
40 12 190 189 186
41 12 177 176 173
42 12 165 162 159
17 13 145 139 132
18 13 148 141 135
19 13 164 139 134
20 13 172 110 108
21 13 173 113 112
22 13 173 157 154
23 13 167 167 165
24 13 151 153 150
25 13 146 148 146
26 13 169 171 167
27 13 181 183 180
28 13 184 186 182
29 13 186 187 182
30 13 192 190 184
31 13 193 190 185
32 13 167 167 164
33 13 88 90 88
34 13 8 8 8
35 13 3 4 3
36 13 57 58 57
37 13 155 156 154
38 13 183 183 181
39 13 187 187 184
40 13 192 193 190
41 13 192 192 189
42 13 177 175 172
43 13 172 170 168
17 14 155 150 144
18 14 146 141 136
19 14 161 144 140
20 14 173 121 119
21 14 173 136 134
22 14 170 166 163
23 14 171 172 169
24 14 172 174 171
25 14 175 177 174
26 14 178 180 177
27 14 181 183 179
28 14 184 184 180
29 14 190 187 181
30 14 190 187 182
31 14 182 182 179
32 14 162 163 161
33 14 82 83 82
34 14 10 10 10
35 14 21 21 20
36 14 107 108 105
37 14 170 170 168
38 14 183 183 180
39 14 181 182 179
40 14 181 182 179
41 14 187 188 185
42 14 192 192 189
43 14 184 182 179
44 14 175 173 170
18 15 146 142 137
19 15 158 150 146
20 15 171 142 139
21 15 171 152 149
22 15 169 169 166
23 15 172 173 170
24 15 174 176 173
25 15 177 179 175
26 15 180 181 177
27 15 182 182 178
28 15 188 184 178
29 15 190 187 181
30 15 181 180 176
31 15 179 179 177
32 15 171 171 169
33 15 138 139 138
34 15 100 101 99
35 15 114 115 112
36 15 157 158 155
37 15 176 176 174
38 15 181 181 178
39 15 180 181 178
40 15 181 182 179
41 15 181 181 179
42 15 187 187 185
43 15 191 191 188
44 15 185 185 181
45 15 175 173 170
18 16 144 142 137
19 16 156 152 148
20 16 167 157 154
21 16 170 164 161
22 16 171 172 168
23 16 173 175 171
24 16 176 177 174
25 16 178 179 176
26 16 180 180 175
27 16 187 183 177
28 16 190 186 180
29 16 180 179 175
30 16 179 179 176
31 16 178 178 175
32 16 177 177 174
33 16 170 170 168
34 16 167 168 165
35 16 170 171 168
36 16 176 176 173
37 16 178 178 176
38 16 178 179 176
39 16 177 178 175
40 16 179 180 177
41 16 179 179 177
42 16 178 179 176
43 16 182 182 180
44 16 189 188 186
45 16 185 184 180
18 17 165 163 158
19 17 153 152 147
20 17 164 164 160
21 17 168 169 165
22 17 171 172 169
23 17 174 175 172
24 17 177 177 173
25 17 178 178 174
26 17 184 180 174
27 17 188 184 178
28 17 179 177 173
29 17 176 176 172
30 17 177 177 173
31 17 176 176 173
32 17 176 176 173
33 17 176 176 173
34 17 175 176 172
35 17 176 176 173
36 17 176 176 173
37 17 175 176 173
38 17 175 175 173
39 17 175 176 173
40 17 176 177 174
41 17 176 177 174
42 17 174 175 172
43 17 173 173 171
44 17 175 176 173
45 17 185 185 182
46 17 187 187 184
19 18 156 155 150
20 18 164 164 160
21 18 170 171 167
22 18 173 173 169
23 18 174 175 171
24 18 176 176 171
25 18 183 178 172
26 18 186 182 175
27 18 177 175 171
28 18 174 173 169
29 18 176 175 171
30 18 175 174 171
31 18 175 175 172
32 18 174 174 171
33 18 174 174 171
34 18 174 175 171
35 18 174 174 171
36 18 174 174 171
37 18 174 174 171
38 18 173 174 171
39 18 173 173 170
40 18 173 174 170
41 18 173 173 170
42 18 172 173 170
43 18 174 174 171
44 18 174 174 171
45 18 177 178 175
46 18 180 181 180
47 18 185 187 185
19 19 149 148 143
20 19 161 161 156
21 19 171 171 167
22 19 173 173 169
23 19 174 174 169
24 19 180 175 169
25 19 183 178 171
26 19 176 174 169
27 19 173 172 168
28 19 173 172 168
29 19 174 173 169
30 19 173 172 169
31 19 173 172 169
32 19 173 172 169
33 19 173 172 170
34 19 172 172 169
35 19 172 172 169
36 19 171 172 168
37 19 171 171 168
38 19 172 172 169
39 19 171 171 168
40 19 170 171 167
41 19 170 171 167
42 19 171 171 168
43 19 171 172 168
44 19 173 174 171
45 19 173 174 172
46 19 159 162 161
47 19 180 183 182
20 20 160 158 153
21 20 170 169 164
22 20 172 172 167
23 20 177 172 165
24 20 183 177 170
25 20 175 172 168
26 20 171 170 166
27 20 171 171 167
28 20 171 171 167
29 20 171 171 167
30 20 171 170 167
31 20 170 170 167
32 20 170 169 166
33 20 170 170 167
34 20 170 170 167
35 20 170 170 167
36 20 169 170 166
37 20 169 169 166
38 20 170 170 167
39 20 168 169 165
40 20 168 168 165
41 20 167 168 164
42 20 168 169 165
43 20 170 171 167
44 20 171 172 170
45 20 159 161 160
46 20 123 125 124
20 21 163 159 153
21 21 167 163 157
22 21 174 168 160
23 21 181 173 165
24 21 174 171 165
25 21 170 168 164
26 21 170 168 165
27 21 169 168 164
28 21 169 168 164
29 21 168 168 164
30 21 168 168 164
31 21 168 168 165
32 21 168 168 165
33 21 168 168 165
34 21 167 167 164
35 21 167 167 164
36 21 167 167 164
37 21 167 167 164
38 21 167 166 163
39 21 166 166 163
40 21 166 166 163
41 21 168 167 164
42 21 168 168 165
43 21 170 171 169
44 21 159 161 159
45 21 94 95 94
20 22 172 164 155
21 22 162 150 140
22 22 176 164 154
23 22 172 167 160
24 22 169 166 162
25 22 168 166 162
26 22 168 167 163
27 22 168 167 162
28 22 167 166 162
29 22 166 165 161
30 22 165 165 161
31 22 166 165 162
32 22 166 166 163
33 22 166 165 162
34 22 166 166 162
35 22 166 166 162
36 22 165 164 161
37 22 165 164 161
38 22 164 163 160
39 22 165 164 161
40 22 165 165 161
41 22 166 166 163
42 22 168 169 167
43 22 153 156 154
44 22 65 66 65
21 23 165 147 134
22 23 169 158 148
23 23 163 158 151
24 23 165 162 157
25 23 166 164 160
26 23 167 165 161
27 23 165 164 160
28 23 165 164 160
29 23 164 163 159
30 23 163 163 159
31 23 163 163 159
32 23 163 163 160
33 23 163 163 159
34 23 163 163 160
35 23 162 162 159
36 23 162 161 158
37 23 162 162 159
38 23 162 161 158
39 23 162 162 158
40 23 164 163 160
41 23 166 167 164
42 23 154 156 154
43 23 64 65 64
22 24 169 159 150
23 24 165 159 152
24 24 161 156 151
25 24 162 159 155
26 24 163 161 157
27 24 164 162 158
28 24 163 162 158
29 24 162 161 157
30 24 161 161 156
31 24 161 161 156
32 24 161 161 157
33 24 154 154 151
34 24 147 147 144
35 24 141 142 139
36 24 151 151 148
37 24 159 159 155
38 24 161 160 156
39 24 162 161 158
40 24 164 165 162
41 24 149 150 148
42 24 64 65 63
24 25 162 157 150
25 25 160 156 150
26 25 160 157 152
27 25 161 158 154
28 25 161 159 155
29 25 160 159 154
30 25 159 158 154
31 25 158 157 153
32 25 149 149 146
33 25 107 108 105
34 25 71 72 70
35 25 66 67 65
36 25 117 118 114
37 25 153 152 149
38 25 159 158 154
39 25 163 163 159
40 25 148 148 146
41 25 63 64 62
25 26 167 162 156
26 26 161 156 151
27 26 158 154 148
28 26 156 153 149
29 26 158 156 152
30 26 157 156 151
31 26 153 153 149
32 26 121 121 117
33 26 39 39 38
34 26 5 5 5
35 26 22 22 21
36 26 106 107 103
37 26 152 152 148
38 26 159 159 156
39 26 142 142 140
40 26 63 63 62
27 27 154 149 142
28 27 159 154 148
29 27 154 150 145
30 27 153 151 146
31 27 150 149 145
32 27 112 112 109
33 27 37 37 35
34 27 30 29 27
35 27 64 63 60
36 27 128 127 122
37 27 155 154 151
38 27 137 137 135
39 27 63 63 62
29 28 151 145 139
30 28 150 145 139
31 28 146 143 138
32 28 132 131 126
33 28 106 104 100
34 28 114 111 106
35 28 129 127 122
36 28 149 147 143
37 28 134 134 130
38 28 60 60 58
30 29 157 151 143
31 29 150 144 137
32 29 143 138 132
33 29 140 137 131
34 29 144 141 135
35 29 147 144 138
36 29 130 128 123
37 29 59 58 55
32 30 143 136 129
33 30 139 133 125
34 30 139 134 127
35 30 125 122 116
36 30 56 54 51
33 31 142 134 126
34 31 127 119 112
35 31 49 45 42
