32 0 177 170 160
33 0 174 165 154
30 1 183 183 180
31 1 188 187 183
32 1 191 188 182
33 1 190 184 176
34 1 185 180 176
28 2 179 179 176
29 2 185 186 184
30 2 187 188 185
31 2 186 186 184
32 2 191 191 187
33 2 194 190 184
34 2 192 185 179
27 3 182 182 180
28 3 185 186 183
29 3 180 181 179
30 3 161 162 160
31 3 137 138 136
32 3 168 169 167
33 3 193 192 189
34 3 195 190 184
35 3 193 185 182
25 4 180 180 177
26 4 184 184 182
27 4 187 188 186
28 4 182 183 181
29 4 144 146 143
30 4 74 75 73
31 4 31 32 31
32 4 130 131 129
33 4 189 189 187
34 4 197 194 190
35 4 196 187 182
36 4 184 180 179
23 5 172 172 169
24 5 180 181 178
25 5 185 185 183
26 5 189 190 187
27 5 189 190 188
28 5 181 182 179
29 5 116 117 114
30 5 37 38 37
31 5 99 100 98
32 5 159 159 157
33 5 191 191 189
34 5 198 197 193
35 5 198 192 187
36 5 192 187 184
22 6 176 177 174
23 6 181 181 179
24 6 186 187 184
25 6 189 189 187
26 6 189 190 187
27 6 190 190 188
28 6 186 187 185
29 6 158 159 156
30 6 141 142 139
31 6 171 172 169
32 6 190 190 188
33 6 197 197 194
34 6 198 197 195
35 6 199 196 192
36 6 196 190 186
37 6 180 169 167
20 7 171 172 170
21 7 175 177 174
22 7 179 180 178
23 7 184 185 182
24 7 187 188 185
25 7 188 189 186
26 7 189 189 187
27 7 190 190 188
28 7 189 190 188
29 7 186 187 184
30 7 186 187 184
31 7 192 192 190
32 7 195 195 193
33 7 197 197 195
34 7 198 198 196
35 7 200 198 195
36 7 199 194 190
37 7 192 183 179
38 7 158 156 154
18 8 165 166 164
19 8 174 175 173
20 8 174 175 173
21 8 165 167 165
22 8 155 157 155
23 8 165 167 165
24 8 183 184 182
25 8 187 188 185
26 8 187 188 185
27 8 186 186 184
28 8 185 186 184
29 8 188 189 186
30 8 193 193 191
31 8 193 194 191
32 8 195 195 193
33 8 197 197 195
34 8 198 198 196
35 8 199 198 196
36 8 200 197 193
37 8 197 187 183
38 8 179 174 172
17 9 161 163 161
18 9 173 176 174
19 9 177 179 177
20 9 157 159 157
21 9 105 107 105
22 9 61 63 62
23 9 118 120 118
24 9 176 176 174
25 9 185 186 183
26 9 176 177 174
27 9 154 155 153
28 9 142 144 142
29 9 166 168 166
30 9 190 191 189
31 9 194 194 192
32 9 195 196 193
33 9 194 194 191
34 9 188 188 186
35 9 190 189 187
36 9 197 195 193
37 9 200 193 189
38 9 189 183 180
39 9 164 159 156
17 10 175 178 178
18 10 178 181 180
19 10 174 176 174
20 10 126 127 125
21 10 30 30 29
22 10 51 52 51
23 10 136 137 135
24 10 177 177 175
25 10 177 178 175
26 10 135 136 133
27 10 66 67 65
28 10 28 28 28
29 10 112 113 112
30 10 183 184 182
31 10 194 194 192
32 10 188 189 186
33 10 160 161 158
34 10 124 125 122
35 10 136 137 135
36 10 174 173 171
37 10 195 191 188
38 10 197 189 185
39 10 180 170 167
18 11 181 184 183
19 11 172 174 172
20 11 124 125 122
21 11 89 89 87
22 11 123 125 123
23 11 167 168 167
24 11 181 182 179
25 11 172 172 170
26 11 104 104 101
27 11 13 13 12
28 11 44 45 43
29 11 135 136 133
30 11 184 184 182
31 11 192 192 189
32 11 170 170 167
33 11 84 84 82
34 11 18 18 17
35 11 43 43 43
36 11 153 152 150
37 11 195 193 190
38 11 200 194 189
39 11 189 180 176
40 11 167 163 162
18 12 182 185 184
19 12 182 183 181
20 12 171 171 168
21 12 164 164 161
22 12 169 169 167
23 12 180 180 178
24 12 183 183 180
25 12 171 171 168
26 12 126 126 123
27 12 85 84 81
28 12 125 125 122
29 12 174 174 172
30 12 190 190 188
31 12 188 188 185
32 12 144 144 141
33 12 30 30 29
34 12 13 13 12
35 12 74 75 73
36 12 167 167 165
37 12 198 196 193
38 12 199 194 189
39 12 194 183 177
40 12 181 174 171
41 12 153 151 147
18 13 183 185 185
19 13 185 186 184
20 13 183 183 180
21 13 180 179 176
22 13 181 181 178
23 13 182 182 179
24 13 183 183 180
25 13 179 180 177
26 13 173 173 170
27 13 169 169 166
28 13 175 175 172
29 13 187 187 184
30 13 191 190 188
31 13 191 190 187
32 13 165 164 161
33 13 102 101 98
34 13 101 101 99
35 13 144 144 141
36 13 188 187 184
37 13 197 195 192
38 13 191 185 180
39 13 180 169 161
40 13 182 176 172
41 13 170 164 161
18 14 183 185 185
19 14 184 186 184
20 14 185 185 182
21 14 182 182 178
22 14 181 181 178
23 14 182 182 179
24 14 182 182 179
25 14 182 182 180
26 14 182 182 180
27 14 184 185 182
28 14 187 187 184
29 14 189 189 186
30 14 190 189 187
31 14 192 191 188
32 14 188 188 184
33 14 181 180 177
34 14 179 179 175
35 14 188 187 183
36 14 193 190 187
37 14 182 177 172
38 14 145 138 132
39 14 124 117 111
40 14 172 165 160
41 14 179 172 167
42 14 160 155 152
19 15 184 186 184
20 15 186 186 183
21 15 183 183 179
22 15 181 180 177
23 15 178 178 175
24 15 170 171 168
25 15 165 166 163
26 15 171 172 169
27 15 184 184 182
28 15 187 186 183
29 15 189 188 185
30 15 190 189 186
31 15 192 191 187
32 15 192 192 188
33 15 194 193 189
34 15 193 191 188
35 15 185 183 178
36 15 157 153 148
37 15 105 101 96
38 15 77 73 69
39 15 85 82 78
40 15 138 133 127
41 15 178 172 167
42 15 176 172 170
19 16 184 185 184
20 16 185 186 183
21 16 184 184 181
22 16 180 180 177
23 16 161 161 158
24 16 118 118 115
25 16 87 87 85
26 16 129 129 127
27 16 179 178 176
28 16 187 186 183
29 16 189 187 184
30 16 191 189 185
31 16 192 190 186
32 16 193 191 187
33 16 190 187 184
34 16 172 169 164
35 16 122 119 113
36 16 70 67 63
37 16 28 27 25
38 16 25 24 22
39 16 55 53 51
40 16 114 111 106
41 16 157 153 146
42 16 178 174 169
43 16 166 163 158
19 17 182 184 183
20 17 184 184 182
21 17 183 183 180
22 17 172 172 168
23 17 116 115 112
24 17 33 33 32
25 17 11 11 11
26 17 99 99 96
27 17 174 173 170
28 17 187 185 181
29 17 188 187 182
30 17 190 188 183
31 17 190 188 184
32 17 180 178 175
33 17 148 145 141
34 17 102 100 96
35 17 54 53 50
36 17 13 13 12
37 17 2 2 2
38 17 23 23 22
39 17 67 66 63
40 17 94 92 88
41 17 119 116 110
42 17 166 162 157
43 17 176 171 167
20 18 182 182 180
21 18 182 182 178
22 18 167 166 162
23 18 93 91 88
24 18 8 8 7
25 18 38 38 36
26 18 139 138 134
27 18 180 178 174
28 18 186 184 179
29 18 189 187 183
30 18 183 181 178
31 18 158 156 152
32 18 116 115 111
33 18 99 98 95
34 18 90 89 86
35 18 53 53 50
36 18 30 30 29
37 18 41 42 40
38 18 68 68 66
39 18 92 91 88
40 18 101 99 94
41 18 102 100 95
42 18 139 136 129
43 18 172 168 162
44 18 172 168 165
20 19 179 178 175
21 19 180 179 175
22 19 172 170 166
23 19 137 135 131
24 19 94 93 88
25 19 128 126 121
26 19 170 168 163
27 19 184 182 178
28 19 182 180 176
29 19 165 165 161
30 19 128 127 123
31 19 104 103 100
32 19 99 99 96
33 19 99 98 95
34 19 96 96 93
35 19 84 84 81
36 19 79 78 76
37 19 84 84 82
38 19 92 92 89
39 19 95 94 90
40 19 98 97 92
41 19 102 100 95
42 19 105 103 98
43 19 152 148 142
44 19 174 170 166
20 20 177 175 172
21 20 179 177 173
22 20 180 178 173
23 20 171 169 164
24 20 167 165 159
25 20 176 174 169
26 20 181 179 175
27 20 174 174 171
28 20 141 141 138
29 20 108 108 105
30 20 100 100 96
31 20 99 98 95
32 20 97 97 94
33 20 98 98 95
34 20 98 98 95
35 20 96 95 93
36 20 95 95 92
37 20 95 94 91
38 20 95 95 91
39 20 95 94 90
40 20 95 93 89
41 20 94 92 88
42 20 94 93 89
43 20 111 109 104
44 20 156 152 147
45 20 169 165 159
21 21 178 176 172
22 21 180 178 174
23 21 180 177 172
24 21 180 179 175
25 21 175 175 172
26 21 146 147 144
27 21 91 92 89
28 21 69 69 67
29 21 69 69 67
30 21 90 91 89
31 21 97 97 95
32 21 97 97 94
33 21 98 97 95
34 21 97 96 93
35 21 96 96 93
36 21 96 95 92
37 21 95 95 91
38 21 94 94 90
39 21 89 88 84
40 21 70 69 66
41 21 53 53 49
42 21 46 45 43
43 21 74 73 70
44 21 129 126 121
45 21 162 155 149
21 22 172 169 165
22 22 178 176 173
23 22 179 179 175
24 22 156 157 154
25 22 109 111 108
26 22 53 54 52
27 22 24 24 23
28 22 15 15 14
29 22 37 38 37
30 22 83 84 82
31 22 96 96 93
32 22 97 97 94
33 22 97 96 93
34 22 96 96 93
35 22 96 95 93
36 22 95 94 92
37 22 94 94 91
38 22 91 91 88
39 22 73 72 69
40 22 30 29 27
41 22 9 9 8
42 22 19 18 18
43 22 72 71 69
44 22 99 94 89
45 22 137 125 115
46 22 166 149 138
22 23 156 156 153
23 23 135 136 134
24 23 105 107 104
25 23 67 69 67
26 23 20 20 20
27 23 8 8 8
28 23 29 30 30
29 23 65 66 66
30 23 91 92 90
31 23 96 96 93
32 23 96 96 93
33 23 96 95 93
34 23 96 95 92
35 23 95 95 92
36 23 94 94 91
37 23 94 94 91
38 23 88 88 85
39 23 59 58 56
40 23 28 28 27
41 23 34 34 32
42 23 58 55 53
43 23 81 76 72
44 23 89 82 76
45 23 58 52 48
23 24 111 112 110
24 24 100 102 99
25 24 79 80 78
26 24 60 62 61
27 24 63 64 63
28 24 76 78 77
29 24 89 90 88
30 24 95 96 93
31 24 96 96 93
32 24 95 95 93
33 24 95 94 91
34 24 94 94 91
35 24 95 94 91
36 24 94 93 91
37 24 94 94 91
38 24 93 92 90
39 24 81 81 78
40 24 76 74 71
41 24 70 67 64
42 24 79 75 71
43 24 53 49 45
24 25 100 101 99
25 25 101 102 100
26 25 92 94 92
27 25 93 94 92
28 25 95 96 93
29 25 95 95 93
30 25 94 95 92
31 25 93 93 91
32 25 88 88 86
33 25 87 87 84
34 25 90 90 87
35 25 93 93 90
36 25 94 93 91
37 25 93 92 89
38 25 92 91 88
39 25 91 88 84
40 25 84 81 77
41 25 97 91 86
25 26 110 111 109
26 26 104 105 103
27 26 96 97 95
28 26 95 96 93
29 26 95 95 93
30 26 88 89 86
31 26 69 69 67
32 26 49 49 47
33 26 47 47 46
34 26 68 69 67
35 26 91 91 88
36 26 93 92 89
37 26 95 92 88
38 26 89 86 81
39 26 97 92 87
40 26 61 56 51
26 27 128 129 127
27 27 101 102 99
28 27 96 96 94
29 27 92 93 91
30 27 64 65 63
31 27 23 23 23
32 27 6 6 6
33 27 23 25 24
34 27 70 71 69
35 27 91 89 86
36 27 86 83 79
37 27 99 94 88
38 27 62 58 54
27 28 132 132 130
28 28 101 102 99
29 28 90 90 88
30 28 57 58 56
31 28 35 36 35
32 28 42 43 42
33 28 62 61 59
34 28 79 78 75
35 28 93 90 86
36 28 62 59 56
28 29 143 144 141
29 29 103 103 101
30 29 85 85 83
31 29 80 79 76
32 29 74 73 69
33 29 78 76 72
34 29 112 107 101
29 30 63 62 60
30 30 97 95 91
31 30 84 81 77
32 30 93 89 83
31 31 52 48 43
