32 1 156 148 141
33 1 167 159 154
34 1 173 168 164
30 2 159 153 144
31 2 164 158 150
32 2 171 165 159
33 2 179 174 169
34 2 178 175 170
35 2 176 173 169
29 3 160 155 147
30 3 166 161 154
31 3 172 168 161
32 3 178 175 169
33 3 185 183 179
34 3 184 182 179
35 3 171 169 165
36 3 179 178 175
27 4 162 157 150
28 4 165 161 154
29 4 170 166 160
30 4 175 172 167
31 4 178 176 171
32 4 184 183 178
33 4 190 189 186
34 4 192 192 190
35 4 173 172 169
36 4 172 170 167
26 5 162 158 151
27 5 166 162 156
28 5 173 170 165
29 5 178 176 171
30 5 181 179 175
31 5 185 184 179
32 5 188 187 183
33 5 193 193 190
34 5 198 199 197
35 5 183 183 180
36 5 171 170 167
37 5 171 169 165
24 6 162 158 151
25 6 164 160 154
26 6 170 167 162
27 6 175 173 168
28 6 178 177 173
29 6 182 182 178
30 6 185 185 181
31 6 188 188 184
32 6 191 191 188
33 6 195 195 192
34 6 201 201 200
35 6 191 192 189
36 6 175 175 172
37 6 164 162 158
38 6 175 173 170
23 7 152 148 142
24 7 162 159 154
25 7 169 167 163
26 7 174 174 170
27 7 174 174 170
28 7 175 175 172
29 7 184 184 181
30 7 187 188 185
31 7 182 182 179
32 7 174 175 172
33 7 187 187 185
34 7 200 202 200
35 7 195 196 194
36 7 182 182 179
37 7 170 170 167
38 7 170 168 165
21 8 144 138 132
22 8 144 139 133
23 8 140 138 132
24 8 155 154 150
25 8 168 168 165
26 8 160 160 157
27 8 135 135 132
28 8 153 153 151
29 8 182 182 180
30 8 171 172 170
31 8 127 128 126
32 8 117 118 116
33 8 182 183 181
34 8 203 204 203
35 8 197 199 197
36 8 184 184 181
37 8 177 177 175
38 8 170 169 166
39 8 174 172 169
19 9 144 131 120
20 9 147 139 131
21 9 139 134 129
22 9 112 109 105
23 9 115 115 112
24 9 158 158 155
25 9 152 153 149
26 9 101 101 99
27 9 116 117 114
28 9 167 168 166
29 9 170 171 169
30 9 115 117 115
31 9 101 103 101
32 9 166 168 166
33 9 196 197 195
34 9 197 198 197
35 9 192 195 194
36 9 196 198 197
37 9 174 175 173
38 9 169 169 166
39 9 170 168 165
40 9 166 164 161
19 10 161 150 141
20 10 152 144 137
21 10 119 117 113
22 10 107 107 104
23 10 152 153 150
24 10 168 168 166
25 10 139 140 138
26 10 139 140 138
27 10 174 175 173
28 10 185 186 184
29 10 166 168 166
30 10 148 150 149
31 10 177 178 177
32 10 192 194 192
33 10 190 191 189
34 10 172 173 171
35 10 173 174 173
36 10 193 195 195
37 10 183 184 182
38 10 165 166 163
39 10 159 158 155
40 10 161 158 155
19 11 164 156 149
20 11 160 155 149
21 11 150 149 146
22 11 165 165 162
23 11 177 177 175
24 11 178 178 176
25 11 176 176 174
26 11 184 185 183
27 11 191 192 190
28 11 192 193 191
29 11 190 191 189
30 11 192 193 191
31 11 192 193 191
32 11 174 175 173
33 11 146 147 145
34 11 135 136 133
35 11 153 154 151
36 11 175 177 176
37 11 193 195 194
38 11 179 180 177
39 11 152 152 149
40 11 147 145 142
41 11 152 149 146
19 12 172 166 159
20 12 175 172 167
21 12 178 177 174
22 12 181 181 178
23 12 184 184 181
24 12 187 187 184
25 12 189 190 187
26 12 192 193 191
27 12 194 195 193
28 12 196 197 195
29 12 194 195 193
30 12 182 183 181
31 12 153 154 152
32 12 101 102 100
33 12 49 50 49
34 12 54 55 53
35 12 99 99 96
36 12 154 154 151
37 12 181 183 181
38 12 193 194 193
39 12 173 173 170
40 12 141 141 137
41 12 139 135 132
42 12 153 148 145
19 13 177 172 165
20 13 180 178 173
21 13 182 182 179
22 13 185 185 182
23 13 187 187 184
24 13 190 191 188
25 13 191 192 189
26 13 194 195 192
27 13 194 194 192
28 13 187 188 186
29 13 170 171 169
30 13 153 154 152
31 13 102 104 103
32 13 25 26 25
33 13 1 1 1
34 13 4 4 3
35 13 26 26 25
36 13 126 126 123
37 13 163 163 160
38 13 188 190 188
39 13 193 193 191
40 13 167 167 164
41 13 141 139 136
42 13 146 141 137
18 14 181 173 165
19 14 180 175 169
20 14 184 182 178
21 14 186 186 183
22 14 188 188 185
23 14 190 191 188
24 14 192 193 190
25 14 194 194 192
26 14 190 190 188
27 14 172 173 171
28 14 142 143 141
29 14 135 136 134
30 14 141 143 141
31 14 110 113 112
32 14 30 32 31
33 14 1 1 1
35 14 39 39 38
36 14 118 118 114
37 14 152 152 148
38 14 165 165 162
39 14 189 189 187
40 14 186 186 183
41 14 162 162 159
42 14 147 144 140
43 14 144 138 133
18 15 183 177 169
19 15 182 178 172
20 15 186 184 181
21 15 188 188 185
22 15 189 190 187
23 15 191 192 189
24 15 189 190 187
25 15 179 180 177
26 15 153 154 151
27 15 104 105 103
28 15 53 53 52
29 15 62 63 62
30 15 91 93 92
31 15 125 129 128
32 15 87 91 90
33 15 34 35 34
34 15 55 55 54
35 15 99 99 96
36 15 140 140 136
37 15 149 149 144
38 15 155 154 150
39 15 172 173 170
40 15 192 192 189
41 15 174 173 170
42 15 155 153 149
43 15 154 151 146
18 16 185 179 171
19 16 184 181 174
20 16 187 186 183
21 16 189 190 187
22 16 189 190 187
23 16 183 184 182
24 16 166 167 164
25 16 149 151 148
26 16 95 97 95
27 16 25 25 25
28 16 2 2 2
29 16 5 5 5
30 16 25 26 25
31 16 113 116 115
32 16 135 137 135
33 16 121 122 119
34 16 129 129 126
35 16 136 136 133
36 16 145 144 141
37 16 150 150 146
38 16 147 146 142
39 16 155 154 150
40 16 176 176 173
41 16 185 184 181
42 16 155 153 149
43 16 157 155 150
18 17 185 179 171
19 17 185 181 174
20 17 187 186 182
21 17 183 183 180
22 17 166 168 165
23 17 139 140 138
24 17 129 130 128
25 17 131 133 130
26 17 102 105 104
27 17 31 33 33
30 17 42 43 41
31 17 116 117 114
32 17 142 143 140
33 17 145 145 142
34 17 147 147 143
35 17 146 146 142
36 17 146 146 142
37 17 146 145 141
38 17 144 143 138
39 17 148 146 141
40 17 154 152 147
41 17 179 177 173
42 17 169 167 163
43 17 150 148 143
44 17 158 156 151
18 18 177 169 159
19 18 178 173 165
20 18 173 172 168
21 18 151 152 149
22 18 104 105 103
23 18 48 49 48
24 18 52 53 52
25 18 67 69 67
26 18 104 108 107
27 18 87 90 89
28 18 37 38 37
29 18 57 58 56
30 18 97 98 96
31 18 133 133 130
32 18 144 144 141
33 18 147 147 143
34 18 145 145 141
35 18 144 143 140
36 18 145 145 140
37 18 143 142 137
38 18 143 141 136
39 18 141 139 133
40 18 142 140 134
41 18 157 156 150
42 18 177 175 170
43 18 157 155 150
44 18 155 152 147
18 19 159 150 138
19 19 163 156 147
20 19 149 147 142
21 19 107 108 105
22 19 33 34 32
23 19 2 2 2
24 19 3 3 2
25 19 14 14 14
26 19 92 94 92
27 19 131 133 131
28 19 122 123 120
29 19 128 129 126
30 19 133 134 130
31 19 141 141 137
32 19 144 144 140
33 19 145 144 141
34 19 142 142 138
35 19 143 143 139
36 19 141 141 137
37 19 137 136 131
38 19 130 129 123
39 19 121 119 113
40 19 113 111 105
41 19 134 132 126
42 19 161 159 154
43 19 174 172 167
44 19 163 160 154
19 20 146 137 125
20 20 148 144 137
21 20 115 114 110
22 20 52 52 51
23 20 6 7 6
24 20 5 5 5
25 20 35 35 34
26 20 105 106 103
27 20 138 139 136
28 20 142 142 139
29 20 143 143 140
30 20 143 143 139
31 20 143 142 139
32 20 142 142 139
33 20 141 141 137
34 20 140 140 136
35 20 140 140 136
36 20 136 136 132
37 20 123 122 118
38 20 86 86 81
39 20 52 51 48
40 20 36 35 32
41 20 90 87 82
42 20 134 132 126
43 20 165 163 158
44 20 172 169 164
45 20 165 162 156
20 21 142 135 125
21 21 134 130 123
22 21 105 104 101
23 21 65 65 63
24 21 67 67 65
25 21 96 96 94
26 21 129 129 126
27 21 139 139 136
28 21 143 142 139
29 21 143 143 140
30 21 141 140 137
31 21 141 140 137
32 21 140 139 136
33 21 137 137 133
34 21 136 136 132
35 21 134 134 130
36 21 130 130 126
37 21 90 90 87
38 21 25 25 23
39 21 2 2 2
40 21 2 2 2
41 21 36 35 33
42 21 113 110 104
43 21 140 137 132
44 21 164 160 155
45 21 168 164 158
21 22 146 139 130
22 22 138 135 129
23 22 128 127 124
24 22 130 130 127
25 22 133 133 130
26 22 137 137 133
27 22 141 140 137
28 22 142 141 138
29 22 141 141 137
30 22 139 138 135
31 22 139 139 135
32 22 135 134 130
33 22 123 123 119
34 22 110 110 107
35 22 97 97 93
36 22 112 112 109
37 22 97 97 94
38 22 28 28 26
39 22 7 7 7
40 22 9 9 8
41 22 57 55 52
42 22 110 107 101
43 22 125 121 115
44 22 138 132 125
45 22 156 148 141
22 23 145 138 130
23 23 141 138 132
24 23 140 139 135
25 23 139 138 135
26 23 140 139 136
27 23 140 139 136
28 23 140 139 136
29 23 138 138 134
30 23 139 138 135
31 23 136 135 132
32 23 122 122 118
33 23 75 75 72
34 23 40 40 38
35 23 25 25 24
36 23 53 54 51
37 23 107 108 104
38 23 88 87 84
39 23 62 61 58
40 23 76 74 70
41 23 103 100 94
42 23 120 115 109
43 23 116 111 104
44 23 105 98 91
45 23 132 121 112
23 24 149 142 134
24 24 139 135 130
25 24 138 137 133
26 24 139 138 135
27 24 140 139 136
28 24 136 136 132
29 24 135 135 131
30 24 133 132 129
31 24 132 132 128
32 24 103 104 101
33 24 29 30 29
34 24 1 1 1
35 24 1 1 1
36 24 24 24 22
37 24 99 98 94
38 24 120 119 114
39 24 115 113 108
40 24 116 113 107
41 24 118 113 107
42 24 100 95 89
43 24 85 80 74
44 24 44 40 36
24 25 152 145 137
25 25 139 136 130
26 25 139 137 134
27 25 134 134 131
28 25 118 118 115
29 25 102 103 100
30 25 94 93 90
31 25 100 99 96
32 25 109 110 107
33 25 68 68 66
34 25 21 21 20
35 25 18 18 17
36 25 61 61 57
37 25 110 108 103
38 25 124 121 116
39 25 119 116 110
40 25 107 103 97
41 25 100 94 89
42 25 46 43 40
24 26 59 54 48
25 26 146 140 133
26 26 135 133 128
27 26 125 124 121
28 26 72 72 69
29 26 30 30 29
30 26 20 20 19
31 26 31 30 28
32 26 93 93 90
33 26 112 112 109
34 26 86 85 82
35 26 92 91 87
36 26 111 109 104
37 26 118 115 110
38 26 113 109 104
39 26 98 94 88
40 26 50 48 44
25 27 59 54 49
26 27 141 135 129
27 27 113 110 106
28 27 41 40 38
29 27 3 3 3
30 27 1 1 1
31 27 18 18 17
32 27 93 92 90
33 27 125 123 120
34 27 122 120 116
35 27 120 117 112
36 27 117 114 108
37 27 100 97 91
38 27 51 49 45
26 28 56 51 46
27 28 117 110 103
28 28 66 62 58
29 28 42 41 38
30 28 34 33 31
31 28 69 68 65
32 28 112 111 107
33 28 124 121 117
34 28 117 114 108
35 28 101 98 92
36 28 88 84 79
27 29 129 119 109
28 29 121 113 105
29 29 109 106 101
30 29 105 103 98
31 29 114 111 107
32 29 118 115 110
33 29 102 98 93
34 29 86 83 78
35 29 49 47 43
28 30 132 120 110
29 30 127 117 109
30 30 117 110 103
31 30 107 102 96
32 30 99 95 89
33 30 51 48 45
29 31 132 115 103
30 31 97 87 79
31 31 53 48 43
