29 0 176 179 177
28 1 163 166 163
29 1 183 185 183
30 1 189 190 188
27 2 170 167 165
28 2 178 173 171
29 2 185 183 180
30 2 191 192 190
31 2 187 186 184
26 3 169 167 164
27 3 179 168 166
28 3 194 166 163
29 3 192 173 172
30 3 190 188 186
31 3 192 193 191
32 3 184 184 182
25 4 169 167 165
26 4 173 167 165
27 4 185 169 168
28 4 199 144 142
29 4 200 151 150
30 4 196 173 171
31 4 194 191 189
32 4 192 192 190
33 4 180 179 175
24 5 169 167 165
25 5 173 163 161
26 5 188 159 157
27 5 192 154 154
28 5 198 145 146
29 5 201 125 123
30 5 200 153 151
31 5 195 185 182
32 5 195 197 194
33 5 191 192 189
34 5 177 176 174
35 5 174 173 172
23 6 161 160 158
24 6 170 161 159
25 6 185 160 158
26 6 191 150 151
27 6 194 139 140
28 6 194 158 158
29 6 194 171 170
30 6 193 182 180
31 6 191 189 187
32 6 191 193 190
33 6 199 201 198
34 6 187 188 185
35 6 175 174 170
36 6 169 169 167
22 7 158 157 155
23 7 166 158 156
24 7 181 157 156
25 7 189 146 146
26 7 188 157 158
27 7 186 169 168
28 7 184 178 176
29 7 184 185 182
30 7 188 190 187
31 7 190 192 189
32 7 192 194 191
33 7 196 197 194
34 7 201 202 199
35 7 184 183 179
36 7 169 168 166
37 7 165 165 163
21 8 163 160 158
22 8 167 157 155
23 8 178 154 153
24 8 186 135 134
25 8 186 154 153
26 8 181 168 166
27 8 177 177 174
28 8 179 182 179
29 8 183 185 182
30 8 187 189 186
31 8 189 191 188
32 8 192 194 191
33 8 195 197 193
34 8 198 198 194
35 8 196 192 186
36 8 178 175 170
37 8 160 160 157
38 8 160 160 158
20 9 161 158 156
21 9 162 154 152
22 9 175 153 151
23 9 180 150 149
24 9 182 154 153
25 9 175 164 163
26 9 157 158 156
27 9 152 155 152
28 9 174 177 174
29 9 184 186 183
30 9 187 189 186
31 9 191 192 189
32 9 193 195 191
33 9 194 195 191
34 9 196 193 186
35 9 198 193 184
36 9 197 194 189
37 9 182 181 177
38 9 164 163 161
39 9 157 156 154
19 10 151 147 144
20 10 162 152 149
21 10 172 145 143
22 10 180 129 128
23 10 178 150 149
24 10 171 163 161
25 10 143 143 140
26 10 85 88 86
27 10 108 111 109
28 10 171 173 170
29 10 185 187 184
30 10 188 189 186
31 10 191 192 189
32 10 193 193 190
33 10 195 193 188
34 10 199 195 189
35 10 191 189 184
36 10 190 190 186
37 10 196 195 193
38 10 186 185 182
39 10 160 160 157
40 10 157 155 153
18 11 137 133 128
19 11 157 146 143
20 11 168 142 139
21 11 176 106 104
22 11 179 118 117
23 11 175 158 156
24 11 157 156 153
25 11 90 92 90
26 11 35 37 36
27 11 128 132 129
28 11 177 180 176
29 11 186 188 185
30 11 188 190 187
31 11 191 192 188
32 11 193 192 186
33 11 197 194 188
34 11 185 184 180
35 11 170 170 167
36 11 166 167 164
37 11 184 184 182
38 11 196 196 194
39 11 188 188 185
40 11 166 165 162
41 11 159 156 154
17 12 59 56 53
18 12 152 146 140
19 12 164 144 140
20 12 173 117 115
21 12 176 89 88
22 12 176 138 136
23 12 170 166 164
24 12 144 146 143
25 12 70 72 70
26 12 110 113 110
27 12 166 168 165
28 12 182 185 181
29 12 187 189 185
30 12 189 190 186
31 12 191 190 184
32 12 196 193 187
33 12 179 178 174
34 12 128 129 126
35 12 83 85 83
36 12 77 78 76
37 12 152 153 151
38 12 184 184 182
39 12 194 194 191
40 12 190 190 187
41 12 176 174 171
42 12 163 159 156
17 13 152 146 140
18 13 153 146 140
19 13 166 138 134
20 13 173 108 107
21 13 175 113 111
22 13 174 156 154
23 13 169 169 167
24 13 156 158 155
25 13 144 147 144
26 13 165 167 164
27 13 181 183 179
28 13 185 186 183
29 13 187 188 184
30 13 190 188 183
31 13 195 192 186
32 13 184 183 180
33 13 136 137 135
34 13 32 33 33
35 13 2 2 2
36 13 25 26 25
37 13 128 129 126
38 13 179 179 177
39 13 186 186 184
40 13 189 190 187
41 13 190 190 188
42 13 174 173 170
43 13 169 166 163
17 14 140 135 129
18 14 150 146 140
19 14 164 145 141
20 14 174 120 118
21 14 174 134 132
22 14 170 165 163
23 14 172 173 170
24 14 173 174 171
25 14 175 177 174
26 14 179 180 177
27 14 182 184 180
28 14 185 186 182
29 14 187 186 181
30 14 192 189 183
31 14 188 187 183
32 14 177 177 175
33 14 122 123 122
34 14 31 32 32
35 14 6 6 6
36 14 73 74 71
37 14 157 158 155
38 14 182 182 180
39 14 183 184 181
40 14 183 184 181
41 14 187 188 185
42 14 191 191 188
43 14 185 185 182
44 14 171 168 165
18 15 148 146 141
19 15 160 153 149
20 15 172 142 139
21 15 173 151 148
22 15 169 169 166
23 15 172 174 170
24 15 175 177 173
25 15 177 179 175
26 15 180 182 178
27 15 183 184 180
28 15 186 184 179
29 15 192 188 182
30 15 186 185 180
31 15 182 181 178
32 15 177 178 175
33 15 154 155 154
34 15 114 115 114
35 15 98 99 97
36 15 147 148 145
37 15 173 174 171
38 15 180 180 177
39 15 180 181 178
40 15 181 182 179
41 15 181 182 179
42 15 185 186 184
43 15 190 190 187
44 15 180 179 176
18 16 147 145 140
19 16 157 155 151
20 16 168 158 155
21 16 171 164 160
22 16 171 172 168
23 16 174 175 172
24 16 176 178 174
25 16 179 180 176
26 16 180 181 177
27 16 185 182 177
28 16 191 186 180
29 16 186 183 179
30 16 180 180 176
31 16 180 179 177
32 16 179 179 176
33 16 174 174 171
34 16 169 170 167
35 16 168 169 166
36 16 175 176 173
37 16 177 178 175
38 16 178 178 175
39 16 179 179 176
40 16 179 180 177
41 16 179 180 177
42 16 177 177 175
43 16 181 181 179
44 16 187 188 185
45 16 187 187 184
18 17 165 164 159
19 17 154 153 148
20 17 165 165 161
21 17 169 169 166
22 17 172 173 169
23 17 175 175 172
24 17 177 178 174
25 17 179 179 175
26 17 183 180 175
27 17 189 184 177
28 17 185 182 177
29 17 178 178 174
30 17 178 178 174
31 17 177 177 174
32 17 177 177 174
33 17 177 177 174
34 17 176 177 173
35 17 176 177 173
36 17 176 177 174
37 17 177 177 174
38 17 176 177 174
39 17 176 176 173
40 17 176 177 174
41 17 176 177 174
42 17 176 176 174
43 17 176 176 173
44 17 177 177 175
45 17 184 185 182
46 17 186 186 184
19 18 159 158 153
20 18 165 164 160
21 18 170 171 167
22 18 173 174 170
23 18 175 175 171
24 18 177 177 173
25 18 181 178 172
26 18 187 182 175
27 18 183 180 175
28 18 176 175 171
29 18 176 176 172
30 18 176 175 172
31 18 176 175 172
32 18 175 175 171
33 18 175 175 172
34 18 175 175 172
35 18 174 175 171
36 18 174 175 171
37 18 174 175 172
38 18 175 175 172
39 18 174 174 171
40 18 174 174 171
41 18 173 174 170
42 18 173 174 171
43 18 175 175 172
44 18 173 174 171
45 18 174 175 173
46 18 179 180 179
47 18 186 188 187
19 19 171 170 165
20 19 162 161 157
21 19 170 170 166
22 19 173 174 169
23 19 175 175 171
24 19 178 175 169
25 19 184 178 171
26 19 182 179 173
27 19 174 173 169
28 19 173 173 169
29 19 174 173 170
30 19 173 173 169
31 19 173 173 169
32 19 173 173 170
33 19 173 173 170
34 19 173 173 170
35 19 172 172 169
36 19 171 172 168
37 19 171 172 168
38 19 172 173 170
39 19 172 172 169
40 19 171 171 168
41 19 171 172 168
42 19 170 171 167
43 19 170 171 168
44 19 174 175 172
45 19 174 176 174
46 19 161 164 163
47 19 175 177 177
20 20 164 162 157
21 20 169 168 163
22 20 173 173 168
23 20 175 172 166
24 20 183 177 169
25 20 179 175 170
26 20 173 171 167
27 20 173 172 168
28 20 172 172 168
29 20 172 171 168
30 20 172 171 168
31 20 171 171 167
32 20 170 170 167
33 20 171 171 168
34 20 170 171 167
35 20 170 171 167
36 20 170 170 167
37 20 169 169 166
38 20 170 170 167
39 20 170 170 166
40 20 169 169 165
41 20 169 169 165
42 20 169 169 165
43 20 171 171 168
44 20 171 173 170
45 20 161 163 162
46 20 104 106 105
20 21 152 150 143
21 21 165 163 156
22 21 172 168 161
23 21 181 173 164
24 21 179 174 168
25 21 172 170 165
26 21 171 170 166
27 21 169 168 164
28 21 169 169 165
29 21 169 168 164
30 21 168 168 165
31 21 169 168 165
32 21 169 168 165
33 21 169 168 165
34 21 167 167 164
35 21 167 168 164
36 21 167 167 164
37 21 168 167 164
38 21 168 167 164
39 21 166 166 163
40 21 167 167 163
41 21 167 167 164
42 21 168 168 165
43 21 170 171 169
44 21 159 161 159
45 21 65 66 65
21 22 158 148 138
22 22 174 162 151
23 22 176 169 161
24 22 169 166 161
25 22 169 167 163
26 22 169 167 163
27 22 168 167 163
28 22 168 167 163
29 22 166 166 162
30 22 166 166 162
31 22 166 166 163
32 22 167 167 163
33 22 166 165 162
34 22 166 166 163
35 22 166 166 163
36 22 165 165 162
37 22 165 164 161
38 22 165 164 161
39 22 165 164 161
40 22 165 165 161
41 22 167 166 163
42 22 168 169 166
43 22 156 158 157
44 22 65 66 65
21 23 163 143 130
22 23 172 158 147
23 23 165 158 151
24 23 164 161 156
25 23 166 164 160
26 23 167 165 161
27 23 166 165 161
28 23 166 165 161
29 23 164 164 160
30 23 164 164 160
31 23 164 163 160
32 23 163 163 160
33 23 163 163 159
34 23 163 163 160
35 23 163 163 159
36 23 162 162 159
37 23 163 162 159
38 23 162 161 158
39 23 162 161 158
40 23 163 163 159
41 23 166 166 164
42 23 155 156 155
43 23 64 65 64
22 24 167 156 146
23 24 164 157 150
24 24 163 158 152
25 24 162 159 154
26 24 163 161 157
27 24 165 163 159
28 24 164 162 158
29 24 163 162 157
30 24 162 161 157
31 24 161 161 157
32 24 161 161 157
33 24 156 156 153
34 24 147 147 144
35 24 141 142 139
36 24 149 149 146
37 24 159 159 155
38 24 160 160 156
39 24 162 161 158
40 24 164 165 161
41 24 151 153 150
42 24 64 65 63
24 25 163 158 151
25 25 164 159 153
26 25 161 158 153
27 25 161 158 154
28 25 161 160 155
29 25 161 159 155
30 25 160 159 154
31 25 159 158 154
32 25 153 153 149
33 25 117 117 114
34 25 73 74 72
35 25 64 65 63
36 25 110 110 107
37 25 151 151 147
38 25 159 158 154
39 25 162 162 159
40 25 147 148 145
41 25 63 64 62
26 26 158 153 147
27 26 158 154 148
28 26 157 154 149
29 26 159 157 152
30 26 157 156 151
31 26 155 154 150
32 26 130 130 126
33 26 50 50 49
34 26 7 7 7
35 26 17 17 16
36 26 100 100 96
37 26 150 150 146
38 26 159 159 156
39 26 144 144 142
40 26 63 63 62
27 27 166 160 154
28 27 160 156 150
29 27 154 151 145
30 27 153 151 146
31 27 151 150 146
32 27 122 121 118
33 27 44 44 42
34 27 29 28 27
35 27 61 60 57
36 27 125 124 119
37 27 154 154 150
38 27 136 137 134
39 27 63 63 61
29 28 155 150 144
30 28 151 147 141
31 28 147 144 138
32 28 136 134 130
33 28 108 106 102
34 28 114 111 106
35 28 129 126 121
36 28 147 145 141
37 28 135 134 131
38 28 60 60 58
30 29 158 152 144
31 29 149 143 136
32 29 143 139 132
33 29 140 137 131
34 29 144 141 135
35 29 146 144 138
36 29 129 127 123
37 29 59 58 55
32 30 142 135 127
33 30 142 136 128
34 30 138 133 126
35 30 121 118 113
36 30 53 51 48
33 31 143 135 126
34 31 123 115 108
35 31 49 45 42
