30 1 157 147 138
31 1 158 150 142
32 1 166 159 153
33 1 175 169 165
28 2 159 151 141
29 2 165 158 149
30 2 169 162 154
31 2 172 167 160
32 2 176 172 166
33 2 178 175 170
34 2 181 178 173
35 2 185 182 179
27 3 168 162 154
28 3 170 165 158
29 3 173 169 162
30 3 176 172 166
31 3 178 174 168
32 3 178 174 168
33 3 179 176 171
34 3 182 180 175
35 3 186 184 181
36 3 189 188 185
25 4 170 165 157
26 4 172 167 160
27 4 175 171 165
28 4 179 176 170
29 4 181 178 173
30 4 181 178 173
31 4 180 177 172
32 4 180 178 173
33 4 181 179 174
34 4 182 181 176
35 4 186 186 182
36 4 190 189 186
37 4 192 192 190
38 4 192 192 190
23 5 170 164 156
24 5 175 170 163
25 5 177 173 167
26 5 180 178 172
27 5 182 180 175
28 5 183 181 177
29 5 184 182 177
30 5 183 182 177
31 5 184 182 178
32 5 183 182 177
33 5 184 183 178
34 5 185 184 180
35 5 186 186 182
36 5 189 189 185
37 5 191 191 188
38 5 193 193 191
39 5 193 194 192
40 5 195 196 195
22 6 174 170 163
23 6 176 173 166
24 6 181 178 173
25 6 183 182 177
26 6 184 182 178
27 6 184 183 179
28 6 185 184 181
29 6 186 185 181
30 6 186 186 182
31 6 186 186 183
32 6 186 186 183
33 6 187 187 184
34 6 187 187 183
35 6 188 188 184
36 6 189 189 185
37 6 191 190 187
38 6 193 192 190
39 6 195 196 193
40 6 196 197 196
41 6 196 197 196
20 7 173 166 159
21 7 175 171 165
22 7 175 172 167
23 7 173 171 167
24 7 172 170 166
25 7 174 174 169
26 7 182 182 178
27 7 186 186 182
28 7 187 187 184
29 7 186 186 183
30 7 182 182 179
31 7 176 176 173
32 7 174 174 171
33 7 184 184 181
34 7 189 189 187
35 7 191 191 188
36 7 191 191 189
37 7 190 190 188
38 7 185 185 183
39 7 182 183 179
40 7 189 190 187
41 7 197 198 196
42 7 198 200 199
43 7 197 199 198
18 8 166 149 136
19 8 177 167 159
20 8 180 175 169
21 8 178 176 172
22 8 158 157 154
23 8 124 124 120
24 8 104 103 100
25 8 116 116 112
26 8 162 162 158
27 8 185 185 182
28 8 187 187 184
29 8 177 178 175
30 8 146 146 144
31 8 108 109 106
32 8 101 101 98
33 8 145 146 143
34 8 182 182 180
35 8 192 192 190
36 8 191 192 189
37 8 174 175 173
38 8 136 137 135
39 8 115 116 113
40 8 137 138 135
41 8 178 179 177
42 8 196 198 196
43 8 200 202 200
44 8 199 201 200
45 8 192 193 193
18 9 167 154 143
19 9 181 171 163
20 9 185 181 176
21 9 175 174 171
22 9 127 127 125
23 9 46 46 45
24 9 16 16 15
25 9 53 53 52
26 9 146 147 144
27 9 185 186 183
28 9 188 188 185
29 9 171 172 169
30 9 103 104 102
31 9 28 29 28
32 9 20 20 20
33 9 95 96 94
34 9 172 173 170
35 9 192 193 191
36 9 190 191 189
37 9 154 156 154
38 9 66 68 67
39 9 16 16 16
40 9 41 42 41
41 9 141 143 141
42 9 190 192 190
43 9 201 203 201
44 9 199 201 200
45 9 193 195 194
18 10 99 94 87
19 10 149 143 136
20 10 183 178 172
21 10 183 179 175
22 10 155 154 150
23 10 122 122 120
24 10 109 110 107
25 10 140 140 137
26 10 175 175 172
27 10 189 189 186
28 10 191 192 189
29 10 183 184 181
30 10 159 160 158
31 10 131 132 130
32 10 123 124 122
33 10 162 164 162
34 10 188 189 187
35 10 196 196 194
36 10 194 195 193
37 10 178 180 178
38 10 147 149 148
39 10 119 121 119
40 10 135 137 135
41 10 173 175 174
42 10 195 197 195
43 10 200 201 200
44 10 198 199 198
45 10 183 185 185
18 11 58 55 51
19 11 58 57 54
20 11 134 132 128
21 11 177 174 169
22 11 184 181 176
23 11 181 180 176
24 11 179 179 175
25 11 185 185 182
26 11 191 191 188
27 11 192 192 190
28 11 193 193 190
29 11 192 193 190
30 11 189 189 187
31 11 187 188 185
32 11 185 186 184
33 11 193 194 192
34 11 197 197 195
35 11 197 198 195
36 11 197 198 196
37 11 196 197 195
38 11 192 194 192
39 11 188 189 187
40 11 192 193 191
41 11 196 197 196
42 11 197 198 196
43 11 189 190 188
44 11 187 189 187
45 11 185 187 186
18 12 55 53 49
19 12 51 50 47
20 12 33 33 32
21 12 99 100 97
22 12 170 168 163
23 12 191 187 183
24 12 193 191 187
25 12 194 193 190
26 12 194 194 191
27 12 195 194 191
28 12 195 194 192
29 12 196 196 193
30 12 196 196 193
31 12 196 196 194
32 12 197 197 194
33 12 197 197 195
34 12 198 199 196
35 12 199 199 197
36 12 199 200 197
37 12 200 201 199
38 12 200 201 199
39 12 201 202 200
40 12 200 201 199
41 12 196 197 195
42 12 164 165 163
43 12 146 147 144
44 12 181 182 180
45 12 181 183 181
18 13 56 53 50
19 13 52 50 47
20 13 22 22 21
21 13 18 18 18
22 13 68 69 67
23 13 155 153 148
24 13 190 187 182
25 13 194 191 187
26 13 195 194 191
27 13 196 196 193
28 13 197 196 193
29 13 197 197 194
30 13 197 197 194
31 13 198 198 195
32 13 198 198 195
33 13 198 198 196
34 13 198 199 196
35 13 199 199 197
36 13 200 201 198
37 13 201 202 200
38 13 201 202 200
39 13 201 202 200
40 13 195 196 194
41 13 150 151 149
42 13 60 61 59
43 13 132 132 129
44 13 177 178 176
45 13 179 181 179
18 14 55 53 49
19 14 55 54 50
20 14 40 39 38
21 14 15 15 14
22 14 37 37 36
23 14 60 60 58
24 14 134 133 130
25 14 182 179 174
26 14 195 192 188
27 14 196 195 191
28 14 198 197 194
29 14 198 198 195
30 14 197 197 195
31 14 199 199 196
32 14 199 200 197
33 14 200 200 198
34 14 200 200 198
35 14 201 201 199
36 14 201 202 200
37 14 202 202 200
38 14 198 199 197
39 14 186 186 184
40 14 175 176 174
41 14 88 90 89
42 14 72 72 69
43 14 155 155 151
44 14 171 171 169
45 14 186 187 185
18 15 57 54 49
19 15 58 56 52
20 15 56 56 53
21 15 37 37 36
22 15 35 35 34
23 15 57 57 55
24 15 62 62 60
25 15 106 106 104
26 15 175 172 168
27 15 195 192 187
28 15 197 195 191
29 15 198 198 195
30 15 198 198 196
31 15 199 200 197
32 15 200 200 197
33 15 201 201 198
34 15 201 201 199
35 15 202 203 201
36 15 202 202 200
37 15 195 196 194
38 15 160 161 159
39 15 114 116 115
40 15 151 154 153
41 15 93 95 93
42 15 139 139 136
43 15 171 171 167
44 15 163 163 160
45 15 183 184 181
19 16 58 55 52
20 16 60 59 56
21 16 56 56 54
22 16 54 54 52
23 16 59 59 57
24 16 61 62 60
25 16 62 62 60
26 16 69 69 67
27 16 157 155 151
28 16 192 189 184
29 16 198 196 191
30 16 199 199 195
31 16 200 200 197
32 16 201 201 198
33 16 202 202 200
34 16 202 202 200
35 16 201 201 199
36 16 195 196 194
37 16 155 156 154
38 16 53 54 52
39 16 90 92 90
40 16 160 162 160
41 16 156 156 153
42 16 166 166 162
43 16 171 170 166
44 16 160 160 156
19 17 57 54 50
20 17 60 59 56
21 17 60 60 57
22 17 60 60 57
23 17 60 60 58
24 17 60 61 58
25 17 61 61 59
26 17 62 62 60
27 17 62 63 61
28 17 126 126 123
29 17 183 180 175
30 17 198 196 190
31 17 200 198 194
32 17 201 201 197
33 17 201 201 198
34 17 197 197 195
35 17 185 186 184
36 17 173 175 173
37 17 101 104 102
38 17 53 53 52
39 17 144 145 142
40 17 174 174 171
41 17 171 171 167
42 17 168 167 162
43 17 164 163 158
44 17 154 152 147
19 18 57 54 50
20 18 60 58 55
21 18 61 60 58
22 18 60 60 58
23 18 59 59 57
24 18 60 60 58
25 18 61 61 59
26 18 61 61 59
27 18 61 61 59
28 18 61 61 59
29 18 103 104 101
30 18 171 170 165
31 18 195 192 186
32 18 197 194 189
33 18 193 193 189
34 18 156 157 154
35 18 106 107 105
36 18 141 144 143
37 18 105 107 105
38 18 135 136 133
39 18 170 170 167
40 18 174 174 171
41 18 168 167 163
42 18 160 159 154
43 18 157 155 150
44 18 154 152 147
19 19 56 51 47
20 19 58 56 53
21 19 61 60 57
22 19 60 59 57
23 19 60 59 57
24 19 59 60 57
25 19 59 60 57
26 19 60 61 58
27 19 60 60 58
28 19 60 60 58
29 19 62 63 60
30 19 66 67 65
31 19 171 171 168
32 19 189 186 180
33 19 151 151 147
34 19 48 49 47
35 19 79 80 78
36 19 160 162 159
37 19 163 163 160
38 19 170 170 167
39 19 173 173 169
40 19 167 167 163
41 19 149 148 143
42 19 127 125 119
43 19 149 146 141
44 19 150 148 143
19 20 53 48 43
20 20 58 55 51
21 20 60 59 56
22 20 60 59 56
23 20 59 59 56
24 20 60 60 57
25 20 59 59 56
26 20 59 59 57
27 20 60 60 58
28 20 60 60 58
29 20 61 61 59
30 20 63 64 61
31 20 167 168 165
32 20 176 173 167
33 20 89 89 87
34 20 45 46 44
35 20 141 141 138
36 20 176 176 173
37 20 177 177 174
38 20 175 174 171
39 20 169 169 165
40 20 150 150 146
41 20 91 91 87
42 20 96 94 89
43 20 139 136 131
44 20 146 143 137
19 21 49 41 36
20 21 54 49 45
21 21 59 57 54
22 21 59 58 55
23 21 59 58 56
24 21 59 58 56
25 21 59 59 57
26 21 59 59 57
27 21 59 59 57
28 21 59 59 57
29 21 60 60 58
30 21 63 63 61
31 21 165 166 163
32 21 162 159 153
33 21 96 97 94
34 21 132 133 130
35 21 172 172 169
36 21 178 177 174
37 21 174 174 170
38 21 166 166 162
39 21 155 154 150
40 21 110 110 106
41 21 46 45 42
42 21 110 106 100
43 21 129 124 118
44 21 119 114 108
20 22 48 43 39
21 22 54 51 48
22 22 57 56 53
23 22 59 58 55
24 22 59 58 56
25 22 58 58 56
26 22 59 59 56
27 22 59 59 56
28 22 59 58 56
29 22 60 60 57
30 22 62 62 60
31 22 163 164 161
32 22 174 172 167
33 22 163 163 160
34 22 172 172 169
35 22 178 178 175
36 22 175 174 171
37 22 162 162 158
38 22 128 128 124
39 22 121 121 117
40 22 89 88 85
41 22 94 91 86
42 22 116 110 104
43 22 103 97 90
44 22 130 122 115
21 23 49 47 43
22 23 53 51 48
23 23 57 55 53
24 23 58 57 54
25 23 58 57 55
26 23 58 58 56
27 23 56 56 54
28 23 58 57 55
29 23 59 59 56
30 23 63 63 60
31 23 161 161 159
32 23 181 178 174
33 23 180 179 176
34 23 178 178 175
35 23 175 175 172
36 23 165 165 161
37 23 121 121 118
38 23 61 61 58
39 23 118 117 113
40 23 121 118 113
41 23 116 111 105
42 23 94 88 82
22 24 48 45 42
23 24 53 50 48
24 24 56 54 51
25 24 57 57 54
26 24 55 55 53
27 24 48 48 47
28 24 49 49 47
29 24 56 56 53
30 24 62 61 59
31 24 161 160 157
32 24 179 177 172
33 24 178 177 174
34 24 173 173 170
35 24 167 167 163
36 24 144 144 141
37 24 57 57 55
38 24 89 87 83
39 24 134 131 126
40 24 122 118 112
41 24 73 69 64
23 25 45 42 39
24 25 51 49 46
25 25 55 53 50
26 25 55 54 52
27 25 37 37 35
28 25 23 23 22
29 25 42 42 40
30 25 59 59 56
31 25 158 158 154
32 25 177 174 170
33 25 171 170 168
34 25 145 145 141
35 25 130 130 127
36 25 128 128 125
37 25 89 88 84
38 25 122 119 114
39 25 125 121 115
40 25 48 46 43
25 26 49 47 44
26 26 52 50 47
27 26 42 41 39
28 26 15 15 14
29 26 23 23 22
30 26 52 51 49
31 26 153 152 149
32 26 172 169 164
33 26 140 140 137
34 26 68 68 65
35 26 104 103 100
36 26 139 138 134
37 26 129 126 121
38 26 114 110 104
39 26 45 43 40
26 27 46 44 41
27 27 47 45 43
28 27 32 32 30
29 27 15 15 14
30 27 39 38 37
31 27 148 147 143
32 27 155 152 146
33 27 70 70 67
34 27 65 64 62
35 27 136 134 130
36 27 142 139 134
37 27 123 119 114
38 27 44 42 39
27 28 44 42 39
28 28 42 40 38
29 28 36 34 32
30 28 41 40 38
31 28 139 138 133
32 28 127 122 115
33 28 76 74 70
34 28 121 118 114
35 28 136 133 128
36 28 112 108 103
28 29 42 40 37
29 29 45 42 39
30 29 50 48 45
31 29 137 134 128
32 29 143 138 131
33 29 134 131 126
34 29 129 125 120
35 29 86 82 78
29 30 41 38 35
30 30 46 43 40
31 30 131 125 119
32 30 150 142 135
33 30 133 128 122
34 30 49 47 44
31 31 133 124 117
32 31 132 121 111
33 31 49 44 40
