33 0 182 175 166
34 0 174 165 153
31 1 189 190 187
32 1 191 191 187
33 1 192 189 183
34 1 187 182 173
35 1 182 175 165
29 2 188 189 187
30 2 192 193 191
31 2 193 193 191
32 2 190 191 188
33 2 187 187 184
34 2 192 190 185
35 2 190 185 178
36 2 187 178 170
27 3 188 188 186
28 3 191 193 190
29 3 192 194 191
30 3 190 191 189
31 3 174 175 173
32 3 140 142 140
33 3 135 136 134
34 3 177 178 175
35 3 193 191 187
36 3 194 187 181
37 3 193 180 171
25 4 185 186 183
26 4 190 191 189
27 4 192 192 190
28 4 194 195 192
29 4 193 193 191
30 4 172 173 170
31 4 101 102 100
32 4 27 27 26
33 4 25 26 25
34 4 122 124 121
35 4 185 185 183
36 4 196 193 189
37 4 195 189 183
38 4 193 179 170
24 5 189 189 187
25 5 190 191 189
26 5 193 194 191
27 5 193 194 191
28 5 194 195 192
29 5 193 194 192
30 5 178 179 177
31 5 110 111 109
32 5 13 13 13
33 5 46 47 45
34 5 125 126 123
35 5 182 182 180
36 5 196 196 193
37 5 196 193 189
38 5 195 187 181
22 6 186 187 185
23 6 188 189 187
24 6 192 193 190
25 6 193 194 191
26 6 193 194 191
27 6 193 194 191
28 6 194 194 192
29 6 193 194 191
30 6 190 191 188
31 6 170 170 168
32 6 130 131 128
33 6 155 156 154
34 6 181 181 179
35 6 193 193 191
36 6 196 196 194
37 6 197 196 193
38 6 196 191 187
39 6 196 187 181
20 7 183 185 183
21 7 187 188 186
22 7 187 189 187
23 7 185 186 184
24 7 187 188 186
25 7 189 190 188
26 7 192 193 190
27 7 193 193 191
28 7 193 193 191
29 7 193 193 190
30 7 193 193 191
31 7 191 191 189
32 7 186 187 184
33 7 190 191 188
34 7 193 194 191
35 7 196 196 193
36 7 196 196 194
37 7 197 197 194
38 7 197 195 192
39 7 196 192 187
40 7 196 186 180
18 8 177 179 178
19 8 186 188 187
20 8 188 190 188
21 8 185 187 185
22 8 168 170 168
23 8 135 137 135
24 8 141 144 142
25 8 161 163 161
26 8 186 187 185
27 8 192 192 190
28 8 191 192 189
29 8 191 191 189
30 8 188 189 187
31 8 187 188 186
32 8 190 190 188
33 8 193 194 192
34 8 194 195 192
35 8 195 195 193
36 8 196 196 194
37 8 197 196 194
38 8 197 196 194
39 8 197 196 193
40 8 197 192 187
41 8 196 187 180
17 9 163 165 162
18 9 176 178 177
19 9 188 191 190
20 9 190 192 190
21 9 168 170 167
22 9 92 94 92
23 9 25 25 25
24 9 34 35 35
25 9 100 102 101
26 9 173 175 172
27 9 191 191 189
28 9 189 190 187
29 9 176 177 174
30 9 144 145 143
31 9 139 141 139
32 9 156 157 155
33 9 184 186 184
34 9 193 194 192
35 9 195 195 193
36 9 196 196 194
37 9 194 194 192
38 9 190 190 188
39 9 190 190 187
40 9 195 193 190
41 9 196 190 185
42 9 195 184 177
18 10 153 154 152
19 10 180 183 181
20 10 189 191 189
21 10 159 161 158
22 10 67 69 66
23 10 6 6 6
24 10 27 27 27
25 10 118 120 119
26 10 176 177 175
27 10 189 189 187
28 10 182 182 180
29 10 132 133 130
30 10 44 44 43
31 10 24 24 24
32 10 52 54 52
33 10 152 154 152
34 10 190 190 188
35 10 195 195 193
36 10 191 192 189
37 10 170 170 168
38 10 138 139 137
39 10 141 142 140
40 10 169 168 166
41 10 187 184 180
42 10 195 188 183
43 10 195 184 177
18 11 50 50 49
19 11 142 145 143
20 11 186 188 187
21 11 174 175 173
22 11 133 134 131
23 11 108 108 106
24 11 121 122 120
25 11 160 161 160
26 11 185 185 183
27 11 188 189 187
28 11 182 182 179
29 11 134 134 131
30 11 29 29 28
31 11 7 7 7
32 11 52 53 51
33 11 143 145 142
34 11 187 188 186
35 11 193 193 191
36 11 183 183 181
37 11 122 122 119
38 11 32 32 31
39 11 28 28 28
40 11 91 91 90
41 11 168 166 164
42 11 195 191 188
43 11 196 188 182
44 11 193 181 173
18 12 44 44 43
19 12 52 52 51
20 12 161 163 161
21 12 190 191 189
22 12 183 183 180
23 12 178 178 175
24 12 177 177 175
25 12 182 182 180
26 12 188 188 185
27 12 188 188 186
28 12 183 184 181
29 12 161 161 158
30 12 113 113 111
31 12 91 90 87
32 12 124 124 120
33 12 171 171 169
34 12 191 191 188
35 12 193 193 190
36 12 179 179 176
37 12 103 103 100
38 12 10 10 9
39 12 5 5 5
40 12 59 59 58
41 12 163 163 161
42 12 194 193 190
43 12 196 191 186
44 12 194 183 175
45 12 185 168 158
19 13 41 41 40
20 13 81 83 81
21 13 172 174 172
22 13 192 192 190
23 13 189 188 185
24 13 188 187 183
25 13 186 186 183
26 13 188 187 184
27 13 189 188 186
28 13 187 187 184
29 13 184 184 182
30 13 177 177 175
31 13 174 174 171
32 13 175 175 172
33 13 186 186 183
34 13 191 190 188
35 13 192 192 189
36 13 189 189 186
37 13 160 159 156
38 13 95 95 92
39 13 93 93 90
40 13 120 120 117
41 13 176 175 172
42 13 195 193 190
43 13 195 190 186
44 13 186 177 170
45 13 174 160 150
19 14 38 38 36
20 14 48 48 46
21 14 114 115 113
22 14 185 185 183
23 14 192 191 188
24 14 188 188 185
25 14 188 187 184
26 14 187 187 184
27 14 187 187 184
28 14 187 187 184
29 14 186 186 184
30 14 185 186 183
31 14 187 188 185
32 14 189 189 186
33 14 190 190 187
34 14 191 191 188
35 14 192 192 189
36 14 192 192 188
37 14 189 188 185
38 14 179 179 175
39 14 177 176 173
40 14 181 180 176
41 14 191 189 186
42 14 190 187 183
43 14 173 168 162
44 14 148 140 133
45 14 168 160 152
19 15 39 39 37
20 15 44 44 42
21 15 32 32 31
22 15 144 145 143
23 15 190 190 188
24 15 190 190 187
25 15 188 187 184
26 15 187 186 184
27 15 185 185 183
28 15 178 178 175
29 15 172 172 170
30 15 169 170 167
31 15 178 179 176
32 15 187 187 185
33 15 190 189 186
34 15 190 189 186
35 15 193 191 188
36 15 193 192 188
37 15 192 191 188
38 15 193 192 188
39 15 193 192 188
40 15 193 191 187
41 15 180 177 172
42 15 145 140 135
43 15 109 105 100
44 15 130 125 118
45 15 159 153 145
20 16 40 39 38
21 16 39 39 37
22 16 55 55 52
23 16 164 165 163
24 16 192 192 190
25 16 190 189 186
26 16 187 186 183
27 16 178 178 175
28 16 144 144 140
29 16 107 107 104
30 16 81 82 79
31 16 131 132 129
32 16 179 179 176
33 16 189 189 186
34 16 190 189 186
35 16 192 191 187
36 16 192 191 187
37 16 193 191 187
38 16 193 191 188
39 16 188 186 182
40 16 163 160 155
41 16 103 100 95
42 16 54 52 49
43 16 99 96 91
44 16 133 129 122
45 16 163 157 151
20 17 45 44 41
21 17 51 50 47
22 17 35 35 34
23 17 98 98 95
24 17 176 176 174
25 17 190 190 187
26 17 186 186 182
27 17 165 164 161
28 17 82 82 79
29 17 18 18 17
30 17 5 5 5
31 17 54 54 52
32 17 158 157 154
33 17 187 186 182
34 17 190 188 185
35 17 191 189 185
36 17 191 189 185
37 17 190 188 184
38 17 184 182 178
39 17 148 145 141
40 17 78 75 72
41 17 38 37 35
42 17 86 85 81
43 17 118 115 109
44 17 142 137 131
45 17 164 159 151
20 18 51 49 47
21 18 49 47 44
22 18 32 32 30
23 18 47 47 44
24 18 122 122 119
25 18 184 184 181
26 18 187 186 183
27 18 165 164 161
28 18 87 85 82
29 18 6 6 6
30 18 6 6 6
31 18 71 71 69
32 18 162 162 158
33 18 187 185 181
34 18 190 188 183
35 18 190 188 184
36 18 186 185 181
37 18 167 165 162
38 18 131 130 126
39 18 95 95 91
40 18 70 70 67
41 18 97 97 93
42 18 112 111 106
43 18 121 118 112
44 18 145 141 134
21 19 49 48 45
22 19 38 37 35
23 19 44 44 42
24 19 52 52 49
25 19 148 147 143
26 19 185 184 180
27 19 177 176 172
28 19 151 149 145
29 19 98 96 92
30 19 87 85 81
31 19 135 133 128
32 19 177 175 170
33 19 187 185 180
34 19 186 185 181
35 19 175 175 171
36 19 147 147 143
37 19 132 132 128
38 19 127 126 123
39 19 115 114 111
40 19 113 112 109
41 19 118 116 112
42 19 115 113 108
43 19 123 119 114
44 19 144 139 133
22 20 45 43 41
23 20 44 44 41
24 20 52 52 50
25 20 64 63 60
26 20 161 159 155
27 20 186 184 180
28 20 181 180 175
29 20 168 166 161
30 20 169 166 161
31 20 179 177 172
32 20 184 182 178
33 20 180 179 176
34 20 156 156 153
35 20 131 131 127
36 20 128 127 124
37 20 127 126 123
38 20 127 126 123
39 20 125 124 121
40 20 117 117 113
41 20 108 107 102
42 20 96 94 90
43 20 107 104 99
44 20 135 130 124
22 21 51 49 47
23 21 50 48 46
24 21 54 53 51
25 21 42 42 40
26 21 93 90 85
27 21 173 171 167
28 21 186 184 180
29 21 184 182 177
30 21 184 182 177
31 21 182 180 176
32 21 160 160 156
33 21 108 108 105
34 21 104 105 103
35 21 126 126 123
36 21 126 126 123
37 21 126 125 122
38 21 125 124 121
39 21 119 118 115
40 21 97 96 92
41 21 59 58 55
42 21 77 75 72
43 21 105 97 92
44 21 132 123 116
23 22 55 53 50
24 22 57 55 53
25 22 45 45 43
26 22 26 25 24
27 22 121 117 113
28 22 179 176 172
29 22 184 182 178
30 22 177 177 174
31 22 135 137 134
32 22 70 71 69
33 22 60 61 60
34 22 113 113 111
35 22 128 128 125
36 22 126 125 122
37 22 124 124 121
38 22 119 119 115
39 22 98 97 94
40 22 53 53 50
41 22 59 55 52
42 22 89 83 78
43 22 90 81 75
44 22 143 130 122
24 23 58 56 54
25 23 51 50 47
26 23 29 28 27
27 23 33 31 28
28 23 141 139 135
29 23 160 161 158
30 23 112 113 111
31 23 40 41 40
32 23 59 60 59
33 23 107 108 107
34 23 126 126 124
35 23 127 127 124
36 23 124 123 120
37 23 122 121 118
38 23 114 113 110
39 23 83 81 79
40 23 72 68 64
41 23 73 67 62
42 23 84 75 69
24 24 59 57 54
25 24 52 50 47
26 24 35 34 32
27 24 21 20 19
28 24 76 75 71
29 24 127 129 126
30 24 93 95 93
31 24 92 95 93
32 24 113 115 113
33 24 124 125 122
34 24 125 125 122
35 24 123 123 120
36 24 122 121 118
37 24 120 119 116
38 24 115 113 109
39 24 91 88 84
40 24 85 78 74
41 24 48 43 40
25 25 51 49 47
26 25 39 37 35
27 25 23 22 20
28 25 46 44 41
29 25 129 131 128
30 25 123 124 122
31 25 125 126 123
32 25 125 126 123
33 25 118 118 115
34 25 112 112 109
35 25 117 116 114
36 25 120 119 115
37 25 115 112 108
38 25 104 99 95
39 25 59 55 52
26 26 41 39 36
27 26 30 28 26
28 26 31 30 28
29 26 128 129 127
30 26 128 129 126
31 26 122 123 120
32 26 102 102 100
33 26 71 71 70
34 26 91 91 89
35 26 113 112 108
36 26 107 103 99
37 26 99 93 88
38 26 61 55 51
27 27 37 34 32
28 27 33 31 29
29 27 126 126 123
30 27 123 124 121
31 27 93 94 91
32 27 48 48 47
33 27 63 63 61
34 27 103 100 97
35 27 102 98 94
36 27 61 59 56
27 28 41 39 37
28 28 35 33 30
29 28 117 117 114
30 28 110 111 108
31 28 70 71 69
32 28 75 74 72
33 28 82 80 77
34 28 76 73 69
35 28 58 53 49
28 29 42 38 36
29 29 104 102 99
30 29 113 113 110
31 29 101 100 96
32 29 90 87 83
33 29 48 47 45
29 30 100 95 91
30 30 102 99 95
31 30 87 85 80
29 31 46 43 41
30 31 55 53 49
