31 0 178 173 165
32 0 176 170 161
33 0 173 173 170
30 1 181 180 177
31 1 185 183 178
32 1 188 183 176
33 1 187 183 180
34 1 184 180 177
28 2 181 182 179
29 2 181 181 179
30 2 181 182 180
31 2 185 185 182
32 2 193 189 184
33 2 194 187 183
34 2 196 186 183
35 2 179 175 172
27 3 178 179 176
28 3 178 179 176
29 3 167 168 166
30 3 140 142 140
31 3 162 164 161
32 3 190 188 185
33 3 197 188 183
34 3 201 184 182
35 3 196 180 178
25 4 175 175 172
26 4 179 179 177
27 4 179 180 177
28 4 162 163 161
29 4 103 104 101
30 4 43 44 43
31 4 138 139 136
32 4 188 187 184
33 4 197 191 187
34 4 202 182 180
35 4 204 173 171
36 4 193 176 174
24 5 174 174 171
25 5 178 178 175
26 5 182 183 180
27 5 180 181 178
28 5 140 141 138
29 5 47 48 47
30 5 107 108 105
31 5 167 168 165
32 5 191 190 187
33 5 197 192 188
34 5 201 186 183
35 5 206 169 169
36 5 200 170 168
37 5 187 173 171
22 6 169 169 166
23 6 173 174 171
24 6 178 179 176
25 6 183 183 181
26 6 184 184 182
27 6 182 182 180
28 6 157 158 155
29 6 138 139 137
30 6 173 173 171
31 6 189 189 187
32 6 193 193 190
33 6 195 192 188
34 6 200 189 186
35 6 205 176 175
36 6 203 167 166
37 6 193 173 170
38 6 177 174 171
21 7 165 166 163
22 7 170 171 169
23 7 175 176 173
24 7 180 181 178
25 7 182 182 180
26 7 183 183 181
27 7 184 184 182
28 7 181 182 179
29 7 182 183 180
30 7 189 189 187
31 7 192 192 190
32 7 194 194 191
33 7 196 194 190
34 7 200 192 188
35 7 204 180 178
36 7 203 171 171
37 7 194 179 177
38 7 180 178 175
39 7 170 171 168
19 8 161 162 160
20 8 165 167 165
21 8 162 163 161
22 8 157 159 156
23 8 167 168 166
24 8 179 180 177
25 8 181 182 179
26 8 180 180 178
27 8 181 182 180
28 8 184 185 183
29 8 187 188 185
30 8 191 191 188
31 8 192 192 189
32 8 193 193 190
33 8 195 194 191
34 8 199 194 189
35 8 202 183 181
36 8 203 171 170
37 8 193 181 179
38 8 181 180 177
39 8 175 176 173
40 8 164 165 161
18 9 163 165 163
19 9 166 168 166
20 9 159 161 159
21 9 121 123 121
22 9 81 83 82
23 9 140 142 139
24 9 177 178 175
25 9 173 174 171
26 9 151 152 149
27 9 149 150 148
28 9 176 177 175
29 9 188 188 186
30 9 189 190 187
31 9 186 187 184
32 9 183 183 181
33 9 189 188 186
34 9 197 193 189
35 9 200 187 183
36 9 202 172 170
37 9 193 179 177
38 9 173 171 168
39 9 173 175 172
40 9 169 170 166
41 9 154 153 147
18 10 166 169 168
19 10 167 170 168
20 10 139 141 139
21 10 50 51 50
22 10 78 80 79
23 10 152 154 151
24 10 170 170 168
25 10 135 136 133
26 10 62 62 61
27 10 75 76 75
28 10 165 166 164
29 10 186 187 184
30 10 177 178 175
31 10 145 146 143
32 10 122 123 121
33 10 158 158 156
34 10 189 186 182
35 10 200 190 185
36 10 201 166 164
37 10 197 166 164
38 10 168 159 157
39 10 154 157 153
40 10 172 174 170
41 10 162 161 156
42 10 145 140 132
18 11 171 175 174
19 11 165 167 165
20 11 119 121 118
21 11 83 84 83
22 11 137 139 137
23 11 171 171 169
24 11 163 163 160
25 11 88 89 86
26 11 33 34 32
27 11 114 115 112
28 11 171 172 169
29 11 181 181 179
30 11 147 148 145
31 11 59 59 57
32 11 42 42 41
33 11 145 144 142
34 11 190 187 184
35 11 198 190 185
36 11 198 172 168
37 11 199 148 146
38 11 184 161 159
39 11 137 136 133
40 11 164 166 162
41 11 168 168 163
42 11 159 156 149
18 12 172 175 173
19 12 171 173 171
20 12 160 160 157
21 12 155 155 153
22 12 168 168 165
23 12 175 175 172
24 12 159 159 156
25 12 103 103 100
26 12 108 108 104
27 12 161 161 158
28 12 182 182 180
29 12 173 173 170
30 12 100 100 98
31 12 25 25 24
32 12 88 88 87
33 12 165 165 162
34 12 193 190 186
35 12 196 188 181
36 12 191 177 171
37 12 197 157 153
38 12 194 157 156
39 12 165 157 155
40 12 145 148 144
41 12 170 171 167
42 12 165 163 157
18 13 179 181 180
19 13 175 176 174
20 13 174 173 170
21 13 172 172 169
22 13 175 175 172
23 13 175 175 172
24 13 171 172 169
25 13 162 162 159
26 13 166 165 162
27 13 180 179 177
28 13 186 185 182
29 13 176 176 173
30 13 124 123 120
31 13 105 105 102
32 13 150 149 146
33 13 184 183 180
34 13 189 185 180
35 13 176 167 160
36 13 170 158 150
37 13 189 169 163
38 13 195 157 153
39 13 189 171 168
40 13 166 165 162
41 13 169 170 166
42 13 169 168 163
43 13 162 158 150
18 14 179 181 180
19 14 175 176 174
20 14 176 176 172
21 14 175 174 171
22 14 175 175 171
23 14 175 175 172
24 14 175 176 173
25 14 178 178 176
26 14 180 180 177
27 14 184 183 180
28 14 186 185 182
29 14 185 185 181
30 14 176 176 172
31 14 175 174 171
32 14 183 181 177
33 14 182 179 174
34 14 153 148 142
35 14 98 93 87
36 14 123 116 109
37 14 171 163 156
38 14 188 167 162
39 14 193 168 165
40 14 186 180 177
41 14 177 179 175
42 14 173 173 168
43 14 166 163 156
18 15 180 182 181
19 15 175 175 173
20 15 177 176 173
21 15 173 173 170
22 15 166 167 163
23 15 159 159 156
24 15 164 165 162
25 15 177 177 174
26 15 181 181 178
27 15 184 183 180
28 15 186 184 181
29 15 187 186 183
30 15 187 186 182
31 15 184 182 178
32 15 169 165 160
33 15 128 124 118
34 15 72 68 64
35 15 55 53 49
36 15 67 64 61
37 15 119 114 109
38 15 169 161 155
39 15 186 170 166
40 15 190 179 176
41 15 185 185 182
42 15 179 179 175
43 15 172 169 162
18 16 180 182 181
19 16 174 175 173
20 16 176 176 173
21 16 167 166 163
22 16 134 133 130
23 16 93 93 91
24 16 131 131 128
25 16 175 174 172
26 16 181 180 177
27 16 184 183 179
28 16 186 185 181
29 16 186 185 181
30 16 180 177 173
31 16 148 145 140
32 16 91 88 84
33 16 41 40 37
34 16 20 19 17
35 16 19 18 17
36 16 28 28 26
37 16 69 67 64
38 16 120 116 110
39 16 169 163 157
40 16 184 174 170
41 16 187 185 182
42 16 182 183 180
43 16 175 174 168
44 16 169 162 153
19 17 171 171 169
20 17 173 173 169
21 17 144 143 140
22 17 66 66 64
23 17 34 34 33
24 17 125 124 120
25 17 174 173 169
26 17 182 180 176
27 17 184 182 178
28 17 181 179 175
29 17 167 164 160
30 17 126 124 119
31 17 87 85 81
32 17 50 49 46
33 17 13 13 12
35 17 4 4 3
36 17 25 25 24
37 17 66 65 61
38 17 79 76 72
39 17 113 109 103
40 17 167 161 155
41 17 181 179 174
42 17 183 183 179
43 17 179 178 174
44 17 172 167 160
19 18 169 169 166
20 18 169 168 165
21 18 127 126 122
22 18 27 27 26
23 18 80 79 76
24 18 154 153 148
25 18 177 175 171
26 18 181 179 175
27 18 175 174 170
28 18 146 145 141
29 18 95 94 90
30 18 82 81 78
31 18 80 80 77
32 18 56 55 53
33 18 28 28 27
34 18 20 20 19
35 18 34 34 33
36 18 57 57 55
37 18 73 72 69
38 18 81 79 75
39 18 86 84 79
40 18 116 113 107
41 18 164 160 154
42 18 180 179 174
43 18 182 181 178
44 18 175 171 164
45 18 167 155 146
19 19 169 168 164
20 19 169 167 163
21 19 142 141 136
22 19 110 107 103
23 19 144 142 137
24 19 172 170 165
25 19 173 172 167
26 19 156 155 152
27 19 121 120 116
28 19 89 89 85
29 19 85 85 82
30 19 84 84 80
31 19 84 84 81
32 19 74 74 71
33 19 65 65 63
34 19 65 65 63
35 19 74 74 71
36 19 76 76 73
37 19 79 79 75
38 19 85 84 80
39 19 85 83 79
40 19 80 79 74
41 19 111 108 103
42 19 160 157 151
43 19 177 175 171
44 19 175 172 166
45 19 170 161 153
19 20 172 170 165
20 20 173 171 166
21 20 167 165 160
22 20 163 161 156
23 20 170 169 164
24 20 166 166 163
25 20 135 135 132
26 20 94 94 91
27 20 83 83 80
28 20 84 84 81
29 20 86 86 83
30 20 87 87 84
31 20 86 86 83
32 20 84 83 81
33 20 85 84 82
34 20 83 82 79
35 20 83 83 80
36 20 83 82 79
37 20 81 80 77
38 20 82 81 77
39 20 82 80 76
40 20 74 73 69
41 20 77 76 72
42 20 101 99 94
43 20 157 154 148
44 20 171 168 162
45 20 167 159 151
19 21 169 167 163
20 21 171 169 165
21 21 173 171 166
22 21 169 169 166
23 21 145 145 142
24 21 91 92 89
25 21 55 55 53
26 21 57 57 55
27 21 61 61 59
28 21 78 79 76
29 21 85 85 82
30 21 87 86 84
31 21 83 82 79
32 21 84 84 81
33 21 85 85 82
34 21 85 84 81
35 21 85 85 82
36 21 83 83 79
37 21 80 80 77
38 21 78 78 75
39 21 65 64 61
40 21 50 49 46
41 21 45 45 42
42 21 46 45 43
43 21 96 94 90
44 21 152 147 141
45 21 164 155 147
46 21 149 133 123
19 22 164 162 158
20 22 166 165 161
21 22 156 156 153
22 22 122 124 121
23 22 78 79 76
24 22 29 30 28
25 22 10 10 9
26 22 14 14 14
27 22 27 28 28
28 22 71 72 70
29 22 87 87 84
30 22 81 81 78
31 22 82 82 79
32 22 85 84 82
33 22 85 85 82
34 22 85 85 82
35 22 84 84 81
36 22 83 82 80
37 22 81 81 78
38 22 70 69 66
39 22 37 36 34
40 22 14 13 12
41 22 6 6 6
42 22 22 22 21
43 22 67 67 64
44 22 98 93 88
45 22 143 130 120
46 22 163 146 135
20 23 143 145 143
21 23 101 103 100
22 23 86 87 84
23 23 55 56 55
24 23 17 18 17
25 23 9 9 9
26 23 18 19 19
27 23 42 44 43
28 23 77 78 77
29 23 82 82 80
30 23 83 83 81
31 23 85 84 82
32 23 87 86 84
33 23 85 84 82
34 23 81 80 78
35 23 82 82 79
36 23 84 83 81
37 23 83 82 80
38 23 63 62 60
39 23 30 29 28
40 23 14 14 14
41 23 20 20 19
42 23 45 44 42
43 23 76 73 69
44 23 75 70 65
45 23 71 62 55
21 24 107 108 105
22 24 93 94 92
23 24 75 76 74
24 24 55 56 55
25 24 52 54 53
26 24 61 63 62
27 24 74 75 74
28 24 82 83 81
29 24 84 84 82
30 24 85 85 83
31 24 85 85 83
32 24 84 84 81
33 24 81 80 78
34 24 82 82 80
35 24 84 84 81
36 24 84 83 81
37 24 84 83 81
38 24 78 78 76
39 24 64 63 61
40 24 60 59 57
41 24 64 61 58
42 24 71 67 63
43 24 70 65 61
44 24 59 54 49
22 25 131 133 131
23 25 99 100 98
24 25 85 87 85
25 25 81 82 80
26 25 84 86 83
27 25 86 86 84
28 25 85 86 83
29 25 84 85 82
30 25 83 83 81
31 25 81 81 79
32 25 78 78 76
33 25 79 78 76
34 25 83 83 80
35 25 85 84 82
36 25 83 83 80
37 25 85 84 82
38 25 81 80 78
39 25 82 80 77
40 25 78 75 71
41 25 87 82 77
42 25 58 53 50
24 26 111 112 110
25 26 93 94 92
26 26 87 88 85
27 26 86 87 84
28 26 84 85 82
29 26 82 82 80
30 26 71 71 69
31 26 49 49 48
32 26 45 45 44
33 26 46 46 45
34 26 73 73 71
35 26 81 81 79
36 26 83 82 80
37 26 83 81 78
38 26 87 84 80
39 26 91 87 83
40 26 62 58 55
25 27 140 142 139
26 27 106 106 104
27 27 88 88 86
28 27 85 85 83
29 27 77 77 75
30 27 40 40 39
31 27 10 10 10
32 27 5 5 5
33 27 20 21 21
34 27 61 62 61
35 27 81 80 78
36 27 87 84 80
37 27 88 84 80
38 27 104 98 92
27 28 101 102 100
28 28 92 92 90
29 28 76 76 74
30 28 44 44 43
31 28 27 27 27
32 28 31 32 31
33 28 48 48 47
34 28 74 73 71
35 28 80 78 75
36 28 91 86 81
37 28 62 56 51
28 29 139 140 137
29 29 96 97 95
30 29 76 77 75
31 29 71 71 69
32 29 72 71 68
33 29 73 71 67
34 29 81 78 74
35 29 61 58 54
30 30 91 90 87
31 30 82 79 75
32 30 85 81 76
33 30 61 58 53
