31 1 156 148 139
32 1 162 154 148
33 1 173 167 162
29 2 162 154 145
30 2 166 159 151
31 2 170 165 158
32 2 175 170 164
33 2 179 175 170
34 2 182 179 175
35 2 186 182 179
27 3 167 161 153
28 3 168 162 155
29 3 171 166 159
30 3 175 171 164
31 3 177 174 168
32 3 178 174 169
33 3 180 177 172
34 3 184 182 178
35 3 189 188 184
36 3 192 191 189
25 4 166 160 152
26 4 170 165 159
27 4 173 169 162
28 4 176 173 167
29 4 179 176 171
30 4 180 177 172
31 4 180 177 172
32 4 181 179 173
33 4 182 180 175
34 4 184 183 179
35 4 190 189 186
36 4 194 193 191
37 4 196 196 194
38 4 195 195 194
23 5 163 157 149
24 5 170 166 159
25 5 172 169 162
26 5 177 174 169
27 5 179 177 172
28 5 181 179 175
29 5 182 181 176
30 5 183 181 177
31 5 184 182 178
32 5 184 182 178
33 5 185 184 180
34 5 187 186 182
35 5 189 189 185
36 5 193 193 190
37 5 196 196 193
38 5 197 198 196
39 5 198 199 198
22 6 170 165 159
23 6 173 170 163
24 6 178 175 170
25 6 180 178 174
26 6 181 180 176
27 6 183 182 178
28 6 184 183 179
29 6 185 184 180
30 6 185 185 182
31 6 186 186 183
32 6 187 187 184
33 6 188 188 185
34 6 189 189 185
35 6 191 191 187
36 6 193 192 189
37 6 195 195 192
38 6 197 198 195
39 6 200 201 200
40 6 201 203 202
41 6 200 202 202
20 7 168 162 156
21 7 170 165 159
22 7 170 168 163
23 7 171 170 165
24 7 175 174 169
25 7 181 180 176
26 7 183 183 179
27 7 185 185 181
28 7 184 184 181
29 7 179 179 176
30 7 174 175 172
31 7 177 177 174
32 7 187 187 185
33 7 191 191 188
34 7 191 192 189
35 7 192 192 190
36 7 188 188 186
37 7 182 182 179
38 7 182 182 179
39 7 194 195 192
40 7 201 202 201
41 7 203 205 204
42 7 203 205 204
18 8 168 157 148
19 8 172 166 159
20 8 172 169 164
21 8 161 159 155
22 8 138 137 133
23 8 119 118 114
24 8 129 129 125
25 8 170 169 166
26 8 184 184 181
27 8 183 184 181
28 8 165 166 163
29 8 132 132 129
30 8 102 103 100
31 8 113 113 111
32 8 169 170 167
33 8 191 192 189
34 8 192 193 191
35 8 180 181 179
36 8 147 148 146
37 8 107 107 105
38 8 102 103 100
39 8 155 157 154
40 8 195 196 194
41 8 204 206 204
42 8 204 206 205
43 8 199 201 201
17 9 163 149 139
18 9 174 162 153
19 9 178 174 168
20 9 169 168 165
21 9 120 120 117
22 9 49 49 48
23 9 23 23 22
24 9 92 93 90
25 9 167 167 164
26 9 185 185 182
27 9 180 180 177
28 9 131 132 130
29 9 46 46 45
30 9 21 22 21
31 9 83 84 82
32 9 163 164 162
33 9 191 191 189
34 9 191 192 190
35 9 161 163 161
36 9 77 79 78
37 9 15 15 15
38 9 51 52 51
39 9 138 140 138
40 9 191 193 191
41 9 204 205 203
42 9 203 205 204
43 9 200 202 201
44 9 195 196 196
17 10 138 133 126
18 10 157 147 138
19 10 180 174 168
20 10 169 168 164
21 10 126 126 124
22 10 93 94 91
23 10 112 112 109
24 10 156 156 154
25 10 182 182 180
26 10 188 188 186
27 10 183 183 181
28 10 159 160 158
29 10 123 125 122
30 10 126 127 125
31 10 165 167 165
32 10 188 189 187
33 10 195 196 194
34 10 194 195 194
35 10 179 181 179
36 10 148 151 149
37 10 130 132 130
38 10 155 157 156
39 10 183 185 183
40 10 199 201 199
41 10 203 204 202
42 10 201 202 201
43 10 195 197 197
44 10 198 201 201
18 11 75 73 68
19 11 148 141 134
20 11 179 175 170
21 11 175 174 171
22 11 172 172 169
23 11 178 177 174
24 11 186 185 183
25 11 189 189 187
26 11 191 191 188
27 11 190 190 188
28 11 187 187 185
29 11 184 185 182
30 11 185 186 183
31 11 194 194 192
32 11 196 197 195
33 11 198 199 196
34 11 198 199 197
35 11 196 197 195
36 11 194 195 193
37 11 193 194 192
38 11 197 199 197
39 11 199 200 198
40 11 198 199 197
41 11 186 187 184
42 11 189 190 188
43 11 194 195 194
44 11 200 202 201
18 12 51 49 46
19 12 60 59 56
20 12 150 144 137
21 12 186 182 177
22 12 189 188 184
23 12 191 190 187
24 12 191 191 188
25 12 192 192 189
26 12 193 192 190
27 12 193 193 190
28 12 193 193 191
29 12 195 195 193
30 12 196 196 194
31 12 197 198 195
32 12 198 199 196
33 12 198 199 197
34 12 200 201 199
35 12 201 202 200
36 12 201 202 200
37 12 202 203 201
38 12 200 201 199
39 12 189 190 188
40 12 150 151 149
41 12 114 115 113
42 12 166 166 164
43 12 189 190 189
44 12 195 197 196
18 13 51 49 46
19 13 45 44 41
20 13 56 55 53
21 13 154 149 143
22 13 190 186 181
23 13 192 191 187
24 13 193 193 189
25 13 193 193 189
26 13 194 193 191
27 13 195 195 192
28 13 195 196 193
29 13 197 197 194
30 13 197 197 195
31 13 198 199 196
32 13 199 199 197
33 13 200 200 198
34 13 201 201 199
35 13 201 202 199
36 13 201 202 200
37 13 199 200 198
38 13 185 186 184
39 13 132 134 132
40 13 48 49 48
41 13 35 34 33
42 13 149 148 145
43 13 186 187 185
44 13 192 193 192
19 14 49 48 45
20 14 39 38 36
21 14 66 66 63
22 14 157 152 146
23 14 191 187 182
24 14 194 193 189
25 14 195 195 191
26 14 195 194 192
27 14 196 196 193
28 14 197 197 195
29 14 198 198 195
30 14 198 198 195
31 14 200 200 198
32 14 201 201 199
33 14 202 202 200
34 14 201 201 199
35 14 197 198 196
36 14 186 187 185
37 14 179 181 179
38 14 171 173 171
39 14 81 84 83
40 14 14 14 13
41 14 82 82 80
42 14 160 159 156
43 14 183 183 181
44 14 186 188 186
19 15 55 53 50
20 15 49 48 45
21 15 44 44 43
22 15 75 74 72
23 15 159 154 148
24 15 192 188 183
25 15 195 194 190
26 15 196 196 193
27 15 197 197 195
28 15 197 198 195
29 15 199 199 196
30 15 199 199 197
31 15 200 201 198
32 15 200 201 199
33 15 200 200 198
34 15 190 191 188
35 15 157 159 156
36 15 109 110 108
37 15 122 124 123
38 15 160 163 163
39 15 101 104 103
40 15 93 94 92
41 15 147 147 144
42 15 176 176 172
43 15 182 182 178
44 15 183 184 181
19 16 57 54 51
20 16 57 55 52
21 16 52 51 49
22 16 56 57 55
23 16 76 75 73
24 16 161 156 150
25 16 193 190 184
26 16 196 195 191
27 16 198 198 195
28 16 199 199 196
29 16 199 200 197
30 16 200 200 198
31 16 199 199 197
32 16 198 198 196
33 16 190 191 189
34 16 149 151 148
35 16 65 66 64
36 16 14 14 14
37 16 90 92 90
38 16 165 167 166
39 16 161 163 160
40 16 162 162 159
41 16 173 173 170
42 16 177 176 172
43 16 177 176 172
44 16 176 175 172
20 17 58 55 52
21 17 57 56 54
22 17 58 58 56
23 17 60 60 58
24 17 75 75 73
25 17 162 157 149
26 17 194 190 184
27 17 198 197 192
28 17 199 198 195
29 17 198 198 195
30 17 196 196 194
31 17 186 187 184
32 17 175 176 174
33 17 173 175 173
34 17 117 120 118
35 17 13 13 13
36 17 49 50 48
37 17 135 136 133
38 17 174 175 172
39 17 179 179 176
40 17 178 177 174
41 17 176 175 171
42 17 173 172 167
43 17 172 171 166
44 17 169 168 164
45 17 179 178 174
20 18 57 54 50
21 18 59 57 54
22 18 59 59 56
23 18 58 59 56
24 18 60 61 58
25 18 75 75 72
26 18 160 155 147
27 18 190 185 179
28 18 194 192 187
29 18 189 189 186
30 18 161 162 159
31 18 118 119 116
32 18 101 103 101
33 18 145 148 147
34 18 124 128 127
35 18 83 85 82
36 18 130 130 127
37 18 168 168 165
38 18 178 178 175
39 18 177 177 174
40 18 176 176 172
41 18 172 171 166
42 18 168 166 161
43 18 166 164 158
44 18 165 163 158
45 18 175 173 169
21 19 58 55 52
22 19 59 58 55
23 19 59 59 57
24 19 60 60 58
25 19 60 60 58
26 19 77 77 74
27 19 165 160 152
28 19 188 186 180
29 19 157 157 154
30 19 79 80 78
31 19 15 15 15
32 19 54 55 54
33 19 147 149 146
34 19 167 169 166
35 19 163 164 161
36 19 170 170 167
37 19 177 177 173
38 19 177 177 174
39 19 175 174 171
40 19 169 169 165
41 19 156 155 150
42 19 135 134 128
43 19 147 144 138
44 19 159 157 152
45 19 170 168 164
21 20 54 51 47
22 20 57 55 52
23 20 59 58 56
24 20 60 60 57
25 20 59 59 57
26 20 60 61 58
27 20 147 144 138
28 20 178 176 170
29 20 131 131 128
30 20 22 22 22
31 20 28 28 27
32 20 108 109 106
33 20 168 168 165
34 20 180 180 177
35 20 180 179 176
36 20 179 178 175
37 20 176 176 173
38 20 174 174 170
39 20 170 170 166
40 20 152 152 148
41 20 100 100 95
42 20 51 50 47
43 20 122 120 114
44 20 154 151 146
45 20 162 159 154
21 21 51 46 42
22 21 54 50 46
23 21 57 56 53
24 21 59 58 56
25 21 59 59 57
26 21 60 60 58
27 21 109 107 103
28 21 171 167 160
29 21 135 135 132
30 21 79 80 77
31 21 112 112 109
32 21 158 158 155
33 21 178 178 175
34 21 179 179 176
35 21 178 178 174
36 21 176 176 172
37 21 172 172 168
38 21 167 166 162
39 21 159 159 155
40 21 109 109 105
41 21 22 22 21
42 21 42 41 38
43 21 123 120 113
44 21 144 140 133
45 21 146 140 134
22 22 51 47 43
23 22 54 52 49
24 22 58 57 54
25 22 58 57 55
26 22 58 58 56
27 22 74 74 72
28 22 168 164 158
29 22 171 171 167
30 22 160 160 157
31 22 168 168 165
32 22 177 176 174
33 22 179 179 176
34 22 178 178 175
35 22 175 175 172
36 22 167 167 163
37 22 146 146 142
38 22 123 123 119
39 22 138 138 135
40 22 96 97 93
41 22 50 49 46
42 22 104 101 96
43 22 136 131 125
44 22 130 123 116
45 22 128 120 112
23 23 51 49 46
24 23 54 53 50
25 23 56 55 53
26 23 56 56 54
27 23 57 57 54
28 23 151 148 142
29 23 180 178 173
30 23 179 179 176
31 23 179 179 176
32 23 178 178 175
33 23 177 177 173
34 23 175 175 172
35 23 169 169 166
36 23 137 137 133
37 23 70 70 67
38 23 42 42 40
39 23 122 122 118
40 23 132 131 127
41 23 126 123 118
42 23 135 130 124
43 23 129 124 117
44 23 48 45 41
24 24 52 50 47
25 24 53 52 49
26 24 50 50 47
27 24 49 48 46
28 24 114 112 107
29 24 176 172 166
30 24 179 178 175
31 24 178 178 175
32 24 176 176 173
33 24 172 172 169
34 24 169 169 165
35 24 156 157 153
36 24 77 77 75
37 24 6 6 6
38 24 72 71 67
39 24 137 136 131
40 24 149 146 141
41 24 138 134 128
42 24 114 109 102
43 24 41 38 35
25 25 52 50 47
26 25 49 48 46
27 25 36 36 34
28 25 72 71 68
29 25 168 164 158
30 25 177 175 171
31 25 175 174 171
32 25 160 159 156
33 25 141 141 137
34 25 136 135 132
35 25 144 145 142
36 25 87 87 85
37 25 76 75 71
38 25 126 124 119
39 25 146 143 138
40 25 134 130 124
41 25 50 48 45
26 26 48 46 43
27 26 37 35 33
28 26 34 33 32
29 26 148 144 139
30 26 174 171 167
31 26 160 159 156
32 26 106 106 103
33 26 47 47 45
34 26 79 78 75
35 26 145 144 141
36 26 140 139 135
37 26 139 137 131
38 26 140 137 131
39 26 128 123 117
40 26 45 43 40
27 27 42 40 37
28 27 32 31 29
29 27 112 109 104
30 27 165 161 155
31 27 123 122 119
32 27 28 28 27
33 27 23 23 22
34 27 113 112 109
35 27 154 153 149
36 27 154 151 146
37 27 139 136 130
38 27 94 90 85
27 28 43 41 38
28 28 39 37 34
29 28 66 64 61
30 28 147 141 134
31 28 96 93 89
32 28 52 51 49
33 28 103 102 98
34 28 143 140 136
35 28 149 147 142
36 28 136 132 126
37 28 49 47 43
28 29 41 38 35
29 29 50 48 45
30 29 135 128 121
31 29 143 138 133
32 29 137 134 129
33 29 145 142 137
34 29 142 139 133
35 29 124 119 113
29 30 43 40 37
30 30 130 122 114
31 30 156 148 140
32 30 150 145 139
33 30 138 134 128
34 30 49 46 43
30 31 123 111 101
31 31 148 134 123
32 31 124 115 107
