33 0 169 161 151
34 0 174 166 156
32 1 189 189 186
33 1 190 189 185
34 1 185 181 175
35 1 180 174 164
30 2 190 191 188
31 2 194 195 193
32 2 194 195 193
33 2 192 192 190
34 2 188 187 184
35 2 189 186 180
36 2 185 179 172
29 3 194 195 193
30 3 195 196 193
31 3 195 196 194
32 3 187 188 186
33 3 160 161 159
34 3 141 142 139
35 3 173 173 169
36 3 188 185 180
37 3 189 181 175
27 4 194 195 193
28 4 197 198 196
29 4 197 198 196
30 4 197 198 196
31 4 193 194 192
32 4 167 168 166
33 4 78 79 77
34 4 26 26 26
35 4 97 99 97
36 4 171 171 168
37 4 190 187 183
38 4 190 182 175
26 5 196 197 195
27 5 196 197 195
28 5 198 199 196
29 5 198 198 196
30 5 197 197 195
31 5 195 196 194
32 5 182 183 180
33 5 124 125 123
34 5 23 23 22
35 5 31 32 31
36 5 137 138 136
37 5 186 185 183
38 5 191 188 183
39 5 190 182 175
24 6 194 195 193
25 6 195 197 195
26 6 197 198 196
27 6 197 198 196
28 6 197 198 196
29 6 197 197 195
30 6 197 197 195
31 6 196 196 194
32 6 193 193 191
33 6 179 180 178
34 6 134 134 132
35 6 138 139 136
36 6 175 176 174
37 6 190 190 188
38 6 192 191 189
39 6 192 188 184
40 6 190 182 176
23 7 193 195 193
24 7 195 197 195
25 7 195 196 195
26 7 188 189 187
27 7 187 189 187
28 7 191 193 190
29 7 195 196 194
30 7 196 197 195
31 7 195 196 193
32 7 194 194 192
33 7 193 193 191
34 7 187 187 185
35 7 187 188 185
36 7 191 191 189
37 7 193 193 190
38 7 192 192 190
39 7 192 191 188
40 7 190 187 182
41 7 190 183 177
21 8 184 186 185
22 8 191 194 193
23 8 196 198 197
24 8 195 197 195
25 8 175 177 175
26 8 124 126 124
27 8 116 118 117
28 8 143 146 144
29 8 180 182 179
30 8 195 195 193
31 8 194 195 192
32 8 193 194 191
33 8 191 191 189
34 8 189 190 187
35 8 190 191 189
36 8 192 193 190
37 8 193 193 190
38 8 192 192 190
39 8 192 192 190
40 8 192 191 188
41 8 191 187 183
42 8 189 181 176
21 9 140 142 141
22 9 185 188 188
23 9 198 200 199
24 9 195 196 194
25 9 154 156 153
26 9 45 46 45
27 9 11 12 12
28 9 43 45 44
29 9 143 145 143
30 9 188 189 187
31 9 194 194 192
32 9 187 188 185
33 9 158 158 156
34 9 141 143 141
35 9 158 160 158
36 9 184 185 183
37 9 192 193 190
38 9 192 193 190
39 9 192 192 189
40 9 190 190 187
41 9 188 187 185
42 9 188 184 181
43 9 188 180 174
44 9 185 170 162
20 10 63 64 62
21 10 93 94 92
22 10 139 142 142
23 10 190 192 191
24 10 195 197 196
25 10 166 168 165
26 10 76 77 75
27 10 21 21 20
28 10 37 38 37
29 10 136 138 137
30 10 185 186 184
31 10 193 193 191
32 10 175 175 172
33 10 98 99 96
34 10 23 24 23
35 10 44 45 44
36 10 140 141 139
37 10 184 185 183
38 10 192 193 190
39 10 188 188 186
40 10 166 167 164
41 10 150 151 148
42 10 168 167 165
43 10 181 177 173
44 10 186 177 172
45 10 183 169 160
20 11 63 64 62
21 11 109 111 108
22 11 60 61 59
23 11 140 142 141
24 11 191 193 192
25 11 189 191 189
26 11 162 163 160
27 11 134 134 131
28 11 133 134 132
29 11 164 166 164
30 11 188 189 187
31 11 193 193 191
32 11 183 184 181
33 11 132 132 129
34 11 30 31 29
35 11 6 6 6
36 11 88 89 87
37 11 172 173 171
38 11 191 192 189
39 11 183 183 180
40 11 125 125 122
41 11 45 45 44
42 11 78 78 77
43 11 145 143 141
44 11 182 177 174
45 11 186 178 172
46 11 180 166 156
19 12 63 64 62
20 12 84 85 83
21 12 85 86 84
22 12 25 25 24
23 12 36 37 35
24 12 140 142 141
25 12 192 194 192
26 12 195 195 193
27 12 188 188 186
28 12 185 185 182
29 12 187 187 185
30 12 191 192 189
31 12 192 192 190
32 12 189 189 187
33 12 167 168 165
34 12 125 126 123
35 12 92 91 88
36 12 130 130 127
37 12 178 178 176
38 12 190 190 188
39 12 185 185 183
40 12 134 133 130
41 12 23 23 22
42 12 5 5 5
43 12 98 97 96
44 12 176 174 172
45 12 186 181 176
46 12 183 173 166
47 12 173 154 144
19 13 64 64 62
20 13 111 112 109
21 13 55 56 55
22 13 13 13 13
23 13 7 7 6
24 13 36 36 34
25 13 145 147 145
26 13 192 193 192
27 13 198 198 195
28 13 194 194 191
29 13 193 192 189
30 13 192 191 188
31 13 192 192 189
32 13 191 191 188
33 13 186 187 184
34 13 180 180 178
35 13 173 173 170
36 13 174 174 171
37 13 185 185 182
38 13 190 190 187
39 13 190 190 187
40 13 175 174 171
41 13 118 118 114
42 13 76 75 73
43 13 108 108 106
44 13 172 171 169
45 13 187 184 180
46 13 182 174 168
47 13 178 164 155
18 14 63 64 62
19 14 62 63 61
20 14 99 100 97
21 14 49 49 48
22 14 28 29 29
23 14 5 5 5
24 14 14 14 14
25 14 48 48 46
26 14 149 151 148
27 14 193 193 192
28 14 197 197 195
29 14 194 193 190
30 14 191 191 188
31 14 192 191 189
32 14 191 191 188
33 14 189 190 187
34 14 187 188 185
35 14 187 188 185
36 14 187 188 185
37 14 189 189 186
38 14 190 190 187
39 14 190 189 186
40 14 189 189 185
41 14 179 178 174
42 14 169 169 165
43 14 168 167 164
44 14 182 181 178
45 14 183 180 176
46 14 174 168 164
47 14 177 171 165
18 15 63 64 62
19 15 112 113 110
20 15 60 61 59
21 15 24 24 24
22 15 30 32 31
23 15 24 25 25
24 15 17 17 17
25 15 44 44 43
26 15 59 59 56
27 15 153 154 151
28 15 192 193 191
29 15 196 196 194
30 15 193 193 189
31 15 191 191 188
32 15 189 189 186
33 15 183 183 180
34 15 174 175 172
35 15 172 173 170
36 15 180 180 178
37 15 187 187 185
38 15 189 189 186
39 15 189 188 185
40 15 190 189 186
41 15 189 188 184
42 15 189 188 184
43 15 188 187 183
44 15 179 177 173
45 15 160 156 152
46 15 144 139 134
18 16 62 63 61
19 16 106 106 104
20 16 42 42 41
21 16 7 7 7
22 16 14 15 15
23 16 37 38 37
24 16 45 45 44
25 16 52 52 50
26 16 58 58 55
27 16 60 59 57
28 16 154 154 152
29 16 192 192 190
30 16 196 196 193
31 16 192 192 189
32 16 188 188 185
33 16 167 167 164
34 16 121 122 119
35 16 88 88 86
36 16 129 129 127
37 16 176 176 173
38 16 188 187 184
39 16 189 188 184
40 16 190 188 184
41 16 190 188 184
42 16 189 187 183
43 16 176 173 169
44 16 146 143 139
45 16 48 46 43
17 17 59 58 56
18 17 88 87 84
19 17 70 71 68
20 17 39 40 39
21 17 20 21 21
22 17 5 5 5
23 17 31 32 31
24 17 55 56 54
25 17 59 59 56
26 17 59 58 56
27 17 59 58 55
28 17 59 58 55
29 17 154 153 150
30 17 192 192 189
31 17 193 193 190
32 17 188 187 184
33 17 154 154 150
34 17 53 53 51
35 17 8 8 8
36 17 32 32 31
37 17 137 137 134
38 17 183 182 178
39 17 189 187 183
40 17 189 187 183
41 17 187 185 181
42 17 171 169 164
43 17 132 129 124
44 17 105 102 97
17 18 54 52 47
18 18 93 90 84
19 18 40 40 39
20 18 15 15 15
21 18 24 26 25
22 18 24 25 25
23 18 34 34 33
24 18 55 55 53
25 18 60 60 57
26 18 59 59 56
27 18 58 57 54
28 18 57 56 53
29 18 58 56 53
30 18 154 153 149
31 18 190 189 187
32 18 190 190 186
33 18 169 168 164
34 18 95 93 90
35 18 16 16 15
36 18 19 19 18
37 18 118 118 114
38 18 179 178 174
39 18 187 185 180
40 18 186 184 180
41 18 168 165 160
42 18 118 115 112
43 18 91 88 85
18 19 65 62 57
19 19 40 39 36
20 19 9 9 8
21 19 17 17 17
22 19 44 44 43
23 19 53 54 52
24 19 58 58 56
25 19 59 59 57
26 19 59 59 57
27 19 58 58 55
28 19 55 55 51
29 19 51 50 46
30 19 48 47 44
31 19 154 153 148
32 19 187 186 182
33 19 184 183 178
34 19 162 160 156
35 19 116 114 109
36 19 91 89 85
37 19 144 142 137
38 19 181 179 175
39 19 184 182 177
40 19 161 159 154
41 19 99 97 92
42 19 105 103 99
18 20 55 51 46
19 20 47 44 41
20 20 30 29 27
21 20 16 16 15
22 20 44 44 42
23 20 59 59 57
24 20 61 61 59
25 20 59 59 57
26 20 59 59 56
27 20 58 58 55
28 20 54 54 51
29 20 36 36 33
30 20 20 20 18
31 20 37 36 34
32 20 154 152 147
33 20 186 184 180
34 20 187 185 181
35 20 176 174 169
36 20 169 167 161
37 20 179 177 172
38 20 182 180 175
39 20 156 154 149
40 20 106 105 101
41 20 64 63 60
19 21 50 46 41
20 21 48 45 42
21 21 44 43 41
22 21 50 50 48
23 21 60 60 58
24 21 61 61 58
25 21 60 60 58
26 21 59 59 56
27 21 57 57 54
28 21 53 53 50
29 21 31 31 29
30 21 3 3 3
31 21 11 11 10
32 21 42 41 38
33 21 154 151 146
34 21 184 182 177
35 21 187 186 181
36 21 185 183 178
37 21 179 176 171
38 21 150 148 143
39 21 97 95 91
40 21 88 86 84
20 22 56 53 49
21 22 58 55 52
22 22 59 58 56
23 22 62 61 59
24 22 62 61 59
25 22 60 60 58
26 22 58 58 56
27 22 50 50 48
28 22 40 40 38
29 22 34 34 33
30 22 16 16 15
31 22 1 1 1
32 22 18 17 16
33 22 62 60 56
34 22 150 146 141
35 22 181 179 174
36 22 178 176 171
37 22 144 142 137
38 22 100 99 96
39 22 56 55 53
40 22 59 59 58
21 23 58 55 51
22 23 60 58 55
23 23 61 60 58
24 23 61 61 59
25 23 61 60 58
26 23 59 59 56
27 23 42 42 40
28 23 13 13 13
29 23 19 19 18
30 23 28 28 27
31 23 18 18 17
32 23 17 16 15
33 23 41 40 37
34 23 69 64 60
35 23 135 129 123
36 23 136 133 129
37 23 89 88 85
38 23 56 55 53
22 24 59 55 51
23 24 61 58 55
24 24 61 60 57
25 24 58 58 56
26 24 54 54 52
27 24 44 44 42
28 24 16 17 16
29 24 2 2 2
30 24 23 23 22
31 24 40 39 37
32 24 41 40 38
33 24 48 46 42
34 24 70 66 62
35 24 97 96 92
36 24 87 86 84
37 24 58 57 55
23 25 57 53 49
24 25 60 57 54
25 25 55 54 52
26 25 35 35 33
27 25 30 30 29
28 25 30 30 29
29 25 14 14 14
30 25 13 13 12
31 25 42 41 39
32 25 52 51 47
33 25 72 69 64
34 25 95 94 90
35 25 84 83 80
36 25 58 57 56
24 26 57 54 50
25 26 52 49 46
26 26 27 26 24
27 26 6 5 5
28 26 23 23 22
29 26 37 37 35
30 26 32 32 30
31 26 47 46 43
32 26 72 69 64
33 26 96 93 90
34 26 81 80 78
35 26 58 57 55
25 27 50 47 43
26 27 33 30 28
27 27 11 10 10
28 27 12 12 11
29 27 42 42 40
30 27 53 52 49
31 27 68 65 61
32 27 90 87 83
33 27 84 83 80
34 27 57 56 54
26 28 40 36 32
27 28 32 30 27
28 28 25 24 23
29 28 42 42 40
30 28 69 67 63
31 28 88 85 81
32 28 78 78 76
33 28 56 55 53
27 29 50 45 41
28 29 51 47 44
29 29 63 60 56
30 29 86 83 79
31 29 70 68 65
32 29 56 55 53
28 30 52 45 40
29 30 81 74 68
30 30 71 69 66
31 30 56 54 53
29 31 48 40 34
30 31 47 39 34
