31 1 152 143 134
32 1 160 152 145
33 1 168 161 155
34 1 177 170 166
30 2 163 157 148
31 2 167 161 153
32 2 173 168 162
33 2 179 175 170
34 2 185 182 178
28 3 164 159 151
29 3 167 162 155
30 3 170 166 159
31 3 176 172 166
32 3 179 175 169
33 3 183 181 176
34 3 190 189 185
35 3 195 194 191
26 4 159 153 146
27 4 166 161 154
28 4 171 167 161
29 4 175 172 166
30 4 178 175 170
31 4 180 177 172
32 4 183 181 176
33 4 186 185 181
34 4 192 192 188
35 4 198 198 196
36 4 199 199 198
25 5 165 161 154
26 5 170 166 160
27 5 173 170 165
28 5 178 176 170
29 5 181 179 174
30 5 182 181 176
31 5 184 183 179
32 5 186 185 181
33 5 189 189 185
34 5 194 194 190
35 5 199 199 197
36 5 202 203 201
37 5 201 202 201
23 6 163 159 152
24 6 168 165 159
25 6 173 171 165
26 6 176 174 170
27 6 179 178 174
28 6 182 181 177
29 6 184 183 180
30 6 186 186 182
31 6 188 188 184
32 6 190 190 186
33 6 193 192 189
34 6 195 194 191
35 6 199 199 196
36 6 203 204 202
37 6 204 206 205
21 7 159 154 147
22 7 163 159 154
23 7 166 164 158
24 7 172 171 166
25 7 177 176 172
26 7 179 179 175
27 7 179 179 176
28 7 176 176 173
29 7 178 178 175
30 7 188 189 186
31 7 191 191 188
32 7 191 191 188
33 7 186 186 184
34 7 176 177 174
35 7 184 185 182
36 7 202 203 201
37 7 206 208 207
38 7 205 207 207
20 8 160 155 149
21 8 156 152 147
22 8 146 144 139
23 8 139 138 134
24 8 164 163 160
25 8 178 178 175
26 8 172 172 169
27 8 147 147 144
28 8 112 112 110
29 8 141 141 139
30 8 186 187 184
31 8 188 189 187
32 8 169 170 168
33 8 124 125 123
34 8 83 83 81
35 8 141 143 140
36 8 198 199 197
37 8 207 209 208
38 8 205 207 206
39 8 199 201 201
18 9 156 142 132
19 9 163 155 148
20 9 158 155 150
21 9 122 121 117
22 9 71 70 67
23 9 107 107 104
24 9 166 166 163
25 9 174 174 171
26 9 132 132 129
27 9 58 59 57
28 9 79 80 78
29 9 157 158 156
30 9 188 189 187
31 9 176 178 176
32 9 105 107 105
33 9 41 42 41
34 9 106 108 107
35 9 176 177 176
36 9 202 203 201
37 9 204 205 204
38 9 202 204 203
39 9 204 206 207
18 10 169 157 148
19 10 169 163 157
20 10 143 141 138
21 10 84 84 82
22 10 108 109 106
23 10 158 158 156
24 10 179 180 177
25 10 171 172 170
26 10 126 128 126
27 10 123 124 122
28 10 168 169 167
29 10 188 189 187
30 10 192 193 191
31 10 178 180 178
32 10 145 147 146
33 10 154 156 155
34 10 183 184 183
35 10 199 200 198
36 10 201 202 200
37 10 195 196 194
38 10 190 192 191
39 10 197 200 199
40 10 206 209 209
18 11 176 168 160
19 11 175 170 164
20 11 163 162 158
21 11 159 159 156
22 11 173 173 170
23 11 183 183 180
24 11 185 185 183
25 11 183 184 181
26 11 180 181 178
27 11 184 185 183
28 11 192 193 190
29 11 195 196 194
30 11 196 198 195
31 11 196 198 196
32 11 195 196 195
33 11 198 199 197
34 11 199 200 199
35 11 191 192 190
36 11 172 173 170
37 11 164 164 162
38 11 178 179 177
39 11 189 191 189
40 11 204 206 205
18 12 179 171 163
19 12 181 175 169
20 12 182 181 177
21 12 184 183 180
22 12 186 185 182
23 12 188 188 185
24 12 189 189 186
25 12 190 190 188
26 12 192 192 190
27 12 194 194 192
28 12 195 196 193
29 12 198 199 196
30 12 199 200 198
31 12 201 201 199
32 12 200 201 199
33 12 195 196 194
34 12 179 180 178
35 12 136 138 135
36 12 83 84 82
37 12 78 79 77
38 12 140 141 138
39 12 183 184 182
40 12 193 195 194
41 12 205 207 206
19 13 184 177 171
20 13 185 182 178
21 13 186 186 182
22 13 189 188 185
23 13 189 189 186
24 13 191 191 188
25 13 192 192 189
26 13 193 194 191
27 13 196 197 194
28 13 198 198 196
29 13 199 200 198
30 13 198 199 197
31 13 197 198 196
32 13 189 190 188
33 13 176 177 175
34 13 120 122 120
35 13 36 37 36
36 13 2 2 2
37 13 10 10 9
38 13 85 85 83
39 13 167 167 164
40 13 186 187 185
41 13 199 201 200
19 14 185 178 171
20 14 187 184 179
21 14 189 188 185
22 14 190 190 187
23 14 191 191 188
24 14 193 193 190
25 14 195 195 192
26 14 195 196 193
27 14 197 198 195
28 14 198 199 197
29 14 196 196 194
30 14 184 185 183
31 14 167 168 166
32 14 164 165 163
33 14 167 169 168
34 14 120 123 122
35 14 17 18 18
37 14 22 22 22
38 14 103 103 100
39 14 165 165 161
40 14 179 179 175
41 14 188 189 187
42 14 201 202 201
19 15 187 179 171
20 15 188 184 178
21 15 190 189 185
22 15 191 191 188
23 15 192 193 190
24 15 194 194 192
25 15 195 196 193
26 15 197 197 195
27 15 196 196 194
28 15 189 190 187
29 15 166 167 165
30 15 122 123 120
31 15 75 76 74
32 15 87 88 87
33 15 138 141 140
34 15 146 150 149
35 15 76 79 78
36 15 58 59 58
37 15 102 102 100
38 15 150 150 147
39 15 170 170 166
40 15 174 174 170
41 15 179 180 177
42 15 194 195 193
20 16 189 184 177
21 16 191 189 185
22 16 193 193 190
23 16 194 195 192
24 16 195 196 193
25 16 194 194 192
26 16 190 191 189
27 16 181 182 180
28 16 166 168 165
29 16 100 102 100
30 16 25 25 24
31 16 2 2 2
32 16 13 13 13
33 16 95 98 97
34 16 161 163 162
35 16 152 153 151
36 16 151 151 149
37 16 158 159 156
38 16 167 167 164
39 16 171 170 166
40 16 170 169 165
41 16 172 172 168
42 16 182 181 179
43 16 195 195 192
20 17 189 183 175
21 17 191 188 182
22 17 193 192 189
23 17 193 193 190
24 17 189 190 187
25 17 177 179 176
26 17 161 162 160
27 17 158 160 157
28 17 155 158 156
29 17 93 97 95
30 17 10 10 10
32 17 30 31 30
33 17 118 119 116
34 17 165 166 163
35 17 172 172 170
36 17 171 171 168
37 17 171 170 167
38 17 169 169 165
39 17 169 168 164
40 17 168 167 162
41 17 167 165 160
42 17 171 169 165
43 17 185 184 180
20 18 185 177 167
21 18 187 182 174
22 18 188 186 181
23 18 179 179 176
24 18 154 156 153
25 18 105 106 103
26 18 72 73 72
27 18 82 83 81
28 18 123 126 124
29 18 127 131 130
30 18 68 70 68
31 18 66 67 65
32 18 110 111 109
33 18 154 154 151
34 18 171 171 168
35 18 172 172 168
36 18 171 171 167
37 18 170 169 166
38 18 168 167 163
39 18 166 165 160
40 18 164 162 157
41 18 163 161 155
42 18 160 158 152
43 18 174 172 167
44 18 187 185 181
21 19 182 175 164
22 19 175 173 167
23 19 157 157 153
24 19 84 84 82
25 19 14 15 14
26 19 2 2 2
27 19 14 14 14
28 19 95 97 95
29 19 156 158 156
30 19 151 152 149
31 19 152 153 150
32 19 159 159 156
33 19 168 168 165
34 19 170 170 167
35 19 170 170 166
36 19 168 168 164
37 19 166 166 162
38 19 165 164 160
39 19 157 157 151
40 19 146 144 139
41 19 133 131 125
42 19 142 140 134
43 19 160 159 153
44 19 175 174 169
45 19 179 178 173
21 20 164 157 147
22 20 180 175 168
23 20 154 153 149
24 20 81 81 79
25 20 7 7 7
26 20 3 3 3
27 20 39 39 38
28 20 122 123 120
29 20 164 165 162
30 20 170 170 167
31 20 170 169 166
32 20 169 168 165
33 20 170 170 167
34 20 169 169 166
35 20 168 167 164
36 20 166 165 161
37 20 163 163 159
38 20 158 158 153
39 20 128 127 122
40 20 77 77 73
41 20 43 41 39
42 20 84 82 77
43 20 145 142 137
44 20 163 161 156
45 20 179 176 172
22 21 172 166 157
23 21 162 158 151
24 21 125 125 122
25 21 73 74 72
26 21 77 77 75
27 21 115 116 113
28 21 155 155 152
29 21 168 168 165
30 21 170 169 166
31 21 169 168 165
32 21 168 168 165
33 21 168 167 164
34 21 165 165 161
35 21 162 162 158
36 21 161 161 156
37 21 158 158 153
38 21 139 139 135
39 21 58 57 55
40 21 8 8 7
41 21 2 2 1
42 21 44 43 39
43 21 127 125 119
44 21 151 148 142
45 21 162 158 152
46 21 162 156 150
23 22 175 170 161
24 22 164 162 157
25 22 153 153 150
26 22 154 154 151
27 22 160 159 156
28 22 166 166 163
29 22 169 168 165
30 22 168 167 164
31 22 167 167 164
32 22 166 166 163
33 22 164 164 160
34 22 155 156 151
35 22 142 142 138
36 22 125 125 121
37 22 125 125 122
38 22 135 136 132
39 22 64 64 62
40 22 14 14 13
41 22 21 21 19
42 22 87 84 79
43 22 135 131 125
44 22 139 135 128
45 22 136 128 121
46 22 154 145 137
23 23 185 178 170
24 23 176 171 165
25 23 166 164 160
26 23 168 167 164
27 23 167 166 163
28 23 168 167 165
29 23 167 166 163
30 23 166 166 163
31 23 165 164 161
32 23 164 164 160
33 23 157 157 154
34 23 123 123 119
35 23 67 67 64
36 23 30 30 29
37 23 47 48 45
38 23 125 126 122
39 23 120 120 116
40 23 91 90 86
41 23 109 107 102
42 23 133 130 124
43 23 138 133 126
44 23 126 120 113
45 23 106 98 91
24 24 167 161 153
25 24 174 169 163
26 24 166 164 160
27 24 167 166 163
28 24 166 166 163
29 24 165 165 161
30 24 163 162 159
31 24 161 161 158
32 24 159 158 155
33 24 145 145 142
34 24 65 65 63
35 24 6 6 5
37 24 39 39 37
38 24 121 120 116
39 24 145 144 139
40 24 142 139 134
41 24 141 137 131
42 24 133 127 121
43 24 107 101 95
44 24 46 42 38
25 25 171 165 157
26 25 168 164 158
27 25 165 164 160
28 25 164 163 160
29 25 153 153 150
30 25 137 138 134
31 25 124 124 120
32 25 125 125 121
33 25 137 137 134
34 25 101 101 99
35 25 29 29 28
36 25 36 36 34
37 25 92 91 87
38 25 139 137 132
39 25 146 143 138
40 25 138 135 128
41 25 114 110 103
42 25 48 45 42
26 26 171 165 158
27 26 163 160 155
28 26 157 156 153
29 26 118 118 115
30 26 54 54 53
31 26 25 25 24
32 26 43 43 40
33 26 112 112 109
34 26 140 140 137
35 26 113 112 109
36 26 123 122 117
37 26 139 137 132
38 26 141 138 132
39 26 129 125 118
40 26 100 96 90
26 27 161 153 145
27 27 169 164 158
28 27 144 142 137
29 27 66 66 64
30 27 3 3 3
32 27 37 37 36
33 27 125 124 121
34 27 151 149 146
35 27 147 145 141
36 27 146 143 137
37 27 129 125 120
38 27 104 99 94
27 28 164 156 147
28 28 139 132 125
29 28 76 73 70
30 28 41 40 38
31 28 47 46 44
32 28 102 101 98
33 28 141 140 136
34 28 148 145 140
35 28 139 135 129
36 28 116 112 105
37 28 50 48 44
28 29 153 143 134
29 29 138 131 125
30 29 128 125 120
31 29 132 129 124
32 29 141 138 133
33 29 141 137 132
34 29 116 112 106
35 29 53 50 47
29 30 158 148 138
30 30 146 139 131
31 30 142 136 129
32 30 128 123 117
33 30 102 97 91
29 31 138 120 107
30 31 144 129 118
31 31 102 94 86
