31 0 168 163 154
32 0 178 178 173
29 1 177 176 172
30 1 171 170 165
31 1 179 175 169
32 1 188 187 183
33 1 192 191 188
34 1 183 182 179
28 2 157 157 154
29 2 168 168 165
30 2 175 175 172
31 2 184 182 177
32 2 195 190 186
33 2 199 191 189
34 2 195 188 186
35 2 185 183 181
27 3 159 160 157
28 3 162 163 160
29 3 151 152 149
30 3 144 145 143
31 3 180 178 174
32 3 196 191 187
33 3 203 188 186
34 3 203 182 179
35 3 195 184 182
36 3 184 180 177
26 4 160 161 158
27 4 165 166 163
28 4 144 145 143
29 4 79 80 78
30 4 110 110 108
31 4 178 177 173
32 4 197 192 188
33 4 203 191 189
34 4 207 174 172
35 4 205 174 172
36 4 194 179 177
37 4 184 179 177
24 5 154 154 151
25 5 161 161 158
26 5 170 171 168
27 5 165 165 163
28 5 102 103 101
29 5 79 80 78
30 5 151 151 148
31 5 184 183 179
32 5 197 192 188
33 5 203 190 188
34 5 207 169 169
35 5 208 157 158
36 5 204 163 162
37 5 193 174 172
38 5 179 175 172
23 6 150 150 147
24 6 165 165 162
25 6 171 172 169
26 6 174 175 172
27 6 166 166 164
28 6 128 129 126
29 6 156 157 154
30 6 180 180 178
31 6 187 186 182
32 6 198 193 189
33 6 203 194 192
34 6 206 172 172
35 6 206 164 166
36 6 205 159 159
37 6 199 172 170
38 6 185 179 176
39 6 174 176 173
22 7 149 150 147
23 7 159 160 157
24 7 170 170 167
25 7 174 174 171
26 7 175 175 172
27 7 174 174 172
28 7 172 172 169
29 7 180 180 177
30 7 186 185 183
31 7 188 187 184
32 7 198 193 189
33 7 203 193 191
34 7 206 169 168
35 7 206 165 165
36 7 201 177 177
37 7 193 184 182
38 7 186 184 181
39 7 178 180 177
40 7 171 173 170
20 8 157 158 155
21 8 146 148 145
22 8 148 149 147
23 8 156 158 155
24 8 170 171 168
25 8 173 173 170
26 8 172 173 170
27 8 176 176 174
28 8 179 180 177
29 8 183 183 180
30 8 186 185 183
31 8 186 185 183
32 8 197 193 189
33 8 202 194 192
34 8 204 172 170
35 8 204 166 165
36 8 198 182 181
37 8 188 187 185
38 8 183 185 182
39 8 182 184 181
40 8 176 178 175
41 8 170 172 168
19 9 151 153 151
20 9 149 150 148
21 9 134 136 133
22 9 98 100 98
23 9 131 133 130
24 9 167 168 165
25 9 159 160 157
26 9 144 145 143
27 9 166 168 165
28 9 180 181 178
29 9 181 181 178
30 9 177 177 174
31 9 179 179 176
32 9 195 190 186
33 9 201 194 191
34 9 202 171 169
35 9 202 169 169
36 9 197 184 183
37 9 181 180 178
38 9 168 171 168
39 9 178 180 177
40 9 180 182 179
41 9 174 176 172
42 9 161 161 156
19 10 149 151 149
20 10 149 151 149
21 10 101 102 100
22 10 72 73 71
23 10 140 141 139
24 10 152 153 150
25 10 100 101 98
26 10 71 72 71
27 10 156 157 155
28 10 177 178 175
29 10 155 155 152
30 10 119 120 118
31 10 150 149 147
32 10 190 185 181
33 10 200 194 190
34 10 201 165 163
35 10 201 136 134
36 10 198 172 171
37 10 179 175 173
38 10 128 129 127
39 10 153 156 153
40 10 179 181 178
41 10 178 180 176
42 10 167 166 161
43 10 154 149 141
19 11 141 144 142
20 11 138 140 137
21 11 84 85 83
22 11 124 126 124
23 11 157 158 155
24 11 129 129 126
25 11 44 44 43
26 11 107 108 105
27 11 164 165 162
28 11 162 162 160
29 11 93 93 90
30 11 51 51 50
31 11 147 146 143
32 11 189 184 180
33 11 199 192 187
34 11 199 170 166
35 11 198 120 118
36 11 198 150 150
37 11 189 179 178
38 11 144 143 141
39 11 103 107 104
40 11 166 169 165
41 11 179 181 177
42 11 173 173 168
43 11 163 159 151
19 12 145 146 144
20 12 152 153 150
21 12 142 142 139
22 12 157 158 155
23 12 159 159 157
24 12 116 116 113
25 12 98 98 95
26 12 155 155 152
27 12 171 171 169
28 12 131 131 128
29 12 35 35 34
30 12 98 98 96
31 12 167 165 162
32 12 188 183 177
33 12 193 186 180
34 12 197 183 178
35 12 198 150 147
36 12 197 127 126
37 12 196 172 170
38 12 176 174 171
39 12 117 119 116
40 12 143 146 143
41 12 178 180 177
42 12 177 178 174
43 12 168 165 159
19 13 151 151 149
20 13 164 164 160
21 13 163 162 159
22 13 166 166 163
23 13 163 163 160
24 13 154 155 152
25 13 156 156 153
26 13 173 172 169
27 13 173 173 170
28 13 129 129 126
29 13 97 96 93
30 13 152 151 148
31 13 180 177 174
32 13 170 163 157
33 13 168 158 149
34 13 187 181 175
35 13 194 177 172
36 13 196 147 144
37 13 196 153 151
38 13 191 182 179
39 13 172 173 170
40 13 160 162 160
41 13 177 179 176
42 13 179 180 176
43 13 172 170 164
44 13 163 158 149
18 14 174 176 175
19 14 155 155 153
20 14 166 166 163
21 14 166 165 162
22 14 165 165 162
23 14 166 167 164
24 14 169 169 166
25 14 173 173 170
26 14 176 175 172
27 14 177 177 173
28 14 169 168 165
29 14 168 167 163
30 14 174 172 168
31 14 159 155 150
32 14 104 98 93
33 14 93 87 81
34 14 153 147 140
35 14 184 179 174
36 14 192 177 173
37 14 195 161 158
38 14 194 171 169
39 14 189 187 184
40 14 184 185 183
41 14 182 184 181
42 14 181 182 179
43 14 175 174 168
44 14 169 164 156
18 15 146 147 145
19 15 158 158 155
20 15 166 166 163
21 15 162 161 158
22 15 153 153 150
23 15 157 157 155
24 15 169 169 166
25 15 174 173 170
26 15 177 176 172
27 15 179 178 174
28 15 179 178 174
29 15 173 171 167
30 15 143 139 134
31 15 76 73 68
32 15 39 37 34
33 15 48 45 42
34 15 56 54 51
35 15 142 137 131
36 15 179 174 168
37 15 189 180 176
38 15 193 172 169
39 15 191 183 180
40 15 189 189 186
41 15 186 187 184
42 15 183 185 181
43 15 178 177 172
44 15 172 167 160
18 16 148 148 147
19 16 161 161 158
20 16 164 163 160
21 16 139 139 136
22 16 95 95 92
23 16 134 134 131
24 16 170 169 166
25 16 175 174 170
26 16 177 175 171
27 16 177 175 170
28 16 164 162 157
29 16 123 120 114
30 16 55 53 49
31 16 22 22 20
32 16 13 12 11
33 16 12 12 11
34 16 22 21 20
35 16 57 55 52
36 16 118 114 107
37 16 170 167 161
38 16 188 181 177
39 16 190 183 179
40 16 189 189 186
41 16 188 189 185
42 16 185 186 182
43 16 180 180 175
44 16 175 170 162
18 17 158 159 157
19 17 160 160 157
20 17 150 150 146
21 17 84 84 81
22 17 51 51 49
23 17 138 136 132
24 17 171 169 165
25 17 175 173 169
26 17 173 171 167
27 17 151 149 145
28 17 94 92 88
29 17 59 58 55
30 17 34 34 32
31 17 7 7 6
33 17 1 1 1
34 17 15 15 15
35 17 47 47 44
36 17 62 60 57
37 17 102 99 93
38 17 161 157 151
39 17 183 181 176
40 17 187 187 183
41 17 188 188 185
42 17 186 186 183
43 17 182 182 178
44 17 176 172 165
18 18 164 164 161
19 18 157 157 153
20 18 134 133 130
21 18 42 41 39
22 18 102 101 97
23 18 159 157 152
24 18 172 170 166
25 18 167 165 161
26 18 134 132 129
27 18 80 79 76
28 18 61 61 58
29 18 62 62 59
30 18 46 45 44
31 18 25 25 24
32 18 16 16 16
33 18 24 24 23
34 18 40 40 39
35 18 55 54 52
36 18 62 61 58
37 18 67 65 61
38 18 84 82 77
39 18 150 146 140
40 18 181 178 173
41 18 186 185 181
42 18 187 187 184
43 18 185 185 181
44 18 179 175 169
45 18 173 164 155
18 19 162 160 156
19 19 156 155 150
20 19 138 136 132
21 19 112 110 105
22 19 149 147 142
23 19 166 165 161
24 19 151 151 147
25 19 105 104 101
26 19 68 68 65
27 19 62 62 59
28 19 66 66 64
29 19 66 65 63
30 19 59 59 57
31 19 51 51 49
32 19 52 52 50
33 19 53 53 52
34 19 56 56 54
35 19 60 60 57
36 19 65 64 61
37 19 67 65 62
38 19 65 63 60
39 19 74 72 68
40 19 136 132 126
41 19 173 170 165
42 19 182 182 177
43 19 184 184 180
44 19 180 177 171
45 19 175 166 158
18 20 163 161 157
19 20 159 157 152
20 20 160 157 152
21 20 160 158 153
22 20 160 160 156
23 20 134 135 133
24 20 80 80 78
25 20 60 61 58
26 20 60 61 58
27 20 67 67 65
28 20 66 66 63
29 20 64 64 61
30 20 62 62 60
31 20 66 65 63
32 20 63 63 60
33 20 63 62 60
34 20 62 62 59
35 20 66 66 63
36 20 66 65 62
37 20 60 59 56
38 20 64 63 60
39 20 68 67 64
40 20 62 61 58
41 20 108 105 100
42 20 163 160 155
43 20 181 179 174
44 20 178 175 169
45 20 174 166 158
18 21 164 161 158
19 21 161 158 154
20 21 163 162 158
21 21 149 149 146
22 21 105 106 103
23 21 53 54 52
24 21 35 35 34
25 21 36 36 34
26 21 49 49 48
27 21 62 62 60
28 21 64 64 62
29 21 63 63 60
30 21 67 66 64
31 21 65 65 63
32 21 64 63 61
33 21 63 63 60
34 21 65 65 62
35 21 65 65 62
36 21 61 61 58
37 21 60 59 57
38 21 55 54 51
39 21 38 38 35
40 21 39 39 37
41 21 43 43 41
42 21 86 84 81
43 21 151 147 141
44 21 172 167 160
45 21 169 159 150
18 22 159 156 152
19 22 154 154 151
20 22 133 134 132
21 22 83 84 82
22 22 42 43 41
23 22 12 12 12
24 22 4 4 4
25 22 6 6 6
26 22 25 26 25
27 22 55 56 55
28 22 63 63 61
29 22 67 67 65
30 22 65 65 63
31 22 64 64 62
32 22 64 63 61
33 22 66 66 64
34 22 66 65 63
35 22 64 63 61
36 22 61 61 59
37 22 58 57 55
38 22 32 31 29
39 22 11 10 10
40 22 5 5 5
41 22 7 7 7
42 22 43 43 42
43 22 76 74 71
44 22 137 129 121
45 22 163 149 139
46 22 151 131 118
18 23 51 52 50
19 23 116 117 115
20 23 78 79 77
21 23 65 66 64
22 23 44 45 43
23 23 17 18 18
24 23 11 11 11
25 23 17 18 18
26 23 38 39 39
27 23 58 59 58
28 23 67 67 65
29 23 66 66 64
30 23 65 65 63
31 23 64 64 62
32 23 67 66 64
33 23 66 66 63
34 23 65 64 62
35 23 63 62 60
36 23 65 64 62
37 23 56 56 54
38 23 31 30 29
39 23 12 12 12
40 23 8 8 8
41 23 18 18 17
42 23 46 45 43
43 23 64 61 58
44 23 70 64 59
45 23 134 118 107
20 24 62 63 61
21 24 69 70 68
22 24 60 61 59
23 24 53 54 53
24 24 48 50 48
25 24 52 54 53
26 24 58 59 58
27 24 66 67 65
28 24 67 67 65
29 24 66 66 64
30 24 65 65 63
31 24 67 67 65
32 24 67 67 65
33 24 65 65 62
34 24 63 63 61
35 24 68 67 65
36 24 65 65 63
37 24 63 62 60
38 24 56 56 54
39 24 47 47 45
40 24 45 44 42
41 24 48 46 44
42 24 62 58 54
43 24 67 62 58
44 24 59 53 48
22 25 63 64 63
23 25 71 72 70
24 25 67 68 66
25 25 66 67 65
26 25 69 69 67
27 25 68 68 66
28 25 66 67 65
29 25 65 65 63
30 25 65 65 63
31 25 61 61 59
32 25 61 61 59
33 25 60 60 58
34 25 67 67 65
35 25 66 66 63
36 25 66 66 64
37 25 68 67 65
38 25 66 66 63
39 25 65 63 61
40 25 62 59 55
41 25 57 54 50
42 25 58 54 51
23 26 64 65 63
24 26 72 73 71
25 26 71 71 69
26 26 69 69 67
27 26 68 68 66
28 26 65 66 64
29 26 64 64 62
30 26 46 46 45
31 26 30 30 29
32 26 30 30 29
33 26 38 39 37
34 26 58 58 57
35 26 65 65 63
36 26 67 67 64
37 26 69 67 65
38 26 66 63 60
39 26 62 59 55
40 26 61 57 53
25 27 64 65 63
26 27 72 72 70
27 27 68 69 67
28 27 69 69 67
29 27 55 56 54
30 27 21 21 21
31 27 3 3 3
32 27 3 4 3
33 27 18 19 19
34 27 51 51 50
35 27 64 63 61
36 27 69 66 63
37 27 63 60 56
38 27 63 59 55
27 28 64 65 63
28 28 70 70 68
29 28 60 60 59
30 28 38 38 37
31 28 25 25 24
32 28 27 28 27
33 28 38 39 37
34 28 55 55 53
35 28 67 64 61
36 28 62 58 55
37 28 62 58 54
28 29 64 65 63
29 29 70 71 69
30 29 65 66 64
31 29 60 60 58
32 29 60 59 56
33 29 59 57 54
34 29 59 57 53
35 29 60 58 55
30 30 63 62 60
31 30 64 62 58
32 30 61 58 53
33 30 61 57 53
32 31 49 45 40
