28 0 145 133 120
29 0 177 180 178
27 1 166 157 144
28 1 181 182 180
29 1 188 190 188
30 1 192 194 192
26 2 171 161 151
27 2 185 183 180
28 2 192 185 183
29 2 194 189 187
30 2 194 195 192
31 2 195 196 194
32 2 196 198 196
25 3 182 166 155
26 3 182 183 180
27 3 192 184 182
28 3 203 172 170
29 3 203 176 174
30 3 199 188 186
31 3 196 195 193
32 3 197 198 196
33 3 198 199 197
24 4 177 178 176
25 4 182 180 178
26 4 190 182 180
27 4 194 183 181
28 4 204 165 164
29 4 209 143 142
30 4 207 166 166
31 4 204 180 178
32 4 200 194 192
33 4 199 199 197
34 4 200 202 200
23 5 182 166 156
24 5 182 179 177
25 5 189 180 178
26 5 198 168 166
27 5 201 158 157
28 5 203 165 166
29 5 208 145 146
30 5 209 140 138
31 5 209 160 159
32 5 204 185 183
33 5 199 198 196
34 5 201 203 200
35 5 202 205 202
36 5 204 206 203
22 6 182 165 156
23 6 180 179 177
24 6 189 180 178
25 6 197 168 167
26 6 199 163 164
27 6 202 156 158
28 6 203 155 155
29 6 202 172 172
30 6 202 182 180
31 6 201 189 187
32 6 199 194 192
33 6 199 200 197
34 6 199 201 198
35 6 202 204 201
36 6 204 206 203
37 6 205 207 204
21 7 181 165 156
22 7 179 176 174
23 7 186 177 175
24 7 194 166 164
25 7 199 153 153
26 7 199 163 164
27 7 197 175 175
28 7 195 182 181
29 7 193 189 186
30 7 193 193 191
31 7 194 196 193
32 7 196 198 195
33 7 198 200 197
34 7 199 201 199
35 7 202 204 201
36 7 204 206 203
37 7 206 207 204
38 7 205 205 201
20 8 180 165 156
21 8 178 174 172
22 8 186 173 171
23 8 191 164 163
24 8 196 141 141
25 8 196 155 155
26 8 193 176 175
27 8 189 182 180
28 8 185 185 183
29 8 187 190 187
30 8 192 194 191
31 8 193 195 193
32 8 196 198 195
33 8 198 200 197
34 8 200 202 199
35 8 202 203 201
36 8 204 205 202
37 8 205 205 201
38 8 202 199 193
39 8 195 188 179
19 9 178 162 153
20 9 176 173 170
21 9 182 171 169
22 9 190 158 156
23 9 191 161 161
24 9 192 166 165
25 9 190 173 172
26 9 179 177 175
27 9 165 166 164
28 9 152 154 152
29 9 172 175 173
30 9 190 193 190
31 9 194 196 194
32 9 197 199 196
33 9 198 200 197
34 9 199 201 198
35 9 202 203 200
36 9 203 203 200
37 9 203 201 195
38 9 200 195 187
39 9 200 197 190
40 9 206 205 201
18 10 175 160 151
19 10 174 169 167
20 10 181 166 164
21 10 187 147 144
22 10 191 129 127
23 10 190 155 154
24 10 187 173 172
25 10 179 176 174
26 10 146 147 145
27 10 90 93 90
28 10 71 73 72
29 10 147 151 148
30 10 187 190 187
31 10 195 197 194
32 10 197 198 195
33 10 198 199 196
34 10 199 201 198
35 10 201 202 199
36 10 201 200 195
37 10 199 195 188
38 10 199 196 191
39 10 195 194 190
40 10 202 202 200
41 10 205 205 203
17 11 173 157 148
18 11 172 166 162
19 11 179 163 160
20 11 183 141 138
21 11 187 97 94
22 11 190 114 113
23 11 189 163 162
24 11 183 177 175
25 11 166 167 164
26 11 98 100 98
27 11 18 19 18
28 11 66 69 67
29 11 158 162 159
30 11 189 192 189
31 11 196 197 194
32 11 197 198 195
33 11 198 200 197
34 11 199 200 197
35 11 199 198 193
36 11 197 194 188
37 11 191 189 184
38 11 179 179 176
39 11 181 181 179
40 11 194 194 192
41 11 201 201 199
16 12 161 155 148
17 12 167 163 157
18 12 174 164 159
19 12 181 146 143
20 12 185 117 117
21 12 186 90 89
22 12 188 127 126
23 12 186 173 171
24 12 181 181 178
25 12 159 161 158
26 12 92 94 92
27 12 76 79 77
28 12 141 144 141
29 12 181 183 181
30 12 193 195 192
31 12 195 197 194
32 12 197 198 195
33 12 197 198 195
34 12 198 197 192
35 12 196 193 187
36 12 184 182 178
37 12 144 144 141
38 12 100 101 99
39 12 128 129 127
40 12 182 182 180
41 12 193 194 191
42 12 201 202 200
16 13 161 155 148
17 13 165 162 156
18 13 173 164 159
19 13 182 143 138
20 13 185 118 116
21 13 185 112 111
22 13 187 147 145
23 13 183 177 175
24 13 182 183 181
25 13 172 174 171
26 13 156 159 156
27 13 163 165 163
28 13 180 182 179
29 13 191 193 190
30 13 193 195 191
31 13 195 197 194
32 13 196 197 193
33 13 196 195 190
34 13 195 192 186
35 13 188 186 182
36 13 144 145 142
37 13 55 55 54
38 13 16 16 16
39 13 109 110 107
40 13 176 177 175
41 13 189 189 187
42 13 192 193 191
43 13 199 200 197
17 14 165 162 155
18 14 169 166 161
19 14 177 160 156
20 14 185 137 134
21 14 186 128 127
22 14 184 160 158
23 14 182 181 178
24 14 183 184 181
25 14 184 186 183
26 14 183 185 182
27 14 187 188 185
28 14 190 192 188
29 14 192 193 190
30 14 193 194 190
31 14 195 196 192
32 14 195 194 189
33 14 194 191 185
34 14 193 191 187
35 14 180 180 178
36 14 115 116 115
37 14 14 15 14
38 14 68 69 67
39 14 150 151 148
40 14 183 184 181
41 14 187 187 185
42 14 186 187 184
43 14 189 190 187
44 14 197 197 195
17 15 164 161 155
18 15 169 167 162
19 15 172 169 166
20 15 181 162 159
21 15 185 147 143
22 15 183 169 166
23 15 182 182 179
24 15 183 184 181
25 15 185 186 183
26 15 187 188 185
27 15 189 190 187
28 15 190 191 188
29 15 192 193 190
30 15 193 193 189
31 15 194 192 186
32 15 193 189 182
33 15 193 191 187
34 15 188 187 184
35 15 182 182 180
36 15 150 150 149
37 15 109 110 108
38 15 143 143 140
39 15 174 174 172
40 15 185 185 183
41 15 184 185 182
42 15 183 184 181
43 15 184 185 182
44 15 188 189 187
45 15 192 192 190
18 16 171 169 164
19 16 170 169 165
20 16 176 172 169
21 16 182 169 166
22 16 182 177 173
23 16 182 183 179
24 16 184 185 182
25 16 186 187 184
26 16 187 189 185
27 16 189 190 187
28 16 191 192 188
29 16 192 192 188
30 16 193 191 185
31 16 193 188 181
32 16 192 189 184
33 16 188 187 184
34 16 186 186 184
35 16 185 185 183
36 16 177 177 175
37 16 174 174 171
38 16 178 179 176
39 16 181 182 179
40 16 183 183 181
41 16 182 182 179
42 16 182 182 180
43 16 181 182 179
44 16 180 181 178
45 16 187 187 185
19 17 171 170 165
20 17 173 172 168
21 17 177 177 173
22 17 181 181 178
23 17 183 183 180
24 17 184 185 182
25 17 186 187 184
26 17 188 189 185
27 17 189 190 186
28 17 190 190 186
29 17 191 188 182
30 17 191 186 179
31 17 190 187 182
32 17 186 185 181
33 17 185 185 182
34 17 185 185 182
35 17 184 184 181
36 17 182 183 180
37 17 182 182 179
38 17 181 181 178
39 17 181 181 178
40 17 181 181 178
41 17 180 180 177
42 17 178 179 176
43 17 178 179 176
44 17 176 177 174
45 17 179 180 177
46 17 186 187 185
20 18 172 171 166
21 18 177 177 172
22 18 181 181 178
23 18 183 183 179
24 18 185 186 182
25 18 187 187 184
26 18 188 189 185
27 18 188 188 184
28 18 189 186 181
29 18 190 184 177
30 18 188 184 179
31 18 184 183 179
32 18 184 184 180
33 18 184 184 180
34 18 183 182 179
35 18 182 181 179
36 18 181 181 178
37 18 180 181 177
38 18 179 179 176
39 18 179 179 176
40 18 178 178 176
41 18 177 177 174
42 18 176 176 173
43 18 175 176 173
44 18 175 176 173
45 18 174 175 172
46 18 171 172 171
47 18 177 179 178
21 19 177 175 171
22 19 179 179 175
23 19 183 183 179
24 19 185 186 182
25 19 186 186 182
26 19 187 187 183
27 19 188 184 178
28 19 187 181 173
29 19 187 184 179
30 19 183 181 177
31 19 182 181 178
32 19 182 182 178
33 19 182 181 178
34 19 180 180 177
35 19 180 180 177
36 19 178 178 175
37 19 177 177 174
38 19 177 178 174
39 19 176 176 173
40 19 175 176 172
41 19 174 175 172
42 19 173 174 170
43 19 173 173 170
44 19 174 175 172
45 19 172 173 171
46 19 149 151 150
47 19 156 158 157
21 20 176 174 169
22 20 179 178 173
23 20 181 181 176
24 20 185 185 181
25 20 185 184 179
26 20 186 182 175
27 20 186 179 172
28 20 186 182 177
29 20 181 180 176
30 20 181 180 176
31 20 180 180 176
32 20 179 179 176
33 20 179 179 176
34 20 178 178 175
35 20 177 177 174
36 20 176 177 173
37 20 175 175 172
38 20 175 175 172
39 20 175 175 172
40 20 173 173 170
41 20 172 172 169
42 20 171 171 168
43 20 172 172 169
44 20 170 171 168
45 20 152 154 152
46 20 74 75 74
22 21 178 176 170
23 21 179 177 171
24 21 183 180 175
25 21 184 179 172
26 21 184 176 167
27 21 184 180 174
28 21 179 177 173
29 21 179 178 174
30 21 178 178 174
31 21 178 177 173
32 21 177 176 173
33 21 177 176 173
34 21 176 175 172
35 21 175 175 172
36 21 174 174 171
37 21 173 173 170
38 21 172 172 169
39 21 171 170 167
40 21 171 170 167
41 21 171 171 167
42 21 171 171 168
43 21 169 170 167
44 21 153 155 153
45 21 89 91 89
23 22 178 172 164
24 22 177 168 159
25 22 179 167 158
26 22 182 176 169
27 22 178 175 171
28 22 178 176 173
29 22 178 176 173
30 22 176 176 171
31 22 175 175 170
32 22 175 174 171
33 22 174 173 170
34 22 174 174 171
35 22 173 173 170
36 22 172 172 169
37 22 171 171 168
38 22 170 170 167
39 22 170 169 166
40 22 169 169 165
41 22 170 170 167
42 22 168 168 166
43 22 152 153 151
44 22 60 61 60
24 23 168 151 139
25 23 176 164 154
26 23 173 169 163
27 23 176 173 169
28 23 176 174 170
29 23 176 175 171
30 23 175 174 170
31 23 172 172 167
32 23 172 172 168
33 23 172 171 168
34 23 171 171 168
35 23 170 170 167
36 23 167 167 164
37 23 168 168 165
38 23 167 167 163
39 23 167 166 163
40 23 167 167 163
41 23 166 167 164
42 23 153 154 152
43 23 60 61 59
25 24 172 163 154
26 24 172 167 160
27 24 171 168 163
28 24 173 171 167
29 24 174 172 168
30 24 173 171 167
31 24 171 171 166
32 24 169 169 165
33 24 168 168 164
34 24 164 164 161
35 24 153 153 150
36 24 145 145 142
37 24 158 158 154
38 24 165 164 161
39 24 166 166 162
40 24 166 166 163
41 24 151 152 149
42 24 59 60 58
26 25 173 167 160
27 25 173 169 163
28 25 170 167 162
29 25 170 168 164
30 25 170 168 164
31 25 169 168 163
32 25 167 167 162
33 25 160 160 156
34 25 129 129 126
35 25 80 80 79
36 25 80 81 79
37 25 138 138 135
38 25 162 162 158
39 25 164 164 161
40 25 151 151 149
41 25 58 59 57
27 26 170 164 158
28 26 171 166 160
29 26 167 164 158
30 26 167 165 160
31 26 166 165 161
32 26 164 163 159
33 26 140 140 136
34 26 65 65 63
35 26 14 14 14
36 26 67 67 64
37 26 142 142 139
38 26 161 161 157
39 26 148 149 146
40 26 58 58 57
29 27 166 161 155
30 27 165 161 156
31 27 161 159 154
32 27 159 158 154
33 27 126 125 121
34 27 53 52 50
35 27 60 59 56
36 27 117 116 111
37 27 152 151 147
38 27 147 147 144
39 27 58 58 56
30 28 161 155 149
31 28 160 155 149
32 28 155 152 147
33 28 140 138 133
34 28 120 118 113
35 28 133 131 126
36 28 147 145 141
37 28 143 142 138
38 28 55 55 53
31 29 157 151 143
32 29 156 151 143
33 29 151 147 140
34 29 149 146 140
35 29 150 148 142
36 29 139 137 132
37 29 54 53 50
32 30 148 142 134
33 30 150 143 135
34 30 144 138 131
35 30 133 130 124
36 30 52 50 47
34 31 134 127 119
35 31 44 40 37
