29 1 157 145 135
30 1 159 149 141
31 1 166 158 152
32 1 174 168 163
28 2 167 159 149
29 2 168 161 152
30 2 172 166 159
31 2 175 171 165
32 2 177 173 168
33 2 178 174 169
34 2 180 176 172
27 3 172 165 156
28 3 174 168 161
29 3 177 173 166
30 3 178 175 169
31 3 179 175 169
32 3 177 174 168
33 3 178 175 169
34 3 180 178 173
35 3 183 180 177
36 3 185 183 181
26 4 176 170 161
27 4 178 173 167
28 4 182 179 174
29 4 184 181 176
30 4 183 180 175
31 4 181 179 173
32 4 180 178 172
33 4 179 177 171
34 4 180 178 173
35 4 183 182 178
36 4 185 184 181
37 4 186 185 183
25 5 180 174 167
26 5 183 179 172
27 5 185 183 178
28 5 187 185 180
29 5 187 185 181
30 5 186 184 180
31 5 185 184 179
32 5 183 182 177
33 5 183 181 177
34 5 182 181 177
35 5 182 182 177
36 5 184 183 180
37 5 185 184 182
38 5 185 185 183
39 5 184 185 183
24 6 182 176 169
25 6 185 181 175
26 6 187 185 181
27 6 188 187 183
28 6 188 187 183
29 6 189 188 184
30 6 188 188 184
31 6 188 187 184
32 6 187 187 183
33 6 187 186 183
34 6 185 185 181
35 6 185 185 181
36 6 184 184 180
37 6 184 184 181
38 6 185 185 182
39 6 187 187 185
40 6 187 188 186
41 6 185 186 185
23 7 182 175 168
24 7 186 182 177
25 7 185 183 179
26 7 176 176 172
27 7 169 168 164
28 7 174 173 169
29 7 184 184 180
30 7 190 190 186
31 7 190 190 187
32 7 186 187 184
33 7 181 181 178
34 7 176 176 173
35 7 183 183 180
36 7 186 187 184
37 7 187 187 184
38 7 186 186 183
39 7 185 185 182
40 7 183 183 181
41 7 185 186 184
42 7 186 188 186
43 7 184 186 185
22 8 180 167 155
23 8 187 178 170
24 8 191 188 183
25 8 181 180 177
26 8 136 136 133
27 8 78 78 75
28 8 92 91 88
29 8 144 143 140
30 8 182 182 179
31 8 189 190 187
32 8 181 181 178
33 8 143 143 140
34 8 103 104 101
35 8 135 135 132
36 8 172 172 169
37 8 187 187 185
38 8 186 187 185
39 8 171 172 170
40 8 142 143 140
41 8 156 157 154
42 8 177 178 176
43 8 185 187 186
44 8 186 188 187
21 9 110 102 90
22 9 157 148 136
23 9 189 182 175
24 9 195 190 184
25 9 187 185 181
26 9 147 146 143
27 9 65 66 64
28 9 28 29 28
29 9 71 71 69
30 9 164 164 162
31 9 190 190 188
32 9 185 186 183
33 9 142 143 140
34 9 58 59 58
35 9 26 27 26
36 9 113 114 111
37 9 176 177 174
38 9 188 189 186
39 9 161 163 161
40 9 76 78 77
41 9 46 46 45
42 9 117 119 116
43 9 173 174 172
44 9 188 190 188
45 9 185 187 186
46 9 178 180 179
21 10 62 57 51
22 10 65 62 57
23 10 122 120 116
24 10 176 174 170
25 10 192 189 185
26 10 184 181 176
27 10 159 157 154
28 10 139 139 136
29 10 136 136 133
30 10 177 177 174
31 10 193 194 191
32 10 193 193 191
33 10 182 183 181
34 10 155 156 154
35 10 121 123 120
36 10 131 132 130
37 10 181 182 180
38 10 192 193 191
39 10 184 186 184
40 10 152 154 153
41 10 101 103 102
42 10 88 90 88
43 10 162 164 162
44 10 188 189 188
45 10 188 189 188
46 10 184 187 186
21 11 61 57 52
22 11 60 58 55
23 11 54 54 52
24 11 58 58 57
25 11 141 141 138
26 11 183 181 177
27 11 193 190 186
28 11 190 188 184
29 11 190 189 186
30 11 194 194 191
31 11 197 197 194
32 11 197 196 194
33 11 196 196 193
34 11 192 192 189
35 11 186 187 184
36 11 186 187 184
37 11 193 194 192
38 11 195 196 194
39 11 193 194 192
40 11 189 190 188
41 11 180 181 179
42 11 175 176 174
43 11 185 186 184
44 11 188 190 188
45 11 178 180 178
20 12 60 56 51
21 12 60 57 53
22 12 51 51 49
23 12 26 27 26
24 12 16 16 16
25 12 31 31 30
26 12 81 82 79
27 12 159 159 156
28 12 190 188 184
29 12 198 196 192
30 12 199 197 193
31 12 199 198 195
32 12 199 198 195
33 12 198 197 195
34 12 198 198 195
35 12 197 197 194
36 12 196 197 194
37 12 197 198 195
38 12 196 197 194
39 12 197 197 195
40 12 195 196 194
41 12 196 197 194
42 12 195 196 194
43 12 193 194 192
44 12 188 189 187
45 12 190 190 189
20 13 60 56 51
21 13 59 58 54
22 13 46 47 45
23 13 10 11 10
24 13 1 1 1
25 13 4 4 4
26 13 31 32 31
27 13 59 60 58
28 13 116 117 114
29 13 173 173 169
30 13 195 192 188
31 13 200 197 193
32 13 199 198 194
33 13 199 198 195
34 13 198 198 195
35 13 198 198 195
36 13 198 198 195
37 13 198 198 195
38 13 198 198 196
39 13 198 198 196
40 13 197 198 195
41 13 197 198 195
42 13 197 198 196
43 13 191 192 190
44 13 141 142 140
20 14 60 57 53
21 14 61 60 57
22 14 53 53 51
23 14 26 27 26
24 14 5 5 5
25 14 2 2 2
26 14 26 27 26
27 14 56 56 54
28 14 63 63 61
29 14 64 64 62
30 14 130 131 128
31 14 183 182 179
32 14 199 196 192
33 14 200 198 194
34 14 200 199 196
35 14 200 199 197
36 14 199 199 197
37 14 199 199 197
38 14 199 200 197
39 14 199 199 196
40 14 199 200 197
41 14 199 200 197
42 14 197 197 195
43 14 168 168 166
44 14 51 50 49
19 15 59 54 49
20 15 60 58 53
21 15 61 60 58
22 15 59 59 58
23 15 49 49 48
24 15 31 31 30
25 15 21 22 21
26 15 38 38 37
27 15 56 56 55
28 15 61 61 59
29 15 62 62 60
30 15 62 62 60
31 15 80 81 78
32 15 156 156 154
33 15 189 187 183
34 15 199 197 193
35 15 201 199 195
36 15 201 200 197
37 15 200 200 197
38 15 200 200 198
39 15 200 200 198
40 15 201 201 199
41 15 199 200 198
42 15 188 189 187
43 15 127 128 125
19 16 59 54 50
20 16 60 58 54
21 16 61 60 58
22 16 61 61 59
23 16 60 60 58
24 16 55 56 54
25 16 53 53 51
26 16 56 56 54
27 16 59 60 58
28 16 61 61 59
29 16 61 61 59
30 16 62 62 60
31 16 62 62 60
32 16 66 66 64
33 16 99 100 97
34 16 165 164 161
35 16 195 193 190
36 16 200 198 193
37 16 201 200 196
38 16 201 201 198
39 16 201 201 198
40 16 202 202 199
41 16 194 194 192
42 16 155 155 152
19 17 58 54 50
20 17 60 58 55
21 17 60 60 57
22 17 61 61 58
23 17 61 61 58
24 17 60 60 58
25 17 60 60 58
26 17 60 60 58
27 17 60 61 58
28 17 60 61 59
29 17 60 61 59
30 17 61 62 59
31 17 61 61 59
32 17 61 62 60
33 17 62 62 60
34 17 64 64 62
35 17 124 125 122
36 17 178 177 174
37 17 197 195 190
38 17 200 198 193
39 17 201 200 196
40 17 200 199 197
41 17 170 169 167
42 17 48 48 47
18 18 58 53 48
19 18 59 55 51
20 18 60 59 56
21 18 61 60 58
22 18 61 60 58
23 18 60 59 57
24 18 60 60 57
25 18 60 60 58
26 18 60 60 58
27 18 60 60 58
28 18 60 60 58
29 18 61 61 59
30 18 60 61 58
31 18 61 61 59
32 18 61 61 59
33 18 62 62 60
34 18 62 62 60
35 18 62 63 60
36 18 67 68 66
37 18 139 139 136
38 18 185 184 181
39 18 196 194 189
40 18 187 185 181
41 18 124 123 121
18 19 57 52 47
19 19 59 56 52
20 19 60 59 56
21 19 61 60 57
22 19 60 60 57
23 19 60 60 57
24 19 60 59 57
25 19 59 59 57
26 19 60 60 58
27 19 59 60 57
28 19 59 60 57
29 19 60 61 58
30 19 60 60 58
31 19 60 61 58
32 19 60 61 58
33 19 61 61 59
34 19 60 61 58
35 19 62 62 59
36 19 62 62 60
37 19 63 64 61
38 19 94 96 94
39 19 167 169 167
40 19 147 148 146
41 19 91 90 87
18 20 57 51 46
19 20 59 56 52
20 20 61 59 57
21 20 60 60 57
22 20 60 59 57
23 20 59 59 56
24 20 60 59 57
25 20 58 58 56
26 20 59 59 57
27 20 59 60 57
28 20 59 60 57
29 20 59 60 57
30 20 60 60 58
31 20 60 60 58
32 20 59 59 57
33 20 60 61 58
34 20 60 61 58
35 20 61 61 59
36 20 62 62 60
37 20 63 63 61
38 20 141 143 142
39 20 132 133 132
40 20 52 52 51
17 21 53 44 38
18 21 56 50 44
19 21 59 56 53
20 21 59 58 55
21 21 60 59 56
22 21 59 58 56
23 21 59 59 56
24 21 59 58 56
25 21 59 59 56
26 21 59 59 57
27 21 59 59 56
28 21 59 59 57
29 21 59 59 57
30 21 59 59 57
31 21 59 59 57
32 21 59 59 57
33 21 60 60 57
34 21 59 59 57
35 21 61 61 58
36 21 62 62 60
37 21 97 99 97
38 21 159 160 159
39 21 73 72 70
40 21 51 50 49
17 22 45 36 31
18 22 51 44 39
19 22 55 51 48
20 22 58 56 54
21 22 59 58 55
22 22 59 58 55
23 22 59 59 56
24 22 59 58 56
25 22 58 58 55
26 22 59 58 56
27 22 59 59 56
28 22 59 58 56
29 22 59 59 57
30 22 58 58 56
31 22 58 58 56
32 22 59 59 57
33 22 59 58 56
34 22 60 59 57
35 22 61 61 59
36 22 67 67 65
37 22 155 157 155
38 22 133 133 132
39 22 43 43 42
18 23 43 37 33
19 23 49 46 42
20 23 53 51 47
21 23 56 54 51
22 23 58 57 54
23 23 59 58 55
24 23 58 57 54
25 23 58 57 55
26 23 58 58 56
27 23 57 57 55
28 23 58 58 56
29 23 58 58 56
30 23 58 58 55
31 23 58 57 55
32 23 58 58 56
33 23 58 58 56
34 23 60 59 57
35 23 62 61 59
36 23 116 117 115
37 23 148 149 148
38 23 81 80 79
20 24 45 42 39
21 24 50 48 45
22 24 54 52 49
23 24 57 56 53
24 24 58 57 54
25 24 58 57 54
26 24 57 57 54
27 24 57 57 54
28 24 56 56 54
29 24 50 50 48
30 24 48 48 46
31 24 51 51 49
32 24 57 57 54
33 24 58 57 55
34 24 59 59 57
35 24 74 74 71
36 24 157 158 156
37 24 108 108 107
38 24 51 50 49
22 25 49 46 44
23 25 51 49 46
24 25 54 53 50
25 25 57 56 53
26 25 58 57 54
27 25 56 56 53
28 25 48 48 46
29 25 27 27 26
30 25 19 20 19
31 25 28 28 27
32 25 46 46 44
33 25 57 56 54
34 25 60 59 56
35 25 127 127 125
36 25 144 145 143
37 25 58 58 56
23 26 45 42 40
24 26 49 47 44
25 26 52 50 47
26 26 55 53 50
27 26 55 54 51
28 26 45 45 43
29 26 20 20 19
30 26 3 3 3
31 26 7 7 6
32 26 30 30 28
33 26 51 51 49
34 26 80 80 77
35 26 154 154 152
36 26 97 97 95
37 26 41 40 40
25 27 45 43 40
26 27 49 46 44
27 27 53 51 48
28 27 51 49 47
29 27 32 32 30
30 27 11 10 10
31 27 6 5 5
32 27 21 21 20
33 27 48 48 45
34 27 127 127 124
35 27 125 125 123
36 27 53 53 52
27 28 46 43 40
28 28 48 45 42
29 28 44 42 39
30 28 35 34 32
31 28 30 29 27
32 28 37 36 34
33 28 75 74 70
34 28 146 146 143
35 28 78 78 77
28 29 41 39 36
29 29 45 43 40
30 29 46 44 41
31 29 48 46 43
32 29 53 51 48
33 29 128 126 121
34 29 115 114 111
35 29 61 61 59
30 30 42 39 36
31 30 45 42 39
32 30 80 76 71
33 30 130 127 122
34 30 57 56 53
31 31 37 34 31
32 31 114 108 101
33 31 99 96 92
34 31 48 48 47
