31 1 157 148 139
32 1 160 152 146
33 1 171 165 160
29 2 162 155 146
30 2 166 160 152
31 2 169 163 156
32 2 175 170 164
33 2 179 175 170
34 2 183 180 175
35 2 187 184 180
27 3 161 154 146
28 3 167 161 154
29 3 170 165 158
30 3 173 169 163
31 3 177 173 167
32 3 178 175 169
33 3 181 178 172
34 3 186 184 180
35 3 191 190 187
36 3 194 193 191
25 4 159 152 144
26 4 167 162 154
27 4 170 166 159
28 4 174 171 165
29 4 178 175 170
30 4 179 177 171
31 4 179 177 172
32 4 181 179 174
33 4 183 181 177
34 4 186 185 181
35 4 192 192 189
36 4 196 195 193
37 4 198 197 196
24 5 168 163 156
25 5 170 166 160
26 5 176 172 167
27 5 178 175 170
28 5 180 178 173
29 5 182 180 175
30 5 182 181 176
31 5 184 182 178
32 5 184 183 179
33 5 186 185 181
34 5 188 188 184
35 5 192 191 188
36 5 196 196 193
37 5 198 198 196
38 5 199 200 199
39 5 199 201 200
22 6 167 162 156
23 6 170 167 160
24 6 176 173 167
25 6 178 177 172
26 6 180 179 174
27 6 182 181 177
28 6 183 183 179
29 6 184 184 180
30 6 185 185 182
31 6 187 186 183
32 6 188 188 184
33 6 189 189 186
34 6 190 190 187
35 6 193 192 189
36 6 195 195 192
37 6 198 198 195
38 6 200 201 199
39 6 202 204 203
40 6 202 204 203
20 7 167 162 155
21 7 168 163 157
22 7 168 166 160
23 7 171 169 165
24 7 176 175 171
25 7 181 180 176
26 7 182 182 178
27 7 183 183 180
28 7 181 181 178
29 7 176 176 173
30 7 175 175 172
31 7 185 185 182
32 7 190 190 188
33 7 192 192 189
34 7 192 192 189
35 7 189 189 187
36 7 181 181 179
37 7 180 180 177
38 7 193 194 192
39 7 202 204 202
40 7 204 205 204
41 7 204 207 206
18 8 162 152 143
19 8 169 164 157
20 8 169 165 161
21 8 158 156 151
22 8 138 137 133
23 8 124 123 120
24 8 148 147 143
25 8 178 178 175
26 8 183 183 180
27 8 175 175 172
28 8 147 147 144
29 8 113 113 111
30 8 104 104 101
31 8 159 160 157
32 8 189 189 187
33 8 192 193 191
34 8 180 182 179
35 8 146 148 146
36 8 103 104 101
37 8 94 94 91
38 8 155 156 153
39 8 197 198 196
40 8 206 207 206
41 8 205 208 207
42 8 199 201 201
17 9 161 143 131
18 9 171 160 151
19 9 174 170 164
20 9 161 160 156
21 9 105 105 102
22 9 45 45 43
23 9 49 49 48
24 9 136 136 134
25 9 179 179 177
26 9 181 182 179
27 9 151 152 149
28 9 66 66 64
29 9 22 22 22
30 9 79 80 78
31 9 159 160 157
32 9 190 191 188
33 9 190 191 190
34 9 156 158 157
35 9 67 69 68
36 9 23 24 23
37 9 76 77 76
38 9 157 160 158
39 9 197 198 196
40 9 205 206 204
41 9 204 206 205
42 9 199 201 201
43 9 198 201 201
17 10 170 158 149
18 10 169 160 152
19 10 178 173 168
20 10 152 152 149
21 10 99 100 98
22 10 86 87 84
23 10 135 135 132
24 10 171 171 169
25 10 186 186 183
26 10 184 184 182
27 10 161 162 160
28 10 122 124 121
29 10 125 127 124
30 10 165 166 164
31 10 188 189 187
32 10 195 196 194
33 10 193 194 192
34 10 174 176 175
35 10 144 146 145
36 10 140 142 140
37 10 168 170 168
38 10 192 194 192
39 10 201 202 201
40 10 202 203 202
41 10 201 202 201
42 10 196 199 198
43 10 203 206 206
18 11 128 122 115
19 11 167 162 156
20 11 176 174 170
21 11 170 169 166
22 11 170 170 167
23 11 182 182 179
24 11 187 187 184
25 11 189 189 186
26 11 189 190 187
27 11 186 186 184
28 11 183 184 181
29 11 185 186 183
30 11 192 193 191
31 11 197 197 195
32 11 197 198 196
33 11 198 199 197
34 11 196 197 195
35 11 194 195 193
36 11 195 196 194
37 11 199 200 198
38 11 200 201 199
39 11 192 193 191
40 11 180 181 179
41 11 189 190 187
42 11 192 194 193
43 11 202 204 204
18 12 52 51 48
19 12 126 119 113
20 12 180 175 170
21 12 187 186 182
22 12 188 188 184
23 12 190 190 187
24 12 191 190 187
25 12 191 191 188
26 12 192 192 189
27 12 192 193 190
28 12 193 194 191
29 12 196 196 194
30 12 197 197 195
31 12 198 198 196
32 12 199 200 197
33 12 199 200 198
34 12 201 202 200
35 12 202 203 201
36 12 202 202 200
37 12 198 199 197
38 12 175 176 174
39 12 131 133 130
40 12 106 107 105
41 12 165 165 162
42 12 190 191 189
43 12 196 198 197
19 13 51 50 48
20 13 138 132 126
21 13 186 182 177
22 13 191 190 186
23 13 191 191 187
24 13 192 192 189
25 13 192 192 189
26 13 193 193 190
27 13 195 195 192
28 13 196 196 193
29 13 197 198 195
30 13 198 198 196
31 13 199 200 198
32 13 200 201 199
33 13 201 201 199
34 13 200 201 199
35 13 199 200 198
36 13 194 195 193
37 13 171 173 171
38 13 102 104 102
39 13 29 30 29
40 13 31 31 30
41 13 137 137 134
42 13 185 186 183
43 13 192 194 192
19 14 53 52 50
20 14 58 57 54
21 14 160 154 148
22 14 191 188 183
23 14 192 192 188
24 14 193 193 190
25 14 194 194 192
26 14 194 194 192
27 14 196 196 194
28 14 197 198 195
29 14 198 199 196
30 14 199 199 197
31 14 201 201 199
32 14 201 201 199
33 14 199 200 198
34 14 190 190 188
35 14 176 177 175
36 14 178 180 178
37 14 155 157 156
38 14 49 51 50
39 14 11 11 10
40 14 71 71 69
41 14 149 149 145
42 14 181 181 178
43 14 186 187 185
44 14 196 197 195
20 15 51 50 47
21 15 76 73 68
22 15 168 163 157
23 15 193 190 186
24 15 194 193 190
25 15 195 195 192
26 15 196 196 193
27 15 197 198 195
28 15 198 198 196
29 15 199 200 197
30 15 199 200 197
31 15 199 200 198
32 15 193 194 192
33 15 170 172 169
34 15 118 120 117
35 15 95 96 94
36 15 141 144 142
37 15 157 161 160
38 15 88 91 90
39 15 87 87 85
40 15 139 139 136
41 15 172 172 168
42 15 180 180 176
43 15 182 183 180
44 15 192 192 190
20 16 55 54 51
21 16 54 53 51
22 16 103 101 96
23 16 180 175 169
24 16 195 193 189
25 16 196 196 193
26 16 197 197 194
27 16 198 198 196
28 16 199 199 197
29 16 198 198 196
30 16 197 197 195
31 16 192 193 191
32 16 168 169 167
33 16 83 85 83
34 16 22 23 22
35 16 23 23 23
36 16 109 111 110
37 16 168 170 169
38 16 159 161 158
39 16 159 159 156
40 16 170 170 167
41 16 177 177 173
42 16 177 177 172
43 16 177 177 173
44 16 186 185 182
21 17 55 54 51
22 17 55 54 52
23 17 127 122 115
24 17 189 185 178
25 17 196 195 190
26 17 197 197 193
27 17 197 197 194
28 17 195 196 193
29 17 186 187 184
30 17 175 176 174
31 17 173 175 173
32 17 149 152 150
33 17 42 44 43
34 17 9 10 9
35 17 61 62 60
36 17 141 142 139
37 17 175 176 173
38 17 178 179 176
39 17 178 177 174
40 17 177 176 172
41 17 175 174 169
42 17 173 171 166
43 17 173 172 167
44 17 175 174 170
21 18 56 55 52
22 18 57 56 53
23 18 57 56 54
24 18 147 141 134
25 18 189 185 178
26 18 194 192 187
27 18 189 189 186
28 18 164 165 162
29 18 110 111 108
30 18 90 91 89
31 18 120 123 121
32 18 146 150 149
33 18 93 96 94
34 18 86 87 85
35 18 132 133 130
36 18 167 168 164
37 18 178 178 175
38 18 178 177 174
39 18 176 176 172
40 18 174 173 169
41 18 171 170 165
42 18 168 166 161
43 18 167 165 159
44 18 170 168 163
45 18 178 177 172
22 19 57 55 52
23 19 58 57 55
24 19 66 66 64
25 19 165 159 150
26 19 187 185 180
27 19 162 162 159
28 19 75 76 74
29 19 15 15 15
30 19 14 14 13
31 19 86 88 86
32 19 162 164 162
33 19 162 164 161
34 19 160 160 157
35 19 170 170 167
36 19 176 176 173
37 19 177 177 173
38 19 176 176 172
39 19 173 173 169
40 19 166 165 160
41 19 151 150 145
42 19 136 135 129
43 19 150 148 142
44 19 162 160 155
45 19 175 174 169
22 20 54 51 48
23 20 55 54 51
24 20 59 59 56
25 20 129 125 119
26 20 176 173 168
27 20 144 144 141
28 20 37 38 36
29 20 9 9 9
30 20 55 56 54
31 20 134 135 132
32 20 172 172 169
33 20 179 180 176
34 20 178 178 175
35 20 177 177 174
36 20 176 176 173
37 20 174 174 170
38 20 172 172 168
39 20 167 167 163
40 20 142 141 137
41 20 90 89 85
42 20 51 50 47
43 20 120 118 112
44 20 156 154 148
45 20 164 162 156
23 21 53 52 49
24 21 57 56 53
25 21 70 69 66
26 21 165 161 153
27 21 147 146 142
28 21 87 88 86
29 21 73 73 71
30 21 127 128 125
31 21 165 165 162
32 21 178 178 175
33 21 179 179 176
34 21 177 176 173
35 21 175 175 172
36 21 173 173 169
37 21 169 169 165
38 21 165 165 161
39 21 152 152 148
40 21 87 87 83
41 21 16 15 14
42 21 31 30 28
43 21 111 108 102
44 21 149 146 140
45 21 147 142 136
23 22 52 51 47
24 22 55 53 50
25 22 56 55 53
26 22 134 130 123
27 22 170 168 163
28 22 162 162 159
29 22 160 160 157
30 22 168 167 164
31 22 176 175 172
32 22 178 178 175
33 22 177 176 173
34 22 175 175 171
35 22 171 170 167
36 22 156 156 152
37 22 137 137 133
38 22 128 128 124
39 22 142 142 138
40 22 74 74 71
41 22 38 37 35
42 22 90 87 82
43 22 134 130 123
44 22 140 135 128
45 22 126 118 111
46 22 148 140 132
24 23 52 50 47
25 23 53 52 50
26 23 79 77 74
27 23 170 166 160
28 23 178 177 174
29 23 177 177 174
30 23 177 176 173
31 23 177 176 173
32 23 176 176 173
33 23 174 174 171
34 23 172 172 168
35 23 155 155 152
36 23 105 106 102
37 23 52 52 50
38 23 56 56 54
39 23 133 133 129
40 23 126 125 121
41 23 120 117 112
42 23 134 130 124
43 23 134 129 122
44 23 118 112 105
45 23 43 39 36
25 24 52 51 48
26 24 50 49 47
27 24 144 140 134
28 24 177 174 170
29 24 177 176 173
30 24 176 175 172
31 24 175 175 172
32 24 173 172 169
33 24 169 169 165
34 24 165 165 161
35 24 125 126 122
36 24 32 32 30
37 24 10 10 9
38 24 80 79 75
39 24 140 138 134
40 24 149 147 141
41 24 142 138 132
42 24 134 129 123
43 24 47 44 40
25 25 52 51 48
26 25 47 46 44
27 25 86 83 79
28 25 171 166 160
29 25 175 173 170
30 25 173 172 169
31 25 161 161 158
32 25 145 145 142
33 25 135 135 131
34 25 144 144 141
35 25 128 129 126
36 25 52 52 51
37 25 77 76 72
38 25 126 124 119
39 25 147 144 138
40 25 141 137 131
41 25 118 113 107
42 25 42 40 36
26 26 46 44 42
27 26 47 45 43
28 26 144 139 132
29 26 172 169 165
30 26 162 162 158
31 26 119 119 116
32 26 63 63 61
33 26 49 48 46
34 26 114 114 110
35 26 149 149 145
36 26 131 130 126
37 26 138 135 130
38 26 143 140 134
39 26 135 131 126
40 26 49 46 43
27 27 46 44 41
28 27 95 91 85
29 27 164 159 153
30 27 138 137 133
31 27 49 49 47
32 27 2 2 2
33 27 54 54 51
34 27 134 133 130
35 27 156 154 150
36 27 152 149 144
37 27 140 137 131
38 27 122 118 112
28 28 57 55 53
29 28 138 132 125
30 28 118 114 109
31 28 54 52 50
32 28 67 66 63
33 28 117 116 112
34 28 147 145 141
35 28 149 146 141
36 28 137 133 127
37 28 49 47 44
28 29 47 43 41
29 29 118 111 104
30 29 146 139 132
31 29 135 132 127
32 29 138 135 130
33 29 146 143 138
34 29 140 137 131
35 29 114 110 104
29 30 92 82 75
30 30 160 151 143
31 30 153 147 140
32 30 147 142 135
33 30 126 122 116
34 30 46 44 41
30 31 155 143 135
31 31 142 130 120
32 31 52 47 43
