33 0 181 175 166
34 0 175 166 155
31 1 190 191 188
32 1 191 191 187
33 1 191 189 184
34 1 188 183 174
35 1 181 174 164
29 2 189 190 187
30 2 193 194 191
31 2 193 194 192
32 2 192 192 190
33 2 187 187 184
34 2 191 189 185
35 2 190 186 179
36 2 187 179 171
27 3 186 187 184
28 3 191 192 190
29 3 193 194 191
30 3 192 193 191
31 3 182 183 181
32 3 152 153 151
33 3 130 131 129
34 3 166 167 164
35 3 191 190 186
36 3 193 187 182
37 3 193 182 175
26 4 191 192 189
27 4 192 193 190
28 4 194 195 193
29 4 195 195 193
30 4 185 186 183
31 4 135 136 133
32 4 46 47 46
33 4 20 21 20
34 4 85 86 84
35 4 171 172 169
36 4 194 192 189
37 4 195 189 183
38 4 193 182 174
24 5 189 190 187
25 5 191 192 190
26 5 194 195 192
27 5 194 195 192
28 5 195 195 193
29 5 195 195 193
30 5 189 189 187
31 5 152 153 150
32 5 50 50 49
33 5 19 19 18
34 5 82 83 81
35 5 162 162 160
36 5 193 193 190
37 5 195 193 190
38 5 194 188 182
39 5 194 183 175
22 6 187 188 186
23 6 189 190 188
24 6 192 193 191
25 6 194 195 193
26 6 194 195 192
27 6 194 194 192
28 6 194 195 193
29 6 194 194 192
30 6 193 193 191
31 6 184 185 182
32 6 148 148 146
33 6 135 136 134
34 6 169 170 167
35 6 188 189 186
36 6 195 195 193
37 6 196 195 193
38 6 195 192 189
39 6 196 189 183
40 6 195 183 175
20 7 184 185 183
21 7 188 190 188
22 7 189 191 189
23 7 187 189 187
24 7 186 187 185
25 7 189 190 188
26 7 191 192 190
27 7 194 194 192
28 7 194 194 192
29 7 193 194 191
30 7 193 194 191
31 7 192 193 190
32 7 188 189 186
33 7 187 188 186
34 7 191 192 189
35 7 195 195 192
36 7 196 196 193
37 7 196 196 194
38 7 196 195 192
39 7 195 193 189
40 7 195 188 182
41 7 195 183 176
18 8 168 169 167
19 8 184 186 185
20 8 189 191 189
21 8 189 191 189
22 8 180 182 180
23 8 149 151 149
24 8 126 129 127
25 8 145 147 145
26 8 172 174 171
27 8 191 192 189
28 8 192 193 190
29 8 192 192 190
30 8 191 192 189
31 8 187 187 185
32 8 188 189 187
33 8 191 192 190
34 8 194 194 192
35 8 194 195 192
36 8 195 196 193
37 8 196 196 193
38 8 196 196 193
39 8 196 196 193
40 8 196 193 189
41 8 195 188 183
42 8 194 181 173
18 9 169 170 168
19 9 183 186 185
20 9 193 195 193
21 9 187 188 186
22 9 144 146 143
23 9 51 53 52
24 9 18 18 18
25 9 45 46 46
26 9 133 135 133
27 9 185 185 183
28 9 191 192 189
29 9 187 188 186
30 9 169 170 167
31 9 137 138 135
32 9 145 146 145
33 9 164 166 164
34 9 189 190 188
35 9 194 195 192
36 9 195 196 193
37 9 195 195 193
38 9 193 193 191
39 9 189 189 187
40 9 192 191 188
41 9 195 191 187
42 9 194 186 181
43 9 193 180 172
18 10 56 56 55
19 10 159 162 160
20 10 190 193 191
21 10 186 188 186
22 10 134 136 133
23 10 42 43 41
24 10 6 6 6
25 10 49 50 49
26 10 142 144 142
27 10 183 184 182
28 10 191 191 189
29 10 175 175 173
30 10 111 112 109
31 10 26 26 25
32 10 27 28 27
33 10 80 82 80
34 10 167 169 167
35 10 192 193 191
36 10 194 194 192
37 10 188 188 186
38 10 163 163 160
39 10 138 138 136
40 10 152 153 151
41 10 176 175 173
42 10 189 184 180
43 10 194 187 181
44 10 192 178 170
18 11 51 51 50
19 11 77 78 77
20 11 164 167 166
21 11 190 192 190
22 11 166 167 164
23 11 131 132 129
24 11 112 112 110
25 11 132 133 132
26 11 170 172 170
27 11 187 188 186
28 11 189 190 187
29 11 178 179 176
30 11 118 118 115
31 11 18 18 18
32 11 8 8 7
33 11 65 67 65
34 11 156 157 155
35 11 189 190 188
36 11 192 193 190
37 11 177 177 175
38 11 100 100 97
39 11 30 31 30
40 11 42 43 42
41 11 117 117 116
42 11 179 177 175
43 11 195 190 186
44 11 193 184 177
18 12 49 49 47
19 12 44 44 43
20 12 72 73 72
21 12 175 177 175
22 12 190 191 189
23 12 184 184 182
24 12 180 180 177
25 12 180 180 177
26 12 185 186 183
27 12 189 189 186
28 12 189 189 186
29 12 183 184 181
30 12 157 157 154
31 12 107 108 105
32 12 94 92 89
33 12 129 129 126
34 12 176 176 173
35 12 191 191 189
36 12 192 192 189
37 12 174 174 171
38 12 86 86 83
39 12 8 8 8
40 12 8 8 8
41 12 82 82 81
42 12 174 173 171
43 12 194 191 188
44 12 195 188 182
45 12 189 176 168
19 13 48 48 47
20 13 50 51 49
21 13 108 109 107
22 13 184 185 183
23 13 193 193 190
24 13 191 190 187
25 13 188 187 184
26 13 188 187 184
27 13 190 189 186
28 13 189 189 186
29 13 188 188 185
30 13 184 184 182
31 13 178 178 175
32 13 174 174 171
33 13 176 176 173
34 13 186 186 184
35 13 191 191 188
36 13 192 192 189
37 13 187 187 184
38 13 154 153 150
39 13 94 94 90
40 13 94 94 91
41 13 126 126 124
42 13 180 179 177
43 13 194 192 189
44 13 193 187 182
45 13 180 168 160
46 13 170 152 141
19 14 47 47 45
20 14 63 63 61
21 14 27 28 27
22 14 135 136 134
23 14 189 189 187
24 14 193 192 189
25 14 190 189 186
26 14 188 187 184
27 14 189 188 185
28 14 189 189 186
29 14 188 188 185
30 14 185 186 184
31 14 187 187 185
32 14 188 188 185
33 14 189 189 187
34 14 190 190 187
35 14 191 191 188
36 14 192 191 188
37 14 192 191 188
38 14 188 187 184
39 14 177 177 173
40 14 176 175 172
41 14 179 179 175
42 14 191 189 186
43 14 187 183 179
44 14 164 157 152
45 14 140 132 124
46 14 160 149 140
19 15 46 46 44
20 15 59 59 57
21 15 24 24 23
22 15 38 38 36
23 15 156 156 154
24 15 191 192 189
25 15 191 191 188
26 15 189 189 186
27 15 188 188 185
28 15 186 186 183
29 15 180 180 177
30 15 172 173 170
31 15 170 171 168
32 15 177 178 175
33 15 188 188 185
34 15 189 189 186
35 15 191 190 187
36 15 192 191 188
37 15 192 191 187
38 15 192 191 188
39 15 192 191 188
40 15 193 192 188
41 15 190 189 185
42 15 177 173 169
43 15 138 133 128
44 15 120 115 109
45 15 135 129 122
19 16 47 47 45
20 16 56 56 54
21 16 26 26 25
22 16 37 37 36
23 16 76 75 72
24 16 167 168 166
25 16 193 193 191
26 16 191 190 187
27 16 188 188 185
28 16 181 181 178
29 16 150 150 147
30 16 111 111 109
31 16 82 83 81
32 16 123 124 121
33 16 176 176 173
34 16 189 188 185
35 16 191 190 186
36 16 191 190 186
37 16 192 191 187
38 16 192 191 187
39 16 192 190 186
40 16 187 184 180
41 16 160 156 151
42 16 86 83 79
43 16 78 76 72
44 16 111 106 100
45 16 142 137 130
19 17 46 45 43
20 17 49 49 47
21 17 26 26 25
22 17 36 36 35
23 17 54 53 51
24 17 95 95 92
25 17 176 176 174
26 17 192 192 189
27 17 188 188 185
28 17 173 172 169
29 17 102 101 98
30 17 24 24 23
31 17 5 5 4
32 17 34 34 33
33 17 145 144 141
34 17 185 184 180
35 17 190 189 185
36 17 191 189 185
37 17 191 189 185
38 17 190 188 183
39 17 182 180 176
40 17 144 141 136
41 17 70 68 64
42 17 67 66 63
43 17 112 110 104
44 17 122 117 111
45 17 157 152 145
19 18 52 50 47
20 18 45 44 41
21 18 31 31 29
22 18 30 31 29
23 18 50 50 48
24 18 58 57 54
25 18 116 115 111
26 18 182 182 179
27 18 188 188 185
28 18 174 174 170
29 18 113 112 109
30 18 18 18 17
31 18 7 7 6
32 18 43 43 41
33 18 147 147 144
34 18 185 184 180
35 18 189 187 183
36 18 190 188 183
37 18 185 183 179
38 18 167 165 161
39 18 129 128 125
40 18 84 84 81
41 18 86 86 83
42 18 109 107 103
43 18 117 115 109
44 18 131 127 120
20 19 50 48 44
21 19 37 36 33
22 19 30 30 29
23 19 50 50 48
24 19 58 57 55
25 19 49 48 46
26 19 131 129 125
27 19 183 182 178
28 19 182 180 176
29 19 163 161 157
30 19 114 112 108
31 19 82 81 77
32 19 116 114 109
33 19 169 167 162
34 19 186 184 179
35 19 188 186 181
36 19 180 179 175
37 19 154 154 150
38 19 132 132 128
39 19 118 117 114
40 19 109 109 105
41 19 113 112 108
42 19 113 111 106
43 19 111 107 102
44 19 138 134 128
21 20 44 42 39
22 20 37 36 34
23 20 48 47 45
24 20 59 59 56
25 20 48 48 45
26 20 34 33 31
27 20 149 147 142
28 20 185 183 179
29 20 185 183 178
30 20 174 172 167
31 20 166 164 159
32 20 176 173 168
33 20 185 183 178
34 20 181 180 175
35 20 161 161 157
36 20 130 130 126
37 20 126 126 123
38 20 126 125 122
39 20 123 122 119
40 20 117 116 112
41 20 104 103 98
42 20 97 95 91
43 20 95 91 86
44 20 131 127 121
22 21 45 43 41
23 21 51 50 47
24 21 59 59 56
25 21 52 51 49
26 21 31 31 29
27 21 54 52 49
28 21 158 155 151
29 21 186 184 180
30 21 186 184 179
31 21 184 182 177
32 21 183 181 177
33 21 174 173 170
34 21 127 127 124
35 21 109 110 107
36 21 122 123 119
37 21 127 126 123
38 21 124 124 121
39 21 115 115 111
40 21 89 88 85
41 21 63 62 59
42 21 85 80 76
43 21 113 102 96
22 22 52 50 47
23 22 56 54 51
24 22 60 59 57
25 22 52 51 49
26 22 33 33 32
27 22 19 18 17
28 22 84 81 77
29 22 165 163 158
30 22 185 183 179
31 22 180 178 174
32 22 149 149 146
33 22 81 81 78
34 22 71 72 70
35 22 117 117 115
36 22 125 125 122
37 22 123 122 119
38 22 115 114 111
39 22 87 86 83
40 22 53 51 49
41 22 76 70 66
42 22 81 73 69
43 22 108 98 92
23 23 58 55 52
24 23 60 58 55
25 23 54 53 51
26 23 34 34 33
27 23 19 19 18
28 23 26 26 24
29 23 97 93 88
30 23 163 163 159
31 23 135 137 134
32 23 63 64 62
33 23 70 72 70
34 23 113 114 112
35 23 124 124 121
36 23 120 120 117
37 23 117 116 113
38 23 104 104 101
39 23 76 74 71
40 23 67 61 57
41 23 63 56 52
42 23 51 44 40
24 24 58 56 53
25 24 53 52 49
26 24 36 36 34
27 24 21 21 20
28 24 31 30 28
29 24 43 41 38
30 24 126 128 125
31 24 98 100 98
32 24 97 99 97
33 24 115 116 114
34 24 121 122 119
35 24 118 118 115
36 24 118 118 115
37 24 117 116 113
38 24 106 103 100
39 24 83 78 74
40 24 43 40 37
25 25 51 49 46
26 25 37 36 34
27 25 21 21 20
28 25 30 30 28
29 25 58 55 51
30 25 127 128 126
31 25 119 121 118
32 25 122 123 120
33 25 117 118 115
34 25 109 109 106
35 25 112 112 109
36 25 116 114 111
37 25 107 103 99
38 25 81 76 72
39 25 57 52 48
25 26 50 48 45
26 26 38 36 34
27 26 24 23 22
28 26 29 29 27
29 26 62 59 55
30 26 125 125 123
31 26 123 124 121
32 26 109 109 107
33 26 78 78 76
34 26 91 91 89
35 26 107 105 101
36 26 105 101 96
37 26 62 60 57
26 27 38 35 33
27 27 30 28 26
28 27 32 31 30
29 27 68 65 61
30 27 123 123 121
31 27 104 104 102
32 27 60 61 59
33 27 67 66 64
34 27 93 90 87
35 27 102 96 91
36 27 61 56 52
27 28 37 34 32
28 28 35 33 31
29 28 69 66 62
30 28 112 113 110
31 28 75 76 74
32 28 75 74 71
33 28 78 76 73
34 28 97 91 86
28 29 42 38 35
29 29 76 71 67
30 29 110 109 106
31 29 90 89 86
32 29 88 86 82
33 29 49 47 45
28 30 41 37 34
29 30 89 82 77
30 30 96 94 90
31 30 85 82 77
29 31 50 46 42
30 31 54 52 48
