29 0 169 167 164
28 1 141 141 139
29 1 168 167 163
30 1 171 165 160
31 1 177 172 169
27 2 80 74 72
28 2 129 123 120
29 2 170 168 165
30 2 177 173 167
31 2 176 171 166
32 2 179 175 171
27 3 126 110 107
28 3 158 135 133
29 3 171 159 157
30 3 184 181 177
31 3 179 174 168
32 3 178 175 170
33 3 178 175 171
26 4 117 108 106
27 4 149 127 124
28 4 167 117 114
29 4 174 149 146
30 4 189 187 183
31 4 183 179 173
32 4 182 179 174
33 4 179 176 172
34 4 178 176 173
35 4 180 179 177
25 5 139 129 128
26 5 144 122 121
27 5 160 120 119
28 5 170 109 108
29 5 172 142 139
30 5 187 187 183
31 5 189 186 181
32 5 187 184 180
33 5 184 182 177
34 5 180 179 175
35 5 178 178 174
36 5 178 178 176
24 6 106 98 97
25 6 136 117 116
26 6 156 120 119
27 6 162 119 119
28 6 165 139 137
29 6 162 154 151
30 6 182 184 181
31 6 192 191 186
32 6 188 186 181
33 6 188 187 183
34 6 184 184 180
35 6 180 180 176
36 6 177 177 174
37 6 175 175 173
23 7 58 51 51
24 7 123 103 101
25 7 150 120 119
26 7 155 126 126
27 7 153 141 139
28 7 155 153 150
29 7 160 162 158
30 7 174 176 173
31 7 194 192 188
32 7 179 175 170
33 7 174 172 169
34 7 180 180 176
35 7 182 182 179
36 7 176 176 173
37 7 175 175 172
38 7 169 170 168
39 7 167 168 166
22 8 59 54 53
23 8 123 105 104
24 8 147 120 119
25 8 151 119 118
26 8 145 136 134
27 8 148 149 145
28 8 153 156 152
29 8 161 163 159
30 8 168 169 165
31 8 188 185 178
32 8 186 179 172
33 8 161 157 153
34 8 146 145 142
35 8 173 173 170
36 8 165 165 162
37 8 161 161 158
38 8 163 164 161
39 8 154 155 153
40 8 157 158 157
22 9 117 100 98
23 9 138 115 114
24 9 146 119 118
25 9 134 121 119
26 9 125 126 123
27 9 144 147 143
28 9 156 158 155
29 9 160 162 158
30 9 171 169 162
31 9 183 177 168
32 9 194 190 184
33 9 191 188 183
34 9 156 151 145
35 9 145 144 141
36 9 166 166 164
37 9 139 140 137
38 9 141 142 139
39 9 144 145 143
40 9 142 143 141
41 9 156 157 155
42 9 158 158 157
21 10 126 110 108
22 10 133 106 103
23 10 143 111 109
24 10 130 117 116
25 10 91 90 88
26 10 114 117 114
27 10 150 152 149
28 10 159 160 156
29 10 163 161 156
30 10 180 176 168
31 10 170 168 163
32 10 172 172 168
33 10 189 189 186
34 10 194 192 189
35 10 173 170 165
36 10 168 167 164
37 10 175 175 172
38 10 154 155 152
39 10 156 157 155
40 10 146 147 145
41 10 139 140 138
42 10 153 153 151
20 11 126 115 112
21 11 126 97 94
22 11 141 90 88
23 11 138 111 109
24 11 99 95 93
25 11 76 78 75
26 11 133 136 133
27 11 154 155 152
28 11 159 158 153
29 11 175 171 164
30 11 167 166 161
31 11 151 151 148
32 11 144 145 142
33 11 159 160 157
34 11 178 179 176
35 11 193 193 190
36 11 193 191 188
37 11 190 188 185
38 11 189 189 186
39 11 180 180 178
40 11 178 179 176
41 11 161 162 160
42 11 154 154 152
43 11 157 157 155
19 12 93 85 82
20 12 113 92 88
21 12 137 92 89
22 12 142 97 96
23 12 124 115 113
24 12 81 82 80
25 12 113 115 112
26 12 147 149 145
27 12 156 156 151
28 12 173 170 163
29 12 166 164 160
30 12 129 130 128
31 12 62 63 62
32 12 52 53 52
33 12 73 73 72
34 12 145 146 143
35 12 172 173 170
36 12 189 189 186
37 12 199 197 194
38 12 197 196 192
39 12 195 195 192
40 12 190 190 188
41 12 186 187 184
42 12 176 176 174
43 12 170 170 168
19 13 90 77 72
20 13 126 102 97
21 13 138 92 89
22 13 139 119 117
23 13 124 124 121
24 13 119 121 118
25 13 140 142 138
26 13 152 153 148
27 13 171 168 161
28 13 172 170 165
29 13 144 145 143
30 13 61 62 61
31 13 4 4 4
32 13 1 1 1
33 13 22 23 22
34 13 113 114 112
35 13 162 163 160
36 13 170 170 167
37 13 183 183 181
38 13 194 194 190
39 13 199 198 194
40 13 195 194 191
41 13 192 192 189
42 13 187 188 185
43 13 181 181 178
44 13 176 176 173
18 14 37 31 28
19 14 86 71 67
20 14 129 102 98
21 14 140 109 106
22 14 138 133 130
23 14 137 138 135
24 14 141 143 139
25 14 150 150 146
26 14 167 164 157
27 14 172 169 163
28 14 161 161 158
29 14 144 145 143
30 14 77 78 78
31 14 17 17 17
32 14 2 2 2
33 14 51 51 50
34 14 134 135 132
35 14 162 162 160
36 14 165 165 163
37 14 168 169 166
38 14 172 173 170
39 14 187 187 184
40 14 198 196 193
41 14 196 195 191
42 14 193 193 190
43 14 188 188 186
44 14 183 183 181
18 15 39 34 31
19 15 89 74 71
20 15 130 110 107
21 15 137 125 122
22 15 138 138 135
23 15 142 144 140
24 15 146 147 142
25 15 162 158 152
26 15 170 166 160
27 15 159 158 154
28 15 158 158 155
29 15 153 154 151
30 15 128 129 128
31 15 96 96 95
32 15 74 74 72
33 15 122 123 120
34 15 148 149 146
35 15 162 162 159
36 15 162 162 160
37 15 163 164 161
38 15 164 165 162
39 15 166 166 164
40 15 180 180 178
41 15 193 191 188
42 15 196 195 191
43 15 193 193 190
44 15 188 188 185
45 15 183 183 180
18 16 41 37 34
19 16 90 81 78
20 16 128 120 116
21 16 137 135 132
22 16 141 142 138
23 16 144 145 140
24 16 158 154 148
25 16 170 165 158
26 16 157 156 151
27 16 156 156 153
28 16 157 157 154
29 16 157 157 154
30 16 152 152 149
31 16 148 149 146
32 16 147 147 144
33 16 155 156 153
34 16 157 157 154
35 16 158 159 156
36 16 159 160 157
37 16 160 160 158
38 16 161 161 158
39 16 160 160 157
40 16 163 164 161
41 16 171 171 169
42 16 187 186 184
43 16 194 192 189
44 16 192 191 187
45 16 188 188 184
19 17 90 87 83
20 17 129 127 123
21 17 138 138 135
22 17 141 142 138
23 17 150 147 141
24 17 168 162 155
25 17 160 157 153
26 17 153 153 149
27 17 155 155 151
28 17 155 155 152
29 17 155 155 152
30 17 156 156 153
31 17 154 155 151
32 17 155 155 152
33 17 156 156 153
34 17 156 157 153
35 17 156 157 153
36 17 157 158 155
37 17 157 157 154
38 17 156 157 154
39 17 158 159 156
40 17 159 160 157
41 17 161 161 159
42 17 162 162 160
43 17 177 178 175
44 17 189 188 185
45 17 189 187 183
46 17 182 179 174
19 18 93 92 88
20 18 131 131 127
21 18 139 140 136
22 18 146 143 137
23 18 164 158 151
24 18 159 156 151
25 18 152 151 147
26 18 153 152 148
27 18 153 153 149
28 18 153 152 149
29 18 154 154 151
30 18 153 152 149
31 18 154 154 151
32 18 153 154 150
33 18 154 154 151
34 18 155 155 152
35 18 154 155 152
36 18 155 156 153
37 18 154 155 152
38 18 154 155 151
39 18 155 155 152
40 18 157 157 154
41 18 158 159 155
42 18 158 158 155
43 18 162 163 160
44 18 170 171 168
45 18 183 184 181
46 18 188 188 185
19 19 91 90 86
20 19 133 132 128
21 19 143 140 135
22 19 162 155 148
23 19 159 155 149
24 19 152 150 146
25 19 149 148 144
26 19 151 151 146
27 19 152 151 147
28 19 151 150 147
29 19 152 152 148
30 19 151 151 147
31 19 151 151 148
32 19 152 152 149
33 19 152 152 149
34 19 152 152 148
35 19 152 153 150
36 19 151 152 148
37 19 151 152 148
38 19 153 153 150
39 19 152 153 149
40 19 153 154 150
41 19 155 155 152
42 19 157 157 154
43 19 159 160 157
44 19 162 164 161
45 19 160 163 161
46 19 167 169 168
47 19 183 186 185
19 20 93 92 87
20 20 136 133 127
21 20 158 151 143
22 20 159 154 148
23 20 150 148 144
24 20 149 148 144
25 20 148 147 143
26 20 149 148 145
27 20 149 149 145
28 20 149 149 145
29 20 149 148 145
30 20 149 149 146
31 20 150 149 146
32 20 149 150 146
33 20 150 151 147
34 20 150 150 147
35 20 151 151 148
36 20 150 150 147
37 20 149 149 146
38 20 150 151 147
39 20 151 152 148
40 20 152 152 149
41 20 152 152 148
42 20 156 156 153
43 20 157 158 155
44 20 155 157 155
45 20 116 119 118
46 20 105 108 107
19 21 96 88 81
20 21 150 140 131
21 21 157 150 143
22 21 147 145 140
23 21 147 145 141
24 21 147 145 141
25 21 147 146 142
26 21 147 146 142
27 21 146 146 142
28 21 147 147 143
29 21 146 146 143
30 21 147 146 143
31 21 148 148 144
32 21 147 147 144
33 21 148 148 145
34 21 147 147 144
35 21 147 147 144
36 21 148 147 144
37 21 148 148 145
38 21 149 148 145
39 21 149 148 145
40 21 151 150 147
41 21 152 152 149
42 21 154 155 152
43 21 152 154 153
44 21 111 114 112
45 21 62 64 63
19 22 126 107 94
20 22 152 139 129
21 22 145 140 134
22 22 144 141 137
23 22 146 144 140
24 22 146 144 140
25 22 145 144 139
26 22 145 144 140
27 22 144 144 140
28 22 143 143 139
29 22 145 144 141
30 22 144 144 141
31 22 145 145 141
32 22 146 146 143
33 22 145 145 142
34 22 146 146 142
35 22 146 145 142
36 22 146 145 142
37 22 146 146 142
38 22 147 146 143
39 22 148 148 145
40 22 150 149 146
41 22 151 152 149
42 22 150 152 150
43 22 103 106 104
44 22 62 64 63
19 23 107 87 76
20 23 138 127 117
21 23 139 133 126
22 23 140 137 132
23 23 142 140 136
24 23 143 141 137
25 23 143 142 138
26 23 144 143 138
27 23 142 141 137
28 23 141 141 137
29 23 142 142 138
30 23 143 142 139
31 23 143 143 139
32 23 143 143 140
33 23 142 142 139
34 23 142 142 139
35 23 143 143 139
36 23 143 142 139
37 23 144 144 140
38 23 145 144 141
39 23 146 146 142
40 23 148 149 145
41 23 148 150 148
42 23 117 119 118
43 23 62 63 62
21 24 130 123 116
22 24 135 131 124
23 24 138 135 129
24 24 139 137 133
25 24 141 139 135
26 24 142 140 136
27 24 141 140 135
28 24 140 139 134
29 24 139 139 134
30 24 140 140 136
31 24 140 140 136
32 24 131 131 128
33 24 126 126 123
34 24 121 122 119
35 24 134 134 130
36 24 140 139 136
37 24 142 142 138
38 24 144 143 140
39 24 147 146 143
40 24 147 148 145
41 24 111 113 111
42 24 62 63 62
22 25 49 46 42
23 25 132 127 120
24 25 137 133 128
25 25 137 134 129
26 25 139 137 133
27 25 139 137 133
28 25 138 137 132
29 25 137 137 132
30 25 137 136 132
31 25 123 123 120
32 25 79 80 78
33 25 58 58 57
34 25 54 55 53
35 25 95 95 92
36 25 133 133 129
37 25 140 139 135
38 25 144 143 139
39 25 144 144 141
40 25 110 111 109
41 25 61 62 61
24 26 133 128 122
25 26 133 128 122
26 26 133 129 124
27 26 134 131 127
28 26 135 133 128
29 26 136 135 130
30 26 132 131 127
31 26 96 96 94
32 26 28 29 28
33 26 4 4 4
34 26 8 8 8
35 26 69 69 67
36 26 126 126 122
37 26 140 140 136
38 26 142 142 139
39 26 107 108 106
40 26 62 63 61
26 27 106 102 96
27 27 132 127 122
28 27 131 128 123
29 27 132 130 125
30 27 131 129 125
31 27 97 96 93
32 27 33 33 31
33 27 18 17 16
34 27 36 35 33
35 27 82 82 78
36 27 129 129 125
37 27 138 139 135
38 27 120 121 119
39 27 62 63 61
28 28 126 121 115
29 28 126 121 115
30 28 127 123 118
31 28 117 115 110
32 28 92 90 86
33 28 90 87 83
34 28 99 97 92
35 28 120 118 113
36 28 133 132 128
37 28 114 115 111
38 28 60 60 58
29 29 45 42 38
30 29 118 112 105
31 29 123 118 112
32 29 120 116 110
33 29 121 118 112
34 29 126 123 117
35 29 129 127 122
36 29 115 114 110
37 29 58 58 55
31 30 117 111 104
32 30 118 112 105
33 30 119 114 106
34 30 122 118 112
35 30 107 105 99
36 30 56 54 51
33 31 95 89 82
34 31 106 100 94
35 31 50 47 44
