30 0 161 151 147
29 1 154 147 141
30 1 166 158 152
31 1 174 168 164
28 2 69 65 63
29 2 162 156 150
30 2 173 167 160
31 2 176 171 166
32 2 178 174 169
33 2 179 175 171
27 3 61 56 55
28 3 96 88 85
29 3 173 166 160
30 3 178 174 167
31 3 179 176 170
32 3 178 174 169
33 3 178 174 170
34 3 180 177 174
27 4 61 52 51
28 4 131 120 116
29 4 184 179 173
30 4 185 182 176
31 4 184 181 176
32 4 181 179 173
33 4 178 176 171
34 4 179 177 173
35 4 181 179 177
36 4 182 180 178
26 5 62 51 50
27 5 89 75 74
28 5 154 145 141
29 5 188 184 179
30 5 189 187 182
31 5 188 187 182
32 5 185 184 179
33 5 183 181 176
34 5 181 179 175
35 5 180 179 175
36 5 180 179 176
37 5 179 179 177
25 6 62 53 52
26 6 72 58 57
27 6 109 91 89
28 6 172 169 164
29 6 190 187 182
30 6 190 189 185
31 6 190 189 185
32 6 189 188 184
33 6 187 187 183
34 6 184 184 180
35 6 182 182 178
36 6 180 180 176
37 6 179 179 176
38 6 178 178 176
39 6 178 179 177
25 7 60 49 48
26 7 109 92 91
27 7 122 114 111
28 7 182 179 173
29 7 190 187 183
30 7 178 177 173
31 7 171 170 166
32 7 181 180 177
33 7 188 188 185
34 7 186 186 183
35 7 180 180 177
36 7 178 179 175
37 7 181 181 178
38 7 178 178 175
39 7 174 175 173
40 7 172 173 172
24 8 60 49 48
25 8 91 77 76
26 8 107 95 93
27 8 135 132 126
28 8 186 179 171
29 8 194 189 184
30 8 176 174 171
31 8 109 108 106
32 8 120 120 116
33 8 171 171 168
34 8 185 185 182
35 8 161 162 159
36 8 139 140 136
37 8 167 168 165
38 8 176 177 174
39 8 165 166 163
40 8 156 157 155
41 8 163 165 163
42 8 169 171 170
23 9 60 50 49
24 9 67 54 53
25 9 98 82 81
26 9 104 102 99
27 9 146 142 133
28 9 172 167 158
29 9 194 190 184
30 9 194 190 186
31 9 161 158 154
32 9 90 89 86
33 9 118 118 115
34 9 175 176 173
35 9 176 176 173
36 9 122 122 120
37 9 102 103 100
38 9 156 157 154
39 9 163 165 162
40 9 121 122 120
41 9 128 130 128
42 9 159 161 159
43 9 168 170 169
22 10 60 52 51
23 10 56 43 43
24 10 95 76 75
25 10 91 84 81
26 10 131 128 122
27 10 147 143 135
28 10 138 136 131
29 10 154 153 149
30 10 187 185 182
31 10 194 191 188
32 10 175 171 167
33 10 147 146 143
34 10 170 171 168
35 10 191 191 189
36 10 179 180 177
37 10 142 143 141
38 10 140 141 138
39 10 177 178 176
40 10 162 164 162
41 10 111 113 111
42 10 132 134 132
43 10 164 166 164
44 10 167 167 166
22 11 56 42 41
23 11 82 66 65
24 11 87 70 68
25 11 107 105 100
26 11 145 141 134
27 11 123 122 118
28 11 115 116 113
29 11 112 113 110
30 11 134 135 132
31 11 171 172 169
32 11 190 188 185
33 11 196 194 190
34 11 193 192 188
35 11 196 195 192
36 11 195 195 193
37 11 190 190 187
38 11 182 183 180
39 11 186 187 185
40 11 187 188 185
41 11 173 175 172
42 11 158 159 157
43 11 166 167 165
44 11 169 170 168
21 12 54 45 44
22 12 77 63 62
23 12 90 69 67
24 12 84 81 77
25 12 137 134 127
26 12 133 131 126
27 12 91 92 90
28 12 47 47 46
29 12 36 37 36
30 12 60 60 59
31 12 111 112 110
32 12 140 141 138
33 12 177 177 174
34 12 198 196 192
35 12 200 198 195
36 12 199 198 195
37 12 198 198 195
38 12 195 195 192
39 12 194 195 192
40 12 192 192 190
41 12 190 191 189
42 12 186 187 184
43 12 181 182 180
44 12 180 180 178
21 13 52 42 41
22 13 87 70 67
23 13 91 82 79
24 13 129 126 119
25 13 143 140 134
26 13 112 112 110
27 13 46 47 46
28 13 3 3 3
29 13 1 1 1
30 13 11 11 11
31 13 74 75 73
32 13 125 126 123
33 13 136 137 134
34 13 156 157 154
35 13 187 186 183
36 13 199 197 193
37 13 199 198 194
38 13 198 198 195
39 13 197 197 194
40 13 195 195 192
41 13 193 193 191
42 13 191 192 189
43 13 188 189 187
44 13 186 186 184
20 14 47 37 35
21 14 64 55 52
22 14 93 82 79
23 14 112 109 103
24 14 141 138 131
25 14 126 125 122
26 14 115 116 114
27 14 60 61 60
28 14 15 15 15
29 14 1 1 1
30 14 13 14 13
31 14 87 88 86
32 14 131 132 129
33 14 132 132 129
34 14 134 134 131
35 14 140 140 137
36 14 171 172 169
37 14 192 190 187
38 14 200 198 194
39 14 198 197 194
40 14 198 198 195
41 14 196 196 193
42 14 194 195 192
43 14 192 192 190
44 14 190 190 188
20 15 48 42 39
21 15 79 71 68
22 15 101 98 94
23 15 134 130 123
24 15 130 128 123
25 15 124 124 121
26 15 123 123 120
27 15 102 102 101
28 15 70 70 69
29 15 47 47 46
30 15 70 71 69
31 15 107 108 105
32 15 124 124 121
33 15 129 129 126
34 15 127 127 124
35 15 131 131 128
36 15 131 132 129
37 15 147 147 145
38 15 180 179 176
39 15 196 194 190
40 15 199 198 194
41 15 198 197 194
42 15 197 197 194
43 15 195 196 193
44 15 193 193 190
45 15 187 187 184
19 16 46 42 40
20 16 49 45 43
21 16 88 84 81
22 16 130 126 119
23 16 135 131 125
24 16 126 125 121
25 16 122 122 119
26 16 120 120 117
27 16 120 120 117
28 16 112 112 110
29 16 109 109 106
30 16 114 115 111
31 16 123 124 121
32 16 125 126 123
33 16 125 125 122
34 16 127 128 125
35 16 129 129 126
36 16 130 130 127
37 16 132 133 130
38 16 135 136 133
39 16 157 158 155
40 16 188 187 184
41 16 198 196 192
42 16 197 196 192
43 16 197 197 194
44 16 195 195 192
45 16 193 193 190
19 17 49 46 44
20 17 63 61 57
21 17 114 109 103
22 17 137 132 126
23 17 124 122 118
24 17 118 118 114
25 17 121 121 118
26 17 123 123 120
27 17 122 122 119
28 17 120 120 116
29 17 120 120 117
30 17 123 124 120
31 17 122 123 120
32 17 121 121 118
33 17 124 125 122
34 17 123 123 120
35 17 126 126 123
36 17 127 128 125
37 17 130 130 127
38 17 129 129 127
39 17 128 129 126
40 17 140 140 138
41 17 171 172 169
42 17 191 190 186
43 17 197 195 191
44 17 194 193 189
45 17 193 192 189
19 18 49 48 45
20 18 89 86 81
21 18 131 126 119
22 18 124 121 116
23 18 117 116 112
24 18 120 119 115
25 18 119 118 115
26 18 120 119 116
27 18 116 115 112
28 18 118 118 114
29 18 120 120 117
30 18 120 121 117
31 18 119 119 116
32 18 121 121 118
33 18 121 122 118
34 18 123 124 121
35 18 123 123 120
36 18 124 125 121
37 18 124 124 121
38 18 123 124 120
39 18 125 126 123
40 18 128 128 125
41 18 131 132 129
42 18 152 153 150
43 18 178 178 175
44 18 190 188 184
45 18 189 187 183
18 19 48 46 44
19 19 49 46 42
20 19 119 113 106
21 19 130 125 119
22 19 119 118 114
23 19 116 115 111
24 19 116 115 111
25 19 116 115 112
26 19 117 116 113
27 19 120 119 116
28 19 117 117 113
29 19 117 117 114
30 19 117 117 113
31 19 120 121 117
32 19 120 121 117
33 19 119 120 116
34 19 120 121 117
35 19 122 123 119
36 19 121 121 118
37 19 120 121 117
38 19 121 122 118
39 19 126 127 123
40 19 128 128 125
41 19 129 130 127
42 19 130 131 128
43 19 138 141 139
44 19 160 163 162
45 19 192 192 190
18 20 46 43 40
19 20 103 95 88
20 20 130 124 117
21 20 118 116 112
22 20 114 113 109
23 20 112 112 108
24 20 116 115 111
25 20 115 114 111
26 20 115 114 111
27 20 115 114 111
28 20 117 117 114
29 20 117 117 114
30 20 117 117 114
31 20 117 117 114
32 20 115 115 112
33 20 121 121 118
34 20 121 121 118
35 20 120 120 117
36 20 119 120 116
37 20 119 119 115
38 20 121 121 118
39 20 123 124 120
40 20 124 124 120
41 20 126 127 123
42 20 133 134 132
43 20 128 131 130
44 20 63 66 65
18 21 85 75 67
19 21 120 111 103
20 21 117 114 108
21 21 113 110 107
22 21 111 109 105
23 21 114 113 109
24 21 113 112 108
25 21 113 113 109
26 21 112 111 108
27 21 114 113 110
28 21 113 112 109
29 21 114 114 111
30 21 113 113 110
31 21 114 114 110
32 21 117 117 114
33 21 117 118 114
34 21 116 116 113
35 21 117 116 113
36 21 117 117 113
37 21 118 118 115
38 21 120 120 117
39 21 121 121 117
40 21 124 124 121
41 21 129 130 128
42 21 136 138 136
43 21 64 65 65
17 22 42 36 32
18 22 107 92 82
19 22 120 110 102
20 22 110 106 101
21 22 110 108 104
22 22 112 111 107
23 22 110 109 105
24 22 111 110 106
25 22 110 110 105
26 22 111 110 106
27 22 110 109 106
28 22 111 111 108
29 22 113 113 110
30 22 114 113 110
31 22 114 114 110
32 22 112 112 109
33 22 113 113 110
34 22 117 117 114
35 22 118 117 114
36 22 117 116 113
37 22 117 117 113
38 22 119 119 115
39 22 121 121 118
40 22 124 125 122
41 22 140 142 141
42 22 105 107 106
18 23 107 89 78
19 23 116 106 98
20 23 107 103 97
21 23 107 104 100
22 23 107 105 102
23 23 109 108 104
24 23 111 109 105
25 23 109 109 104
26 23 108 108 104
27 23 110 109 106
28 23 110 110 106
29 23 110 110 107
30 23 111 111 108
31 23 113 113 110
32 23 113 113 110
33 23 112 112 109
34 23 112 112 109
35 23 113 112 109
36 23 112 112 109
37 23 117 117 114
38 23 120 119 116
39 23 123 123 120
40 23 134 136 134
41 23 93 95 94
42 23 63 64 63
20 24 108 102 95
21 24 110 105 99
22 24 107 104 99
23 24 107 105 101
24 24 106 104 100
25 24 108 106 102
26 24 108 108 103
27 24 106 106 101
28 24 107 107 102
29 24 108 107 104
30 24 107 107 104
31 24 100 100 98
32 24 96 97 94
33 24 97 97 94
34 24 106 106 102
35 24 111 110 107
36 24 113 112 109
37 24 115 115 111
38 24 117 117 113
39 24 133 134 132
40 24 102 103 102
41 24 63 64 63
22 25 114 109 103
23 25 107 103 98
24 25 105 103 98
25 25 105 103 99
26 25 106 105 100
27 25 107 106 102
28 25 107 106 102
29 25 105 105 101
30 25 90 90 87
31 25 55 56 54
32 25 47 47 46
33 25 46 46 44
34 25 82 82 79
35 25 104 104 100
36 25 110 109 106
37 25 114 113 109
38 25 130 131 128
39 25 113 115 112
40 25 64 65 63
23 26 48 45 42
24 26 109 104 99
25 26 103 99 94
26 26 103 101 96
27 26 104 102 98
28 26 102 100 96
29 26 102 101 98
30 26 66 66 64
31 26 17 17 16
32 26 3 3 3
33 26 8 8 8
34 26 54 55 52
35 26 99 98 95
36 26 110 110 106
37 26 129 130 127
38 26 117 118 116
39 26 64 65 63
25 27 128 123 117
26 27 111 107 101
27 27 102 99 94
28 27 103 101 96
29 27 100 98 95
30 27 71 71 68
31 27 23 23 22
32 27 10 9 9
33 27 17 16 15
34 27 51 50 48
35 27 96 95 91
36 27 123 123 119
37 27 125 125 123
38 27 64 65 63
27 28 111 105 100
28 28 106 101 95
29 28 96 92 87
30 28 91 89 85
31 28 66 65 62
32 28 57 56 53
33 28 65 63 60
34 28 82 80 76
35 28 112 111 106
36 28 123 123 120
37 28 61 62 60
29 29 99 94 88
30 29 99 95 89
31 29 94 91 86
32 29 92 89 84
33 29 95 92 87
34 29 103 101 96
35 29 112 110 106
36 29 59 58 55
31 30 99 94 87
32 30 94 89 82
33 30 95 91 85
34 30 112 109 103
35 30 86 84 80
32 31 41 38 34
33 31 102 95 88
34 31 73 69 65
