30 1 156 145 136
31 1 159 151 144
32 1 171 164 159
33 1 178 173 168
28 2 164 156 146
29 2 167 160 152
30 2 170 164 156
31 2 174 169 162
32 2 177 172 167
33 2 178 174 169
34 2 181 177 173
27 3 170 163 155
28 3 172 166 159
29 3 175 170 164
30 3 177 173 167
31 3 178 175 169
32 3 178 174 168
33 3 179 176 170
34 3 182 179 174
35 3 185 183 179
36 3 188 186 183
25 4 172 166 158
26 4 174 169 162
27 4 177 173 167
28 4 180 177 171
29 4 182 179 174
30 4 181 179 173
31 4 180 178 172
32 4 180 178 172
33 4 180 178 173
34 4 181 180 175
35 4 185 184 180
36 4 188 187 184
37 4 190 189 187
38 4 190 189 188
24 5 176 171 163
25 5 178 174 168
26 5 181 179 173
27 5 183 181 176
28 5 184 183 178
29 5 185 183 178
30 5 184 183 178
31 5 184 183 178
32 5 183 182 177
33 5 183 182 178
34 5 184 183 179
35 5 185 184 180
36 5 187 187 183
37 5 189 189 186
38 5 190 190 188
39 5 191 191 189
40 5 191 192 191
22 6 176 171 164
23 6 177 173 167
24 6 182 179 174
25 6 185 183 178
26 6 185 184 179
27 6 186 184 180
28 6 186 185 181
29 6 187 186 182
30 6 187 186 182
31 6 187 186 183
32 6 186 186 183
33 6 187 187 183
34 6 186 186 183
35 6 187 187 183
36 6 187 187 183
37 6 188 188 185
38 6 190 190 187
39 6 192 193 190
40 6 193 194 192
41 6 192 194 192
42 6 192 194 193
20 7 172 164 156
21 7 178 172 165
22 7 180 176 170
23 7 177 175 171
24 7 173 172 168
25 7 170 169 165
26 7 175 174 170
27 7 184 184 180
28 7 188 187 184
29 7 188 188 185
30 7 187 187 184
31 7 181 181 179
32 7 175 175 172
33 7 176 176 173
34 7 185 185 182
35 7 189 190 187
36 7 190 190 187
37 7 190 190 187
38 7 188 188 185
39 7 184 184 181
40 7 185 186 183
41 7 192 193 191
42 7 194 196 194
43 7 194 196 194
19 8 169 152 139
20 8 180 170 162
21 8 183 179 174
22 8 181 179 176
23 8 155 154 151
24 8 114 113 110
25 8 93 93 89
26 8 114 113 110
27 8 162 162 159
28 8 186 186 183
29 8 188 188 185
30 8 179 180 177
31 8 143 144 141
32 8 104 105 102
33 8 108 108 106
34 8 152 152 150
35 8 183 183 181
36 8 191 192 189
37 8 189 190 187
38 8 169 170 168
39 8 133 134 131
40 8 129 129 126
41 8 159 161 158
42 8 186 188 186
43 8 195 197 195
44 8 195 198 196
45 8 193 195 194
18 9 179 170 156
19 9 169 157 146
20 9 186 178 170
21 9 188 183 178
22 9 181 180 176
23 9 136 136 134
24 9 52 52 51
25 9 19 19 18
26 9 40 40 39
27 9 139 139 136
28 9 184 184 182
29 9 189 190 187
30 9 177 177 175
31 9 115 117 114
32 9 39 40 39
33 9 16 17 16
34 9 86 87 85
35 9 169 170 168
36 9 192 193 190
37 9 188 189 187
38 9 149 151 149
39 9 59 61 60
40 9 18 19 18
41 9 64 66 64
42 9 155 157 155
43 9 193 194 192
44 9 198 200 199
45 9 193 195 194
46 9 184 185 183
18 10 57 52 46
19 10 80 76 68
20 10 149 146 140
21 10 183 179 174
22 10 188 184 180
23 10 168 166 162
24 10 138 137 135
25 10 122 123 120
26 10 131 131 128
27 10 171 171 168
28 10 190 190 188
29 10 192 192 189
30 10 188 188 186
31 10 168 170 167
32 10 139 141 138
33 10 119 120 117
34 10 150 151 149
35 10 185 187 185
36 10 194 195 193
37 10 193 194 192
38 10 178 180 178
39 10 143 146 144
40 10 111 113 112
41 10 121 123 121
42 10 169 171 170
43 10 194 195 194
44 10 196 197 196
45 10 187 188 187
46 10 187 188 186
18 11 56 52 46
19 11 60 57 53
20 11 58 58 55
21 11 112 112 109
22 11 170 168 164
23 11 188 185 180
24 11 185 182 178
25 11 183 183 179
26 11 186 185 182
27 11 191 191 189
28 11 194 193 191
29 11 194 194 192
30 11 194 194 191
31 11 192 193 190
32 11 188 189 186
33 11 185 186 183
34 11 191 191 189
35 11 195 196 194
36 11 196 197 195
37 11 197 198 196
38 11 196 197 195
39 11 189 191 189
40 11 185 187 185
41 11 187 188 187
42 11 194 195 193
43 11 193 194 192
44 11 182 183 181
45 11 167 168 166
46 11 187 188 187
18 12 55 51 47
19 12 57 55 51
20 12 46 46 44
21 12 25 25 25
22 12 51 51 50
23 12 149 149 145
24 12 184 182 177
25 12 194 191 187
26 12 195 194 190
27 12 196 195 192
28 12 196 195 192
29 12 197 196 194
30 12 197 196 194
31 12 196 196 194
32 12 196 197 194
33 12 196 196 194
34 12 198 198 195
35 12 198 198 196
36 12 198 198 196
37 12 199 200 197
38 12 198 199 197
39 12 199 200 198
40 12 199 200 198
41 12 200 201 199
42 12 192 193 191
43 12 160 161 158
44 12 166 167 165
45 12 160 160 158
18 13 56 52 48
19 13 58 56 52
20 13 43 43 41
21 13 7 7 7
22 13 11 11 11
23 13 42 42 41
24 13 112 113 110
25 13 172 171 167
26 13 193 190 185
27 13 197 195 190
28 13 197 196 193
29 13 198 198 194
30 13 198 197 194
31 13 198 198 195
32 13 197 197 195
33 13 197 198 195
34 13 198 198 195
35 13 198 199 196
36 13 199 199 197
37 13 199 200 197
38 13 200 201 198
39 13 201 202 200
40 13 200 201 199
41 13 195 196 194
42 13 156 157 155
43 13 111 112 110
44 13 161 161 159
45 13 174 174 172
18 14 56 53 48
19 14 59 57 53
20 14 53 53 51
21 14 26 27 26
22 14 6 6 5
23 14 30 30 29
24 14 58 58 56
25 14 68 68 66
26 14 148 148 145
27 14 185 183 179
28 14 198 195 190
29 14 198 197 193
30 14 198 197 194
31 14 199 199 196
32 14 199 199 197
33 14 200 200 197
34 14 199 200 197
35 14 200 200 198
36 14 200 200 198
37 14 201 201 199
38 14 202 202 200
39 14 200 200 198
40 14 190 190 188
41 14 167 169 167
42 14 94 95 93
43 14 137 137 134
44 14 151 151 148
45 14 163 164 161
18 15 57 53 48
19 15 59 57 53
20 15 61 60 58
21 15 50 50 49
22 15 29 29 29
23 15 34 34 33
24 15 55 56 54
25 15 61 62 59
26 15 62 63 61
27 15 107 107 105
28 15 172 171 167
29 15 194 192 187
30 15 198 196 191
31 15 199 198 195
32 15 199 199 197
33 15 200 200 198
34 15 200 200 198
35 15 201 202 199
36 15 202 202 199
37 15 201 202 200
38 15 200 201 199
39 15 186 187 185
40 15 139 141 138
41 15 130 133 131
42 15 118 118 115
43 15 158 158 154
44 15 149 149 145
18 16 58 53 48
19 16 59 56 53
20 16 61 60 58
21 16 60 60 58
22 16 55 55 54
23 16 54 55 53
24 16 59 60 58
25 16 61 61 59
26 16 61 62 59
27 16 62 62 60
28 16 63 63 61
29 16 147 146 143
30 16 186 183 179
31 16 198 196 191
32 16 200 198 194
33 16 201 201 198
34 16 201 201 199
35 16 202 203 200
36 16 202 202 200
37 16 200 201 198
38 16 188 189 186
39 16 131 132 129
40 16 113 114 112
41 16 146 146 144
42 16 155 154 151
43 16 159 158 154
44 16 156 155 151
18 17 57 52 48
19 17 59 56 52
20 17 60 60 57
21 17 60 60 58
22 17 60 60 58
23 17 60 60 58
24 17 60 60 58
25 17 60 61 58
26 17 61 61 59
27 17 61 62 60
28 17 62 62 60
29 17 62 62 60
30 17 105 106 103
31 17 171 170 166
32 17 194 192 186
33 17 200 197 192
34 17 201 200 196
35 17 202 202 198
36 17 198 198 195
37 17 183 183 181
38 17 149 150 148
39 17 88 89 87
40 17 149 150 147
41 17 164 163 160
42 17 160 159 155
43 17 148 147 142
44 17 58 57 54
18 18 56 51 46
19 18 58 55 51
20 18 60 60 57
21 18 61 61 58
22 18 60 60 58
23 18 59 59 57
24 18 60 60 58
25 18 60 61 58
26 18 60 61 58
27 18 60 61 58
28 18 60 60 58
29 18 61 62 59
30 18 61 62 59
31 18 63 63 61
32 18 140 140 137
33 18 186 184 179
34 18 197 194 188
35 18 195 193 188
36 18 167 167 163
37 18 120 122 120
38 18 124 126 124
39 18 137 138 135
40 18 165 165 162
41 18 160 159 155
42 18 149 147 142
43 18 130 128 123
18 19 56 50 45
19 19 58 54 50
20 19 60 59 56
21 19 61 60 58
22 19 60 59 57
23 19 60 59 57
24 19 59 59 57
25 19 59 59 57
26 19 60 60 58
27 19 60 60 58
28 19 60 60 58
29 19 61 61 59
30 19 60 61 58
31 19 62 62 60
32 19 63 64 61
33 19 98 100 98
34 19 175 174 170
35 19 171 169 164
36 19 90 90 87
37 19 124 125 122
38 19 157 157 154
39 19 165 165 162
40 19 160 160 156
41 19 132 131 126
42 19 133 131 126
43 19 129 126 121
18 20 55 49 44
19 20 57 53 48
20 20 60 59 56
21 20 60 59 57
22 20 60 59 57
23 20 59 59 56
24 20 60 59 57
25 20 58 59 56
26 20 59 59 57
27 20 60 60 58
28 20 60 60 58
29 20 60 60 58
30 20 60 61 58
31 20 61 61 59
32 20 62 62 60
33 20 113 115 113
34 20 169 167 163
35 20 126 124 119
36 20 101 102 99
37 20 160 160 157
38 20 171 171 167
39 20 164 164 160
40 20 131 131 127
41 20 91 89 85
42 20 124 120 115
43 20 138 134 129
18 21 51 42 37
19 21 55 49 45
20 21 59 56 53
21 21 60 59 56
22 21 59 58 55
23 21 59 59 56
24 21 59 58 56
25 21 59 59 57
26 21 59 59 57
27 21 59 59 57
28 21 59 59 57
29 21 59 59 57
30 21 59 59 57
31 21 61 61 58
32 21 62 62 60
33 21 142 143 141
34 21 162 158 153
35 21 117 116 112
36 21 153 153 150
37 21 172 172 168
38 21 164 164 160
39 21 142 142 138
40 21 85 85 81
41 21 96 92 87
42 21 105 100 95
43 21 143 139 134
19 22 48 42 37
20 22 54 51 48
21 22 58 56 53
22 22 58 57 55
23 22 59 58 55
24 22 59 58 56
25 22 58 58 56
26 22 59 59 56
27 22 59 59 57
28 22 59 58 56
29 22 59 59 57
30 22 59 58 56
31 22 60 60 57
32 22 62 62 60
33 22 158 159 157
34 22 169 166 161
35 22 161 161 157
36 22 172 171 168
37 22 165 164 161
38 22 129 129 125
39 22 105 105 101
40 22 84 80 76
41 22 92 87 81
42 22 84 79 74
20 23 50 46 43
21 23 53 51 48
22 23 56 55 52
23 23 58 57 55
24 23 58 57 54
25 23 58 57 55
26 23 58 58 56
27 23 57 57 55
28 23 58 58 55
29 23 58 58 56
30 23 59 58 56
31 23 59 59 57
32 23 66 67 64
33 23 169 170 168
34 23 176 174 169
35 23 174 173 170
36 23 167 167 163
37 23 137 137 134
38 23 87 87 83
39 23 110 108 103
40 23 90 85 80
41 23 62 57 52
21 24 46 43 40
22 24 52 50 47
23 24 55 53 51
24 24 57 56 53
25 24 57 57 54
26 24 57 56 54
27 24 53 54 52
28 24 47 47 46
29 24 50 50 48
30 24 57 56 54
31 24 59 59 57
32 24 87 88 85
33 24 172 171 168
34 24 174 173 169
35 24 168 167 164
36 24 144 144 140
37 24 92 92 89
38 24 105 102 98
39 24 110 106 101
40 24 35 33 31
23 25 48 46 43
24 25 54 52 49
25 25 56 55 52
26 25 57 56 54
27 25 46 46 44
28 25 21 22 21
29 25 23 23 22
30 25 45 45 43
31 25 57 57 54
32 25 101 102 99
33 25 173 171 167
34 25 163 161 157
35 25 131 131 128
36 25 114 114 111
37 25 96 94 90
38 25 103 99 94
39 25 40 38 35
24 26 48 46 43
25 26 51 49 46
26 26 54 53 50
27 26 48 48 45
28 26 22 22 21
29 26 4 4 4
30 26 25 25 24
31 26 51 51 48
32 26 126 126 123
33 26 164 161 155
34 26 126 124 120
35 26 89 88 85
36 26 119 118 114
37 26 105 101 96
38 26 31 29 27
25 27 45 43 40
26 27 50 47 44
27 27 51 49 46
28 27 39 38 36
29 27 14 13 13
30 27 13 12 12
31 27 40 40 38
32 27 144 144 141
33 27 147 143 137
34 27 83 80 77
35 27 114 111 107
36 27 118 115 110
37 27 42 40 38
27 28 47 44 41
28 28 46 44 41
29 28 38 37 34
30 28 33 32 30
31 28 50 49 46
32 28 149 148 144
33 28 120 115 109
34 28 100 97 92
35 28 113 109 104
36 28 40 38 36
28 29 43 41 38
29 29 46 43 40
30 29 49 47 44
31 29 70 68 64
32 29 154 151 146
33 29 129 123 117
34 29 106 102 97
35 29 38 36 34
29 30 39 36 33
30 30 45 42 38
31 30 87 83 78
32 30 146 140 134
33 30 124 117 110
34 30 40 37 34
31 31 109 102 95
32 31 138 130 123
33 31 48 42 38
