32 0 186 182 174
33 0 182 174 163
34 0 167 158 145
30 1 187 188 185
31 1 191 191 188
32 1 192 191 187
33 1 191 186 179
34 1 186 179 169
29 2 189 189 187
30 2 191 192 190
31 2 190 191 188
32 2 187 188 185
33 2 193 191 187
34 2 193 188 182
35 2 190 181 173
27 3 187 188 186
28 3 190 191 188
29 3 189 190 188
30 3 177 178 176
31 3 146 147 145
32 3 130 132 129
33 3 175 176 173
34 3 195 193 189
35 3 196 189 183
36 3 195 182 173
25 4 186 187 185
26 4 188 189 187
27 4 190 191 189
28 4 191 192 190
29 4 173 174 171
30 4 108 109 107
31 4 32 32 32
32 4 24 25 24
33 4 132 133 131
34 4 189 189 186
35 4 198 195 190
36 4 197 189 183
23 5 182 183 180
24 5 187 188 186
25 5 189 190 187
26 5 191 192 189
27 5 191 192 189
28 5 191 192 189
29 5 173 174 171
30 5 86 87 85
31 5 20 20 20
32 5 77 78 76
33 5 152 153 150
34 5 190 191 188
35 5 198 197 194
36 5 198 193 188
37 5 197 187 180
22 6 183 184 182
23 6 186 187 185
24 6 189 190 188
25 6 191 191 189
26 6 191 191 189
27 6 191 192 189
28 6 191 192 189
29 6 186 187 185
30 6 154 154 152
31 6 136 137 134
32 6 170 171 168
33 6 189 190 187
34 6 196 196 193
35 6 198 198 195
36 6 198 196 193
37 6 198 192 186
38 6 197 187 180
20 7 180 182 180
21 7 183 185 182
22 7 183 185 183
23 7 185 186 184
24 7 188 189 186
25 7 190 190 188
26 7 190 191 188
27 7 191 191 189
28 7 191 191 189
29 7 190 191 189
30 7 188 189 186
31 7 188 188 186
32 7 192 192 190
33 7 195 195 193
34 7 197 196 194
35 7 198 198 196
36 7 199 198 195
37 7 199 196 193
38 7 199 192 186
39 7 198 185 177
18 8 178 180 179
19 8 182 184 182
20 8 182 183 181
21 8 171 174 172
22 8 149 151 148
23 8 152 154 152
24 8 172 174 171
25 8 188 188 186
26 8 189 189 187
27 8 190 190 188
28 8 187 188 185
29 8 186 187 184
30 8 189 190 188
31 8 191 192 190
32 8 193 194 191
33 8 196 196 193
34 8 197 197 194
35 8 197 197 195
36 8 199 198 196
37 8 199 198 195
38 8 199 195 191
39 8 199 190 184
17 9 170 172 171
18 9 181 184 183
19 9 184 186 185
20 9 167 169 167
21 9 102 104 102
22 9 40 41 40
23 9 55 57 57
24 9 139 140 138
25 9 184 184 182
26 9 188 188 186
27 9 181 182 179
28 9 155 156 153
29 9 137 138 137
30 9 153 154 153
31 9 183 184 182
32 9 194 194 192
33 9 195 195 193
34 9 195 196 193
35 9 194 194 191
36 9 190 189 187
37 9 191 191 189
38 9 197 195 192
39 9 198 192 188
40 9 198 187 180
17 10 176 180 179
18 10 184 187 186
19 10 183 185 183
20 10 146 148 145
21 10 49 50 48
22 10 7 7 7
23 10 65 67 66
24 10 152 154 152
25 10 184 184 182
26 10 182 182 180
27 10 144 144 142
28 10 63 63 61
29 10 21 21 21
30 10 53 54 53
31 10 157 159 157
32 10 191 192 190
33 10 194 194 192
34 10 187 187 185
35 10 158 159 156
36 10 127 128 126
37 10 139 140 138
38 10 173 172 170
39 10 192 189 185
40 10 199 191 186
41 10 197 185 178
18 11 185 188 188
19 11 183 185 184
20 11 151 152 150
21 11 103 104 101
22 11 96 96 95
23 11 138 140 138
24 11 175 176 175
25 11 185 186 183
26 11 180 181 178
27 11 131 131 128
28 11 21 21 20
29 11 12 12 12
30 11 76 77 75
31 11 160 161 159
32 11 190 190 188
33 11 192 192 190
34 11 168 169 166
35 11 80 80 78
36 11 20 20 19
37 11 32 32 31
38 11 130 130 128
39 11 188 186 184
40 11 199 194 190
41 11 198 189 182
18 12 185 188 188
19 12 187 189 187
20 12 182 183 180
21 12 173 173 170
22 12 170 170 168
23 12 176 176 174
24 12 184 184 181
25 12 186 186 183
26 12 180 180 177
27 12 152 152 149
28 12 97 97 94
29 12 98 97 93
30 12 144 144 141
31 12 181 182 179
32 12 192 192 190
33 12 189 189 186
34 12 151 151 148
35 12 38 38 36
36 12 8 8 8
37 12 37 37 37
38 12 135 135 134
39 12 191 190 187
40 12 199 196 192
41 12 198 190 183
42 12 190 176 166
19 13 187 189 188
20 13 188 188 186
21 13 185 185 181
22 13 184 183 180
23 13 184 183 180
24 13 185 185 182
25 13 185 185 182
26 13 183 183 181
27 13 180 180 178
28 13 172 172 170
29 13 172 172 169
30 13 179 179 176
31 13 189 189 186
32 13 192 191 189
33 13 191 191 188
34 13 174 174 171
35 13 114 114 110
36 13 98 98 95
37 13 117 116 114
38 13 170 170 167
39 13 195 194 191
40 13 197 194 190
41 13 190 182 176
42 13 179 167 158
43 13 177 165 155
19 14 186 189 188
20 14 189 190 188
21 14 188 188 185
22 14 184 184 181
23 14 184 184 181
24 14 185 184 181
25 14 185 185 182
26 14 183 183 180
27 14 183 184 181
28 14 185 185 183
29 14 186 187 184
30 14 187 187 185
31 14 190 190 187
32 14 192 191 189
33 14 193 192 189
34 14 190 190 186
35 14 182 181 177
36 14 178 178 174
37 14 181 181 177
38 14 192 190 187
39 14 191 189 185
40 14 179 174 169
41 14 147 140 134
42 14 157 149 142
43 14 180 174 167
20 15 188 189 188
21 15 188 189 186
22 15 186 185 182
23 15 184 184 181
24 15 183 183 180
25 15 178 178 175
26 15 170 171 168
27 15 167 168 166
28 15 174 174 172
29 15 186 186 183
30 15 188 187 184
31 15 190 189 186
32 15 191 190 187
33 15 193 192 188
34 15 193 192 188
35 15 194 193 189
36 15 194 193 189
37 15 192 190 186
38 15 181 178 174
39 15 144 140 135
40 15 96 92 87
41 15 100 97 92
42 15 147 142 136
43 15 178 173 166
20 16 187 188 187
21 16 188 189 187
22 16 188 188 185
23 16 185 184 181
24 16 179 179 176
25 16 152 152 148
26 16 112 112 109
27 16 86 86 84
28 16 127 128 125
29 16 178 178 175
30 16 188 187 184
31 16 189 188 185
32 16 191 190 186
33 16 193 191 187
34 16 193 191 187
35 16 194 192 188
36 16 187 185 181
37 16 163 160 155
38 16 99 97 92
39 16 39 38 35
40 16 30 28 27
41 16 77 76 72
42 16 131 127 121
43 16 168 164 157
21 17 186 187 186
22 17 187 187 185
23 17 184 184 181
24 17 167 166 163
25 17 97 97 94
26 17 27 27 26
27 17 8 9 8
28 17 74 74 72
29 17 166 166 162
30 17 187 186 182
31 17 189 187 183
32 17 190 188 184
33 17 191 190 185
34 17 190 188 184
35 17 178 176 173
36 17 142 140 136
37 17 90 89 84
38 17 23 22 20
39 17 10 10 9
40 17 52 51 50
41 17 100 99 94
42 17 118 116 110
43 17 156 152 145
44 17 178 173 166
21 18 185 186 184
22 18 186 186 183
23 18 183 183 179
24 18 163 162 159
25 18 83 81 79
26 18 8 8 8
27 18 16 16 15
28 18 109 108 105
29 18 174 173 169
30 18 186 185 180
31 18 188 186 182
32 18 188 187 183
33 18 185 183 180
34 18 156 155 151
35 18 132 131 127
36 18 113 113 110
37 18 72 71 68
38 18 51 51 49
39 18 74 74 72
40 18 103 103 99
41 18 115 114 109
42 18 117 115 109
43 18 142 138 132
44 18 172 168 161
22 19 183 182 179
23 19 183 182 178
24 19 173 172 167
25 19 139 138 133
26 19 91 89 85
27 19 110 107 103
28 19 157 154 150
29 19 182 180 175
30 19 187 186 182
31 19 183 182 178
32 19 163 163 159
33 19 130 130 126
34 19 124 124 120
35 19 125 124 121
36 19 120 119 116
37 19 107 107 104
38 19 109 108 105
39 19 112 111 108
40 19 113 113 108
41 19 114 113 108
42 19 115 113 108
43 19 131 128 122
44 19 162 158 152
22 20 180 179 175
23 20 182 180 176
24 20 183 181 177
25 20 174 172 168
26 20 165 162 157
27 20 173 170 165
28 20 182 180 176
29 20 182 180 176
30 20 170 170 166
31 20 139 139 135
32 20 125 126 122
33 20 124 124 120
34 20 125 125 122
35 20 122 121 118
36 20 122 122 119
37 20 119 119 116
38 20 119 118 115
39 20 116 116 112
40 20 113 112 108
41 20 107 105 101
42 20 102 101 97
43 20 113 111 107
44 20 143 139 134
45 20 167 162 156
23 21 180 178 174
24 21 182 181 176
25 21 183 181 176
26 21 182 180 175
27 21 181 180 176
28 21 176 177 174
29 21 137 138 134
30 21 94 95 92
31 21 90 91 88
32 21 116 117 114
33 21 124 124 121
34 21 120 120 116
35 21 123 122 119
36 21 121 121 118
37 21 119 119 115
38 21 117 117 113
39 21 114 114 110
40 21 95 94 90
41 21 63 62 58
42 21 47 47 44
43 21 86 85 82
44 21 129 124 118
45 21 162 154 147
23 22 175 172 169
24 22 179 177 173
25 22 183 181 178
26 22 178 178 175
27 22 151 152 150
28 22 89 91 88
29 22 37 37 36
30 22 17 17 17
31 22 68 69 68
32 22 115 116 113
33 22 122 122 119
34 22 123 122 119
35 22 122 121 118
36 22 119 119 116
37 22 118 117 114
38 22 115 115 112
39 22 99 98 95
40 22 48 47 45
41 22 16 16 15
42 22 50 48 46
43 22 95 91 87
44 22 103 94 87
45 22 143 128 118
24 23 167 167 164
25 23 162 163 160
26 23 129 131 128
27 23 90 91 89
28 23 26 27 26
29 23 20 21 21
30 23 59 61 61
31 23 103 105 103
32 23 122 122 119
33 23 121 121 118
34 23 120 120 117
35 23 120 120 117
36 23 118 117 114
37 23 116 115 112
38 23 111 110 107
39 23 85 84 81
40 23 51 51 49
41 23 63 60 58
42 23 76 72 68
43 23 93 88 83
44 23 57 53 49
25 24 136 137 134
26 24 122 124 121
27 24 93 95 93
28 24 79 82 80
29 24 90 93 92
30 24 108 109 107
31 24 120 121 119
32 24 121 121 119
33 24 119 119 117
34 24 118 117 114
35 24 117 117 114
36 24 117 116 113
37 24 115 115 112
38 24 115 115 112
39 24 103 102 99
40 24 95 92 88
41 24 80 75 71
42 24 93 86 80
25 25 64 65 63
26 25 139 140 138
27 25 120 121 119
28 25 117 118 116
29 25 118 120 117
30 25 120 120 117
31 25 120 120 117
32 25 115 115 113
33 25 108 108 106
34 25 110 110 107
35 25 115 115 112
36 25 114 113 110
37 25 113 112 109
38 25 113 110 106
39 25 98 94 90
40 25 90 85 80
41 25 59 54 49
26 26 132 133 131
27 26 132 133 131
28 26 121 122 119
29 26 121 121 119
30 26 119 120 117
31 26 102 102 100
32 26 73 73 71
33 26 58 58 56
34 26 79 80 78
35 26 111 111 108
36 26 114 112 109
37 26 105 102 98
38 26 104 99 93
39 26 62 58 54
27 27 121 123 120
28 27 125 126 123
29 27 120 121 118
30 27 103 104 102
31 27 48 48 47
32 27 16 17 16
33 27 40 42 41
34 27 93 93 90
35 27 109 106 102
36 27 96 93 89
37 27 62 59 55
28 28 132 133 130
29 28 118 119 116
30 28 85 86 83
31 28 52 53 51
32 28 62 62 60
33 28 86 84 81
34 28 86 85 81
35 28 93 89 84
28 29 65 65 64
29 29 131 132 129
30 29 109 109 106
31 29 100 99 95
32 29 90 88 84
33 29 102 99 93
34 29 57 55 51
29 30 107 107 105
30 30 116 112 107
31 30 101 97 92
32 30 60 58 54
30 31 123 116 107
