34 0 161 153 143
33 1 178 177 173
34 1 180 177 171
35 1 174 168 159
31 2 162 159 154
32 2 167 164 160
33 2 188 188 185
34 2 187 186 183
35 2 182 179 173
36 2 178 173 166
30 3 150 147 142
31 3 160 159 155
32 3 187 186 183
33 3 192 193 191
34 3 176 177 175
35 3 164 163 159
36 3 177 173 168
37 3 180 171 164
29 4 150 147 142
30 4 155 153 148
31 4 182 181 178
32 4 198 198 196
33 4 195 196 193
34 4 163 164 161
35 4 91 92 90
36 4 153 151 147
37 4 180 174 169
38 4 182 171 163
28 5 151 149 145
29 5 153 152 148
30 5 175 174 171
31 5 198 199 197
32 5 199 200 198
33 5 197 198 195
34 5 184 185 183
35 5 124 125 123
36 5 89 89 86
37 5 164 161 157
38 5 181 177 172
39 5 181 169 161
27 6 143 141 137
28 6 151 149 145
29 6 168 167 164
30 6 196 197 195
31 6 201 202 200
32 6 200 201 198
33 6 199 199 197
34 6 195 195 193
35 6 178 178 176
36 6 129 129 127
37 6 160 161 158
38 6 182 180 177
39 6 183 177 173
26 7 127 126 122
27 7 140 139 135
28 7 159 159 156
29 7 188 189 187
30 7 202 203 202
31 7 195 197 195
32 7 189 190 188
33 7 195 196 194
34 7 196 197 194
35 7 193 193 191
36 7 182 182 180
37 7 181 181 179
38 7 184 184 181
39 7 183 181 177
40 7 181 174 169
24 8 120 116 111
25 8 123 122 118
26 8 130 130 126
27 8 147 147 144
28 8 170 171 170
29 8 197 199 198
30 8 202 204 202
31 8 172 174 172
32 8 117 119 117
33 8 162 163 161
34 8 191 192 189
35 8 194 194 192
36 8 190 191 188
37 8 187 188 185
38 8 186 186 184
39 8 185 185 182
40 8 182 179 175
41 8 179 172 167
23 9 113 112 108
24 9 118 116 112
25 9 129 129 125
26 9 139 139 136
27 9 155 154 152
28 9 166 168 167
29 9 190 193 192
30 9 203 205 204
31 9 181 183 180
32 9 77 79 77
33 9 70 71 70
34 9 168 169 166
35 9 192 193 190
36 9 178 179 176
37 9 159 160 158
38 9 177 177 175
39 9 185 185 182
40 9 182 182 179
41 9 179 176 172
42 9 175 168 163
22 10 134 128 122
23 10 118 116 112
24 10 129 128 124
25 10 144 144 141
26 10 152 153 150
27 10 152 153 150
28 10 104 105 103
29 10 139 142 141
30 10 193 196 195
31 10 196 198 197
32 10 143 144 142
33 10 45 46 45
34 10 137 139 137
35 10 188 189 187
36 10 169 170 167
37 10 79 79 77
38 10 126 127 125
39 10 175 176 174
40 10 180 180 178
41 10 164 164 161
42 10 165 161 157
43 10 170 162 156
21 11 120 118 114
22 11 128 126 121
23 11 142 142 138
24 11 154 154 151
25 11 161 161 158
26 11 147 148 146
27 11 79 80 78
28 11 51 51 50
29 11 64 64 63
30 11 148 151 150
31 11 195 197 196
32 11 190 192 190
33 11 157 158 155
34 11 156 157 155
35 11 186 187 185
36 11 185 185 183
37 11 133 133 130
38 11 52 53 52
39 11 144 145 143
40 11 176 177 174
41 11 137 138 135
42 11 117 115 112
43 11 155 149 145
44 11 169 161 155
21 12 141 139 134
22 12 153 152 148
23 12 164 164 161
24 12 163 164 161
25 12 137 138 136
26 12 65 66 64
27 12 25 26 25
28 12 15 15 15
29 12 31 31 30
30 12 75 75 73
31 12 152 154 153
32 12 196 198 197
33 12 197 198 196
34 12 191 191 189
35 12 192 192 189
36 12 192 192 189
37 12 174 174 171
38 12 118 119 116
39 12 136 136 133
40 12 177 177 174
41 12 157 157 154
42 12 69 69 66
43 12 122 119 116
44 12 165 160 155
45 12 166 156 149
20 13 146 144 139
21 13 152 151 147
22 13 165 165 162
23 13 162 162 160
24 13 121 122 120
25 13 72 73 71
26 13 35 36 35
27 13 7 7 7
28 13 1 1 1
29 13 3 3 3
30 13 29 29 28
31 13 61 61 59
32 13 153 155 153
33 13 196 198 196
34 13 199 199 197
35 13 195 194 191
36 13 193 192 190
37 13 189 189 186
38 13 178 178 176
39 13 170 170 167
40 13 180 179 177
41 13 177 177 174
42 13 137 136 133
43 13 97 96 93
44 13 156 153 149
45 13 166 159 153
46 13 158 146 138
19 14 161 159 154
20 14 157 155 151
21 14 164 164 161
22 14 155 155 153
23 14 110 111 109
24 14 59 60 59
25 14 54 55 54
26 14 42 43 42
27 14 15 15 15
28 14 1 1 1
29 14 1 1 1
30 14 11 11 10
31 14 50 50 48
32 14 76 76 73
33 14 153 155 153
34 14 197 198 196
35 14 198 198 196
36 14 194 193 191
37 14 191 191 188
38 14 188 188 185
39 14 184 185 182
40 14 184 184 182
41 14 183 183 180
42 14 175 175 171
43 14 155 155 151
44 14 162 161 157
45 14 169 165 161
46 14 165 156 150
18 15 166 163 158
19 15 151 150 146
20 15 161 160 157
21 15 149 149 146
22 15 87 88 86
23 15 33 33 32
24 15 17 18 17
25 15 23 23 23
26 15 39 41 41
27 15 37 39 39
28 15 15 16 16
29 15 11 12 11
30 15 28 28 27
31 15 58 58 56
32 15 70 70 67
33 15 85 85 81
34 15 156 157 155
35 15 196 197 195
36 15 197 197 195
37 15 192 192 189
38 15 186 186 183
39 15 174 174 172
40 15 175 175 172
41 15 183 182 179
42 15 183 182 178
43 15 179 178 174
44 15 175 173 169
45 15 171 169 164
17 16 145 142 137
18 16 152 149 144
19 16 158 157 153
20 16 140 141 138
21 16 80 81 79
22 16 45 45 44
23 16 11 12 12
24 16 1 1 1
25 16 1 1 1
26 16 17 17 17
27 16 46 47 47
28 16 48 50 48
29 16 47 48 46
30 16 53 54 52
31 16 63 63 61
32 16 70 70 67
33 16 71 70 67
34 16 72 71 68
35 16 157 157 154
36 16 195 195 193
37 16 195 195 193
38 16 186 185 183
39 16 144 144 141
40 16 116 116 114
41 16 167 167 164
42 16 182 180 177
43 16 181 179 175
44 16 177 176 171
45 16 174 172 168
17 17 153 151 147
18 17 150 149 145
19 17 122 123 120
20 17 66 67 65
21 17 49 50 49
22 17 46 47 46
23 17 23 24 23
24 17 3 3 3
26 17 12 12 12
27 17 45 46 44
28 17 61 62 60
29 17 62 62 60
30 17 62 62 60
31 17 66 65 63
32 17 63 62 60
33 17 64 63 60
34 17 67 65 62
35 17 81 80 76
36 17 161 161 156
37 17 193 192 190
38 17 190 190 187
39 17 151 150 147
40 17 39 39 38
41 17 114 113 110
42 17 173 172 168
43 17 181 179 174
44 17 177 175 170
45 17 176 174 169
16 18 153 147 139
17 18 136 132 125
18 18 109 108 104
19 18 53 54 52
20 18 16 17 16
21 18 15 16 15
22 18 24 25 24
23 18 33 35 34
24 18 24 25 25
25 18 14 15 14
26 18 29 30 29
27 18 50 51 49
28 18 60 60 58
29 18 62 62 60
30 18 62 62 59
31 18 60 60 58
32 18 63 63 60
33 18 62 61 58
34 18 61 60 56
35 18 75 73 69
36 18 80 79 74
37 18 161 159 155
38 18 189 189 185
39 18 177 176 173
40 18 110 109 105
41 18 63 63 60
42 18 158 157 153
43 18 180 178 173
44 18 178 175 170
16 19 69 62 54
17 19 85 80 72
18 19 63 61 57
19 19 32 32 30
20 19 4 4 4
21 19 1 1 1
22 19 5 5 5
23 19 32 33 32
24 19 50 51 49
25 19 49 50 48
26 19 52 52 51
27 19 57 57 55
28 19 60 60 57
29 19 60 60 58
30 19 59 59 57
31 19 62 62 59
32 19 61 60 57
33 19 60 60 57
34 19 60 59 55
35 19 56 55 52
36 19 53 52 48
37 19 67 65 61
38 19 162 161 156
39 19 185 184 180
40 19 169 168 164
41 19 129 127 122
42 19 155 153 148
43 19 179 176 171
44 19 178 176 171
17 20 61 56 50
18 20 58 55 50
19 20 44 43 40
20 20 19 19 18
21 20 2 2 2
22 20 6 6 6
23 20 32 32 31
24 20 56 57 55
25 20 60 60 58
26 20 60 60 58
27 20 60 60 58
28 20 60 60 58
29 20 61 61 59
30 20 63 63 60
31 20 59 59 56
32 20 61 61 58
33 20 59 59 56
34 20 45 44 42
35 20 26 25 24
36 20 15 15 14
37 20 35 33 31
38 20 76 75 70
39 20 162 160 156
40 20 184 182 178
41 20 178 176 172
42 20 176 174 169
43 20 180 177 172
44 20 179 176 171
18 21 57 52 46
19 21 56 53 48
20 21 44 42 40
21 21 31 31 30
22 21 31 31 30
23 21 46 47 45
24 21 60 60 58
25 21 62 61 59
26 21 61 61 59
27 21 61 60 58
28 21 62 62 59
29 21 63 63 60
30 21 58 58 55
31 21 59 59 57
32 21 61 61 58
33 21 54 54 51
34 21 26 26 25
35 21 4 4 4
37 21 6 6 5
38 21 34 33 31
39 21 84 82 77
40 21 158 156 151
41 21 182 180 175
42 21 183 180 176
43 21 180 177 172
19 22 58 53 47
20 22 59 56 52
21 22 58 57 54
22 22 58 58 56
23 22 61 61 59
24 22 62 61 59
25 22 61 61 59
26 22 62 62 60
27 22 63 63 60
28 22 63 63 61
29 22 59 59 56
30 22 53 53 51
31 22 48 48 46
32 22 43 43 41
33 22 45 45 43
34 22 32 33 31
35 22 9 9 8
38 22 17 16 15
39 22 53 51 47
40 22 83 80 75
41 22 151 146 140
42 22 175 171 166
43 22 180 177 173
20 23 59 55 49
21 23 63 60 55
22 23 63 62 59
23 23 62 61 59
24 23 62 62 60
25 23 63 62 60
26 23 64 64 61
27 23 63 63 61
28 23 60 60 58
29 23 58 58 56
30 23 40 40 39
31 23 18 18 17
32 23 9 9 9
33 23 18 18 17
34 23 36 36 34
35 23 31 31 30
36 23 15 15 15
37 23 16 15 14
38 23 33 32 30
39 23 54 51 48
40 23 61 57 53
41 23 80 74 68
42 23 141 132 124
43 23 170 166 162
21 24 59 54 49
22 24 62 58 53
23 24 63 61 57
24 24 63 62 60
25 24 64 63 61
26 24 62 62 60
27 24 59 59 57
28 24 58 58 56
29 24 55 55 53
30 24 32 32 31
31 24 5 5 5
32 24 1 1 1
33 24 1 1 1
34 24 23 23 21
35 24 47 46 44
36 24 43 42 40
37 24 47 46 43
38 24 53 51 48
39 24 55 52 48
40 24 58 54 50
41 24 68 63 58
22 25 59 54 49
23 25 62 58 54
24 25 63 61 58
25 25 63 62 60
26 25 54 54 52
27 25 41 41 40
28 25 35 35 34
29 25 39 39 38
30 25 40 40 39
31 25 23 23 22
32 25 5 5 5
33 25 3 3 3
34 25 24 23 22
35 25 46 45 42
36 25 54 53 49
37 25 56 54 50
38 25 55 52 48
39 25 49 46 42
40 25 48 45 41
23 26 59 54 49
24 26 63 59 54
25 26 59 58 55
26 26 45 44 42
27 26 13 13 13
28 26 4 4 3
29 26 9 8 8
30 26 28 28 27
31 26 43 44 42
32 26 33 32 31
33 26 30 29 28
34 26 42 41 38
35 26 51 50 47
36 26 55 53 49
37 26 51 49 45
38 26 49 46 43
24 27 58 54 48
25 27 58 55 50
26 27 43 41 39
27 27 13 12 12
28 27 1 1 1
29 27 1 1 1
30 27 20 20 19
31 27 48 48 46
32 27 53 53 50
33 27 52 51 48
34 27 53 51 48
35 27 52 50 46
36 27 51 49 45
37 27 49 46 43
25 28 55 50 45
26 28 48 43 39
27 28 31 29 26
28 28 19 18 17
29 28 13 13 12
30 28 31 31 29
31 28 50 50 47
32 28 55 54 51
33 28 54 52 49
34 28 52 50 46
35 28 52 50 46
26 29 51 45 40
27 29 51 46 41
28 29 50 47 43
29 29 47 45 42
30 29 52 51 48
31 29 54 52 49
32 29 54 52 48
33 29 52 50 46
28 30 56 49 44
29 30 55 50 45
30 30 54 51 46
31 30 52 49 46
32 30 52 49 46
29 31 51 42 36
30 31 54 47 42
