29 0 172 174 171
28 1 155 156 154
29 1 178 179 176
30 1 180 178 175
27 2 152 147 144
28 2 162 156 154
29 2 177 175 173
30 2 184 183 179
31 2 176 171 166
32 2 180 177 174
26 3 157 155 153
27 3 164 149 147
28 3 181 156 153
29 3 182 167 165
30 3 189 188 185
31 3 183 180 175
32 3 178 174 170
33 3 179 176 173
25 4 150 146 144
26 4 160 153 150
27 4 175 155 153
28 4 190 135 132
29 4 190 150 149
30 4 186 177 175
31 4 192 191 188
32 4 182 178 173
33 4 179 177 173
34 4 179 177 174
24 5 146 144 142
25 5 158 147 144
26 5 174 151 149
27 5 182 142 142
28 5 191 129 129
29 5 193 135 133
30 5 187 169 166
31 5 193 193 191
32 5 190 189 184
33 5 183 181 176
34 5 180 179 175
35 5 178 178 175
24 6 158 149 147
25 6 171 149 148
26 6 180 140 140
27 6 185 136 136
28 6 185 155 154
29 6 185 169 167
30 6 181 178 175
31 6 187 189 186
32 6 198 198 195
33 6 187 185 180
34 6 183 181 177
35 6 179 179 175
36 6 175 175 173
37 6 171 171 170
23 7 151 144 142
24 7 166 146 144
25 7 177 140 140
26 7 178 148 149
27 7 176 161 160
28 7 175 172 170
29 7 176 177 174
30 7 180 182 179
31 7 183 185 181
32 7 196 197 194
33 7 193 191 186
34 7 177 174 169
35 7 177 177 173
36 7 173 173 170
37 7 169 169 167
38 7 163 164 163
22 8 146 137 135
23 8 161 142 140
24 8 175 134 133
25 8 174 143 142
26 8 168 159 157
27 8 168 168 165
28 8 172 175 172
29 8 177 179 176
30 8 181 183 179
31 8 184 186 183
32 8 187 188 184
33 8 196 192 185
34 8 180 173 165
35 8 160 158 153
36 8 163 163 159
37 8 160 160 157
38 8 157 157 155
39 8 155 156 155
21 9 152 144 142
22 9 156 138 136
23 9 169 139 138
24 9 171 144 143
25 9 161 150 149
26 9 144 145 142
27 9 158 161 158
28 9 172 174 171
29 9 178 180 177
30 9 182 184 180
31 9 184 185 181
32 9 190 187 181
33 9 191 186 177
34 9 195 191 185
35 9 186 182 177
36 9 158 154 148
37 9 151 151 147
38 9 146 146 144
39 9 148 149 147
40 9 155 155 153
20 10 147 140 137
21 10 153 132 130
22 10 167 128 126
23 10 167 138 137
24 10 156 147 145
25 10 115 113 111
26 10 92 95 93
27 10 151 154 151
28 10 176 178 174
29 10 179 181 177
30 10 181 182 178
31 10 188 186 180
32 10 192 188 181
33 10 186 183 178
34 10 184 183 180
35 10 194 194 191
36 10 189 187 184
37 10 171 169 164
38 10 163 162 159
39 10 152 153 150
40 10 151 151 150
41 10 149 150 148
19 11 139 130 127
20 11 149 129 126
21 11 163 117 114
22 11 168 110 109
23 11 163 143 142
24 11 131 128 126
25 11 61 62 60
26 11 107 111 108
27 11 164 167 164
28 11 176 178 175
29 11 179 181 177
30 11 184 183 178
31 11 191 187 180
32 11 179 177 173
33 11 164 165 162
34 11 155 156 154
35 11 174 175 172
36 11 189 190 187
37 11 194 193 190
38 11 188 186 182
39 11 181 180 177
40 11 171 171 169
41 11 158 158 156
42 11 153 151 149
18 12 139 133 127
19 12 142 127 123
20 12 158 122 118
21 12 165 95 94
22 12 167 129 127
23 12 153 148 145
24 12 106 108 105
25 12 93 95 93
26 12 152 154 151
27 12 172 174 170
28 12 177 178 175
29 12 181 180 175
30 12 191 187 181
31 12 177 175 172
32 12 131 132 130
33 12 70 71 69
34 12 57 58 57
35 12 111 112 110
36 12 169 169 167
37 12 186 187 184
38 12 196 195 193
39 12 197 196 193
40 12 189 189 185
41 12 181 181 178
42 12 168 168 166
43 12 161 159 156
18 13 128 120 114
19 13 146 129 124
20 13 161 112 109
21 13 164 109 108
22 13 164 148 146
23 13 153 153 150
24 13 136 138 135
25 13 150 152 149
26 13 168 170 167
27 13 176 177 173
28 13 178 178 173
29 13 189 186 179
30 13 181 180 176
31 13 146 147 145
32 13 46 47 46
33 13 1 1 1
34 13 3 3 3
35 13 62 63 62
36 13 156 157 154
37 13 178 179 176
38 13 181 182 179
39 13 192 193 190
40 13 197 196 193
41 13 192 190 187
42 13 183 183 180
43 13 175 175 172
18 14 130 123 117
19 14 145 130 125
20 14 162 120 117
21 14 164 132 129
22 14 160 157 154
23 14 162 163 160
24 14 163 165 162
25 14 168 170 166
26 14 172 174 170
27 14 174 174 169
28 14 188 184 178
29 14 182 180 176
30 14 175 175 173
31 14 143 144 142
32 14 61 62 62
33 14 7 7 7
34 14 24 24 23
35 14 110 111 109
36 14 167 167 165
37 14 175 176 173
38 14 178 178 175
39 14 178 178 176
40 14 188 188 186
41 14 196 195 192
42 14 193 191 188
43 14 185 184 181
44 14 178 178 175
18 15 136 130 125
19 15 143 132 128
20 15 160 136 132
21 15 161 147 144
22 15 161 162 158
23 15 164 166 162
24 15 166 168 164
25 15 170 171 167
26 15 174 173 168
27 15 185 181 174
28 15 182 179 174
29 15 177 176 173
30 15 173 173 170
31 15 162 163 161
32 15 129 129 128
33 15 95 96 94
34 15 113 114 111
35 15 153 154 151
36 15 171 172 169
37 15 175 175 173
38 15 175 175 172
39 15 176 177 174
40 15 176 176 174
41 15 183 183 181
42 15 191 191 188
43 15 193 191 187
44 15 185 183 180
45 15 179 178 174
18 16 130 125 120
19 16 140 134 130
20 16 156 147 143
21 16 160 158 154
22 16 162 163 160
23 16 166 167 164
24 16 169 170 166
25 16 171 171 166
26 16 182 177 171
27 16 182 179 174
28 16 175 175 171
29 16 173 173 170
30 16 174 174 171
31 16 172 172 169
32 16 165 165 163
33 16 164 164 162
34 16 166 166 163
35 16 171 171 168
36 16 173 173 170
37 16 172 173 170
38 16 173 173 171
39 16 173 174 171
40 16 174 175 172
41 16 175 176 173
42 16 176 177 174
43 16 187 187 185
44 16 191 190 186
45 16 185 183 179
18 17 160 157 152
19 17 134 131 127
20 17 155 154 150
21 17 159 160 156
22 17 164 165 162
23 17 166 167 163
24 17 169 168 163
25 17 180 175 168
26 17 182 178 173
27 17 173 172 168
28 17 171 171 167
29 17 173 172 169
30 17 173 173 170
31 17 170 170 167
32 17 171 172 168
33 17 171 171 168
34 17 170 171 167
35 17 172 172 169
36 17 171 171 168
37 17 171 172 169
38 17 171 171 168
39 17 170 170 167
40 17 172 172 169
41 17 170 170 167
42 17 173 173 171
43 17 171 171 169
44 17 181 182 179
45 17 187 187 183
46 17 183 181 176
19 18 136 135 130
20 18 154 154 150
21 18 163 163 159
22 18 165 165 161
23 18 166 166 161
24 18 177 172 165
25 18 181 176 170
26 18 170 169 165
27 18 170 169 165
28 18 171 170 166
29 18 171 171 168
30 18 170 169 166
31 18 171 171 168
32 18 170 170 167
33 18 170 171 167
34 18 171 171 168
35 18 169 170 167
36 18 170 170 167
37 18 169 170 167
38 18 169 169 166
39 18 168 169 165
40 18 168 168 165
41 18 169 169 166
42 18 168 168 165
43 18 170 171 168
44 18 169 170 167
45 18 179 180 177
46 18 181 182 180
47 18 187 189 189
19 19 145 143 138
20 19 155 155 150
21 19 163 163 159
22 19 164 164 159
23 19 174 168 161
24 19 179 174 167
25 19 168 166 162
26 19 169 167 163
27 19 169 168 164
28 19 169 168 164
29 19 168 168 165
30 19 169 168 165
31 19 169 168 165
32 19 169 169 166
33 19 169 169 166
34 19 167 168 164
35 19 168 169 165
36 19 167 168 164
37 19 167 168 165
38 19 167 168 165
39 19 167 167 164
40 19 166 167 163
41 19 166 167 163
42 19 165 166 162
43 19 168 169 165
44 19 168 168 165
45 19 170 172 170
46 19 155 158 157
47 19 191 194 193
19 20 146 144 138
20 20 153 152 147
21 20 162 161 156
22 20 171 166 158
23 20 177 171 165
24 20 168 165 161
25 20 166 165 161
26 20 166 166 162
27 20 167 166 162
28 20 166 166 162
29 20 167 166 163
30 20 167 166 163
31 20 167 167 164
32 20 167 167 163
33 20 166 166 163
34 20 167 167 164
35 20 166 166 163
36 20 166 166 163
37 20 165 164 162
38 20 165 165 162
39 20 165 165 162
40 20 165 165 161
41 20 165 165 161
42 20 165 166 162
43 20 165 166 163
44 20 167 169 167
45 20 141 144 142
46 20 64 66 66
19 21 139 135 129
20 21 146 142 135
21 21 167 160 152
22 21 175 168 160
23 21 166 163 158
24 21 165 163 159
25 21 165 164 160
26 21 165 164 160
27 21 164 164 159
28 21 164 164 160
29 21 164 163 160
30 21 164 164 161
31 21 165 164 161
32 21 164 164 161
33 21 165 165 162
34 21 163 163 160
35 21 163 163 160
36 21 164 164 161
37 21 163 162 160
38 21 165 164 161
39 21 162 162 159
40 21 164 164 161
41 21 164 164 161
42 21 165 165 162
43 21 165 167 165
44 21 140 142 141
45 21 64 66 65
19 22 165 155 145
20 22 148 133 122
21 22 169 156 146
22 22 164 159 152
23 22 162 160 155
24 22 164 163 159
25 22 164 162 158
26 22 163 162 158
27 22 163 162 158
28 22 161 161 157
29 22 162 162 158
30 22 162 161 158
31 22 162 161 158
32 22 163 163 159
33 22 162 162 159
34 22 161 161 158
35 22 162 162 159
36 22 161 161 158
37 22 162 162 159
38 22 161 160 157
39 22 163 162 159
40 22 163 162 159
41 22 164 164 161
42 22 164 166 164
43 22 138 140 139
44 22 64 66 65
20 23 158 139 126
21 23 158 146 136
22 23 158 152 145
23 23 160 157 152
24 23 160 158 154
25 23 161 160 156
26 23 163 161 157
27 23 160 159 155
28 23 160 160 155
29 23 159 159 155
30 23 160 160 156
31 23 160 160 156
32 23 159 159 155
33 23 159 159 156
34 23 159 159 156
35 23 159 159 156
36 23 159 159 156
37 23 160 160 157
38 23 159 158 155
39 23 160 160 156
40 23 161 161 157
41 23 164 165 163
42 23 138 140 138
43 23 64 65 64
21 24 48 42 38
22 24 155 148 141
23 24 156 151 145
24 24 157 154 148
25 24 159 157 153
26 24 159 157 153
27 24 160 158 154
28 24 159 158 154
29 24 157 156 152
30 24 157 157 152
31 24 157 157 153
32 24 156 156 152
33 24 146 146 143
34 24 141 141 139
35 24 141 141 138
36 24 152 152 148
37 24 156 156 153
38 24 158 158 154
39 24 160 159 155
40 24 163 164 160
41 24 139 140 138
42 24 64 65 63
23 25 154 148 141
24 25 154 149 143
25 25 155 151 146
26 25 156 153 149
27 25 158 156 151
28 25 156 155 151
29 25 156 155 150
30 25 155 154 150
31 25 152 152 148
32 25 130 130 127
33 25 81 82 80
34 25 65 66 65
35 25 74 75 72
36 25 132 132 129
37 25 153 153 149
38 25 158 157 153
39 25 160 160 157
40 25 136 137 134
41 25 63 64 62
25 26 146 141 135
26 26 155 151 145
27 26 153 150 144
28 26 153 151 146
29 26 154 153 148
30 26 152 151 147
31 26 143 142 138
32 26 84 84 82
33 26 16 17 16
34 26 2 2 2
35 26 41 41 39
36 26 122 123 119
37 26 152 152 148
38 26 157 157 154
39 26 136 137 134
40 26 63 63 62
26 27 47 44 41
27 27 148 143 136
28 27 151 147 141
29 27 149 146 141
30 27 150 148 143
31 27 140 138 135
32 27 80 80 77
33 27 26 25 24
34 27 32 31 30
35 27 74 73 69
36 27 134 133 129
37 27 153 153 150
38 27 135 135 133
39 27 63 63 62
28 28 146 140 135
29 28 147 142 136
30 28 145 141 135
31 28 140 138 133
32 28 121 119 114
33 28 102 100 95
34 28 113 110 105
35 28 130 128 123
36 28 147 146 141
37 28 131 131 128
38 28 60 60 58
30 29 137 131 124
31 29 143 137 130
32 29 140 136 129
33 29 137 134 128
34 29 143 140 134
35 29 144 142 136
36 29 129 127 122
37 29 59 58 56
31 30 42 39 35
32 30 132 126 118
33 30 135 129 121
34 30 137 132 126
35 30 121 118 113
36 30 56 55 51
33 31 128 120 112
34 31 119 111 105
35 31 50 46 43
