30 0 151 138 131
29 1 158 147 138
30 1 164 156 149
31 1 173 166 161
28 2 138 129 120
29 2 163 155 146
30 2 173 167 160
31 2 176 172 166
32 2 178 174 169
33 2 178 174 170
28 3 160 153 146
29 3 176 171 164
30 3 179 175 169
31 3 179 176 170
32 3 177 174 168
33 3 178 174 170
34 3 180 177 173
35 3 182 180 178
27 4 118 112 104
28 4 175 170 163
29 4 184 181 176
30 4 185 182 177
31 4 183 180 175
32 4 181 178 173
33 4 178 176 171
34 4 179 177 173
35 4 182 180 177
36 4 183 181 179
27 5 161 156 148
28 5 184 180 174
29 5 189 187 182
30 5 188 186 182
31 5 187 185 181
32 5 184 183 178
33 5 182 181 176
34 5 181 180 175
35 5 181 180 176
36 5 181 181 178
37 5 181 181 178
38 5 180 181 179
26 6 138 131 125
27 6 175 170 163
28 6 190 188 183
29 6 191 190 186
30 6 190 189 185
31 6 190 189 185
32 6 188 188 184
33 6 187 187 183
34 6 184 184 181
35 6 183 183 179
36 6 181 181 177
37 6 181 181 177
38 6 180 180 178
39 6 181 182 180
40 6 179 181 179
25 7 51 50 49
26 7 147 139 131
27 7 187 183 178
28 7 187 186 182
29 7 174 173 170
30 7 171 170 166
31 7 183 182 179
32 7 189 189 186
33 7 189 189 186
34 7 183 183 180
35 7 178 178 175
36 7 181 181 178
37 7 183 183 180
38 7 181 181 178
39 7 178 179 176
40 7 176 177 175
41 7 177 179 177
25 8 115 106 94
26 8 173 163 153
27 8 194 188 183
28 8 188 186 183
29 8 144 144 141
30 8 75 74 72
31 8 120 119 116
32 8 172 172 169
33 8 189 189 186
34 8 174 175 172
35 8 126 127 124
36 8 143 144 141
37 8 173 174 171
38 8 181 182 179
39 8 171 172 169
40 8 155 156 153
41 8 164 165 163
42 8 172 174 173
43 8 176 178 177
24 9 53 52 51
25 9 106 100 90
26 9 163 156 147
27 9 193 188 182
28 9 197 193 188
29 9 176 173 169
30 9 110 109 107
31 9 43 43 42
32 9 121 121 118
33 9 181 181 178
34 9 183 184 181
35 9 136 137 134
36 9 66 66 65
37 9 114 115 112
38 9 169 170 168
39 9 171 172 170
40 9 117 118 116
41 9 99 100 98
42 9 150 152 150
43 9 173 175 173
44 9 173 175 174
24 10 63 59 55
25 10 111 106 100
26 10 111 108 103
27 10 141 140 136
28 10 180 179 175
29 10 194 191 187
30 10 182 179 175
31 10 154 153 150
32 10 142 142 139
33 10 181 182 179
34 10 194 194 191
35 10 185 185 183
36 10 153 154 152
37 10 115 116 114
38 10 162 163 161
39 10 185 186 184
40 10 166 168 166
41 10 113 115 113
42 10 104 106 104
43 10 163 165 163
44 10 175 177 175
45 10 171 172 171
23 11 52 50 49
24 11 97 93 87
25 11 106 104 100
26 11 90 90 88
27 11 83 83 81
28 11 99 100 97
29 11 149 149 147
30 11 186 185 182
31 11 196 194 191
32 11 193 191 187
33 11 196 196 193
34 11 198 197 195
35 11 196 196 193
36 11 192 192 189
37 11 184 185 182
38 11 186 187 184
39 11 191 192 189
40 11 189 190 187
41 11 177 179 177
42 11 163 165 163
43 11 170 172 170
44 11 177 178 176
45 11 177 178 176
22 12 57 54 53
23 12 85 81 76
24 12 111 108 102
25 12 93 93 90
26 12 46 47 45
27 12 34 34 33
28 12 33 33 32
29 12 81 82 80
30 12 118 119 116
31 12 169 169 166
32 12 193 192 188
33 12 200 198 194
34 12 200 199 195
35 12 199 199 196
36 12 198 198 195
37 12 197 197 194
38 12 195 195 192
39 12 195 195 193
40 12 193 194 191
41 12 192 193 190
42 12 189 190 188
43 12 187 188 185
44 12 186 187 185
45 12 179 180 178
22 13 54 52 50
23 13 104 101 96
24 13 103 102 99
25 13 61 61 60
26 13 10 10 10
27 13 2 2 2
28 13 2 2 2
29 13 35 36 35
30 13 89 90 87
31 13 112 113 110
32 13 139 139 136
33 13 179 178 175
34 13 196 195 191
35 13 200 198 194
36 13 200 199 195
37 13 199 198 195
38 13 197 197 195
39 13 197 197 194
40 13 195 196 193
41 13 194 194 192
42 13 193 194 191
43 13 191 192 190
44 13 189 190 188
21 14 51 50 50
22 14 94 90 84
23 14 112 109 104
24 14 103 103 100
25 14 74 74 73
26 14 27 28 28
27 14 5 5 5
28 14 1 1 1
29 14 36 36 35
30 14 94 94 92
31 14 103 103 101
32 14 109 110 107
33 14 109 110 107
34 14 145 146 143
35 14 187 186 183
36 14 198 196 192
37 14 200 198 194
38 14 199 199 196
39 14 198 198 195
40 14 198 198 195
41 14 196 197 194
42 14 196 196 193
43 14 194 195 193
44 14 193 193 191
21 15 54 52 50
22 15 105 101 95
23 15 102 101 97
24 15 96 96 93
25 15 93 93 91
26 15 69 69 68
27 15 45 45 44
28 15 32 33 31
29 15 65 66 64
30 15 91 91 89
31 15 103 104 101
32 15 105 105 102
33 15 104 105 102
34 15 108 109 106
35 15 116 116 114
36 15 166 166 163
37 15 189 188 184
38 15 200 198 194
39 15 199 198 195
40 15 199 199 197
41 15 198 198 196
42 15 198 198 196
43 15 197 197 195
44 15 195 195 193
20 16 54 51 48
21 16 99 94 89
22 16 107 104 99
23 16 99 98 95
24 16 99 99 96
25 16 99 99 96
26 16 90 90 88
27 16 89 90 87
28 16 84 84 82
29 16 91 91 89
30 16 98 98 95
31 16 99 100 97
32 16 100 100 97
33 16 109 110 107
34 16 99 99 96
35 16 105 105 103
36 16 108 109 106
37 16 127 128 125
38 16 170 169 165
39 16 195 193 190
40 16 200 198 194
41 16 199 199 196
42 16 199 199 196
43 16 198 198 196
44 16 197 197 195
20 17 90 84 78
21 17 104 100 94
22 17 100 98 94
23 17 96 95 92
24 17 95 94 91
25 17 95 95 92
26 17 99 99 96
27 17 99 99 96
28 17 94 94 91
29 17 100 101 97
30 17 97 98 95
31 17 98 98 95
32 17 100 100 97
33 17 101 102 99
34 17 101 102 99
35 17 102 102 99
36 17 101 101 98
37 17 106 107 104
38 17 106 106 104
39 17 143 144 141
40 17 182 181 178
41 17 196 194 190
42 17 198 197 192
43 17 199 198 195
44 17 196 196 193
19 18 54 51 48
20 18 94 89 84
21 18 100 98 93
22 18 95 94 90
23 18 93 92 89
24 18 92 92 89
25 18 96 96 93
26 18 95 94 91
27 18 94 93 90
28 18 98 98 95
29 18 99 99 96
30 18 93 94 90
31 18 100 101 97
32 18 97 97 95
33 18 98 99 96
34 18 99 100 97
35 18 99 99 96
36 18 101 101 98
37 18 99 99 96
38 18 105 105 102
39 18 105 106 103
40 18 113 114 111
41 18 159 159 157
42 18 187 186 183
43 18 195 194 189
44 18 192 189 183
19 19 93 87 80
20 19 103 99 94
21 19 94 93 89
22 19 91 90 87
23 19 90 90 86
24 19 94 93 90
25 19 93 92 89
26 19 92 92 89
27 19 95 95 92
28 19 94 94 91
29 19 93 94 91
30 19 98 99 95
31 19 97 98 95
32 19 93 93 90
33 19 92 93 90
34 19 100 100 97
35 19 96 96 93
36 19 97 97 94
37 19 97 98 94
38 19 100 100 97
39 19 106 107 103
40 19 105 105 102
41 19 107 108 105
42 19 131 133 132
43 19 161 163 162
44 19 196 198 198
18 20 54 50 45
19 20 95 89 84
20 20 94 90 86
21 20 90 89 85
22 20 90 89 86
23 20 92 91 88
24 20 93 93 90
25 20 89 88 85
26 20 91 91 87
27 20 93 93 90
28 20 92 92 89
29 20 95 95 92
30 20 95 96 92
31 20 92 93 90
32 20 92 92 89
33 20 96 96 93
34 20 93 93 90
35 20 93 94 90
36 20 98 99 95
37 20 96 96 93
38 20 98 98 95
39 20 103 103 100
40 20 105 105 102
41 20 119 120 118
42 20 138 141 140
43 20 65 67 67
17 21 53 44 37
18 21 96 87 78
19 21 94 89 83
20 21 89 87 83
21 21 89 87 84
22 21 90 89 85
23 21 91 90 86
24 21 90 90 86
25 21 91 90 87
26 21 93 92 89
27 21 90 89 87
28 21 91 90 87
29 21 92 92 89
30 21 91 92 89
31 21 91 91 88
32 21 95 95 92
33 21 91 91 88
34 21 93 92 90
35 21 93 93 90
36 21 93 93 90
37 21 97 97 94
38 21 95 95 92
39 21 101 101 98
40 21 113 114 112
41 21 141 144 142
42 21 68 70 69
17 22 89 71 61
18 22 91 79 71
19 22 87 82 76
20 22 86 83 80
21 22 89 87 84
22 22 88 87 83
23 22 90 89 85
24 22 91 90 87
25 22 89 89 85
26 22 89 89 86
27 22 90 89 86
28 22 92 92 89
29 22 91 90 88
30 22 88 88 85
31 22 91 91 88
32 22 92 92 89
33 22 90 90 87
34 22 94 93 90
35 22 90 90 87
36 22 93 93 90
37 22 95 95 92
38 22 98 98 95
39 22 101 102 99
40 22 139 142 140
41 22 99 102 101
18 23 88 76 67
19 23 86 80 74
20 23 86 83 78
21 23 86 83 80
22 23 86 84 80
23 23 89 87 84
24 23 88 88 84
25 23 88 87 84
26 23 89 89 85
27 23 89 88 85
28 23 90 89 86
29 23 87 87 84
30 23 91 91 88
31 23 89 89 86
32 23 87 87 84
33 23 90 90 87
34 23 92 91 89
35 23 90 90 87
36 23 92 92 89
37 23 94 93 90
38 23 97 97 94
39 23 133 134 133
40 23 99 101 100
41 23 63 65 64
20 24 79 75 70
21 24 87 83 78
22 24 85 82 78
23 24 86 84 81
24 24 88 86 83
25 24 87 86 82
26 24 86 86 82
27 24 86 86 82
28 24 87 87 84
29 24 87 87 84
30 24 82 82 79
31 24 76 77 74
32 24 78 78 76
33 24 84 84 81
34 24 87 87 84
35 24 92 91 88
36 24 92 91 88
37 24 94 94 90
38 24 120 121 118
39 24 116 117 116
40 24 64 66 65
21 25 47 44 41
22 25 79 76 71
23 25 86 82 78
24 25 83 81 77
25 25 84 83 79
26 25 86 85 82
27 25 86 85 81
28 25 85 84 81
29 25 78 78 75
30 25 48 49 47
31 25 36 36 35
32 25 34 35 33
33 25 53 53 51
34 25 82 82 79
35 25 89 88 85
36 25 91 90 87
37 25 111 111 108
38 25 131 133 130
39 25 65 66 64
23 26 129 123 117
24 26 85 81 76
25 26 84 81 77
26 26 84 82 78
27 26 82 81 77
28 26 82 81 78
29 26 70 69 67
30 26 28 28 27
31 26 5 5 5
32 26 4 4 4
33 26 23 23 22
34 26 69 69 66
35 26 85 85 81
36 26 105 105 102
37 26 135 136 134
38 26 63 64 62
25 27 82 78 73
26 27 80 77 73
27 27 81 78 74
28 27 82 80 76
29 27 74 73 70
30 27 38 38 36
31 27 9 8 8
32 27 5 5 5
33 27 20 19 18
34 27 61 61 58
35 27 88 88 85
36 27 132 132 130
37 27 93 94 92
27 28 84 80 75
28 28 80 76 71
29 28 77 75 71
30 28 65 64 60
31 28 46 45 43
32 28 47 45 43
33 28 53 52 49
34 28 74 72 68
35 28 118 118 114
36 28 97 97 95
37 28 63 63 61
29 29 74 70 65
30 29 79 76 71
31 29 74 71 66
32 29 73 70 66
33 29 76 74 70
34 29 105 103 98
35 29 104 103 99
36 29 61 60 58
30 30 114 108 101
31 30 69 65 60
32 30 76 71 66
33 30 88 84 79
34 30 111 108 103
35 30 58 57 53
32 31 92 85 78
33 31 117 110 104
34 31 47 44 41
