33 0 145 131 124
32 1 158 150 142
33 1 166 158 152
34 1 174 168 164
30 2 163 157 148
31 2 167 161 154
32 2 171 166 159
33 2 179 175 170
34 2 183 180 176
35 2 179 176 173
29 3 163 158 150
30 3 168 163 156
31 3 174 170 163
32 3 178 175 169
33 3 184 182 178
34 3 190 189 186
35 3 180 178 174
27 4 160 155 148
28 4 167 162 156
29 4 173 169 163
30 4 176 174 168
31 4 179 177 172
32 4 184 182 178
33 4 189 188 185
34 4 195 195 193
35 4 184 183 180
36 4 178 176 172
25 5 159 154 146
26 5 165 161 155
27 5 170 167 161
28 5 176 173 168
29 5 179 177 172
30 5 182 180 176
31 5 185 184 179
32 5 187 187 183
33 5 192 192 189
34 5 198 198 196
35 5 193 193 191
36 5 180 178 175
37 5 174 172 169
24 6 161 157 151
25 6 168 164 159
26 6 172 170 165
27 6 177 175 171
28 6 180 179 175
29 6 183 182 179
30 6 186 186 182
31 6 189 189 185
32 6 191 191 188
33 6 194 194 191
34 6 199 199 197
35 6 201 202 200
36 6 183 182 179
37 6 170 168 165
22 7 154 150 143
23 7 158 155 149
24 7 166 164 159
25 7 172 171 166
26 7 177 176 172
27 7 176 176 172
28 7 175 175 172
29 7 184 184 181
30 7 189 189 187
31 7 187 188 185
32 7 180 180 177
33 7 176 176 173
34 7 195 196 194
35 7 205 206 205
36 7 193 194 192
37 7 174 173 170
38 7 167 164 161
21 8 151 146 140
22 8 147 143 137
23 8 142 140 135
24 8 159 159 155
25 8 172 172 168
26 8 163 164 160
27 8 136 136 133
28 8 137 137 135
29 8 180 181 178
30 8 184 185 183
31 8 154 156 153
32 8 103 104 102
33 8 130 131 129
34 8 193 194 192
35 8 205 207 205
36 8 199 200 199
37 8 180 180 177
38 8 167 165 161
19 9 147 134 125
20 9 154 147 141
21 9 138 134 130
22 9 101 99 95
23 9 116 116 113
24 9 162 163 159
25 9 159 159 156
26 9 104 104 101
27 9 92 93 90
28 9 155 156 154
29 9 180 182 179
30 9 154 155 153
31 9 81 82 81
32 9 109 111 110
33 9 176 178 176
34 9 200 201 200
35 9 200 201 200
36 9 195 198 197
37 9 195 196 195
38 9 167 165 162
39 9 162 159 156
19 10 161 151 142
20 10 152 147 141
21 10 108 107 104
22 10 109 109 106
23 10 157 157 154
24 10 173 174 171
25 10 147 148 146
26 10 125 126 124
27 10 166 167 164
28 10 188 189 187
29 10 183 184 183
30 10 156 158 157
31 10 155 156 155
32 10 183 185 183
33 10 197 198 196
34 10 192 193 191
35 10 181 182 180
36 10 180 182 181
37 10 195 198 197
38 10 181 182 179
39 10 158 157 154
40 10 157 154 151
19 11 170 163 156
20 11 160 157 152
21 11 153 153 150
22 11 169 169 166
23 11 180 180 177
24 11 181 181 179
25 11 177 178 176
26 11 183 184 181
27 11 191 192 189
28 11 194 195 193
29 11 194 195 193
30 11 193 195 193
31 11 196 197 195
32 11 194 195 193
33 11 178 180 177
34 11 152 153 150
35 11 142 143 140
36 11 165 165 163
37 11 185 187 186
38 11 195 196 195
39 11 163 162 159
40 11 149 145 142
19 12 176 170 164
20 12 178 176 172
21 12 180 179 176
22 12 183 183 180
23 12 186 186 183
24 12 188 188 185
25 12 190 191 188
26 12 193 193 191
27 12 195 195 193
28 12 197 198 195
29 12 199 200 198
30 12 196 197 195
31 12 184 185 183
32 12 155 157 155
33 12 100 102 99
34 12 54 54 53
35 12 59 59 57
36 12 120 120 117
37 12 165 165 163
38 12 188 189 188
39 12 189 190 188
40 12 152 149 145
41 12 146 142 138
19 13 180 175 168
20 13 182 180 176
21 13 184 184 180
22 13 187 187 184
23 13 188 188 185
24 13 191 191 188
25 13 192 192 190
26 13 195 195 193
27 13 197 198 196
28 13 195 196 194
29 13 190 191 189
30 13 171 172 170
31 13 157 159 156
32 13 97 99 98
33 13 20 21 20
35 13 4 4 4
36 13 49 49 47
37 13 145 145 142
38 13 174 175 172
39 13 192 194 192
40 13 172 171 168
41 13 148 145 141
42 13 150 146 144
19 14 182 177 171
20 14 185 184 179
21 14 187 187 184
22 14 189 189 186
23 14 191 191 188
24 14 193 193 191
25 14 196 196 194
26 14 195 195 193
27 14 191 191 189
28 14 174 175 173
29 14 148 149 146
30 14 143 144 142
31 14 150 152 150
32 14 103 106 105
33 14 19 20 20
35 14 6 6 5
36 14 62 62 60
37 14 137 137 133
38 14 160 160 156
39 14 178 179 177
40 14 190 191 188
41 14 163 161 157
42 14 149 145 140
19 15 184 179 173
20 15 187 185 181
21 15 189 189 186
22 15 190 191 188
23 15 193 193 190
24 15 194 194 192
25 15 191 192 189
26 15 179 180 177
27 15 149 151 148
28 15 96 98 95
29 15 56 57 55
30 15 67 68 66
31 15 110 113 112
32 15 131 135 135
33 15 77 80 79
34 15 38 39 38
35 15 71 72 70
36 15 118 118 115
37 15 150 150 146
38 15 160 159 155
39 15 162 162 158
40 15 184 184 182
41 15 183 183 180
42 15 157 153 149
43 15 150 146 141
19 16 186 181 174
20 16 188 187 182
21 16 191 191 188
22 16 192 193 190
23 16 191 191 189
24 16 183 184 182
25 16 169 170 167
26 16 150 152 149
27 16 85 87 85
28 16 15 16 15
29 16 1 1 1
30 16 5 5 5
31 16 52 54 53
32 16 135 138 137
33 16 139 141 139
34 16 130 131 128
35 16 136 137 134
36 16 146 146 143
37 16 154 154 150
38 16 156 156 151
39 16 157 156 151
40 16 165 164 160
41 16 183 183 180
42 16 170 168 164
43 16 154 151 146
19 17 186 181 173
20 17 189 187 182
21 17 189 188 185
22 17 184 185 182
23 17 166 167 165
24 17 139 141 138
25 17 137 139 136
26 17 141 143 141
27 17 89 92 91
28 17 16 17 16
30 17 7 7 7
31 17 70 71 69
32 17 137 138 135
33 17 153 153 150
34 17 153 153 150
35 17 152 152 149
36 17 153 152 149
37 17 154 153 149
38 17 153 152 147
39 17 153 151 146
40 17 155 154 148
41 17 169 168 163
42 17 181 179 175
43 17 161 158 154
19 18 180 174 165
20 18 181 178 173
21 18 173 173 169
22 18 141 142 139
23 18 88 89 86
24 18 49 50 48
25 18 59 60 58
26 18 89 92 90
27 18 112 116 115
28 18 73 76 75
29 18 41 42 41
30 18 74 75 73
31 18 120 121 118
32 18 148 148 144
33 18 153 153 150
34 18 153 153 149
35 18 152 152 148
36 18 152 152 148
37 18 151 150 145
38 18 150 148 143
39 18 149 147 142
40 18 149 147 141
41 18 150 148 142
42 18 172 170 166
43 18 175 172 168
44 18 163 160 155
19 19 163 155 143
20 19 163 159 151
21 19 148 147 143
22 19 83 83 81
23 19 15 15 14
25 19 2 2 2
26 19 42 43 42
27 19 123 125 123
28 19 137 138 136
29 19 132 133 130
30 19 136 137 134
31 19 145 145 142
32 19 151 151 147
33 19 151 151 148
34 19 150 150 147
35 19 150 150 146
36 19 148 148 143
37 19 147 146 141
38 19 142 141 136
39 19 128 127 122
40 19 119 117 111
41 19 128 126 119
42 19 152 151 145
43 19 173 171 166
44 19 174 171 166
20 20 160 154 144
21 20 146 144 138
22 20 96 96 94
23 20 25 26 25
24 20 1 1 1
25 20 11 11 10
26 20 69 70 68
27 20 133 134 131
28 20 150 150 147
29 20 150 150 147
30 20 150 150 147
31 20 151 150 147
32 20 150 149 146
33 20 150 150 146
34 20 148 148 144
35 20 147 147 143
36 20 146 146 142
37 20 140 140 135
38 20 112 111 106
39 20 69 69 65
40 20 40 39 36
41 20 62 61 57
42 20 130 128 122
43 20 159 157 152
44 20 174 171 167
45 20 167 163 158
21 21 156 150 141
22 21 124 122 117
23 21 91 91 89
24 21 59 59 57
25 21 81 82 80
26 21 118 118 116
27 21 144 144 141
28 21 151 150 147
29 21 150 149 146
30 21 149 149 146
31 21 149 149 146
32 21 147 147 143
33 21 147 147 142
34 21 143 143 139
35 21 143 142 138
36 21 140 140 136
37 21 124 124 120
38 21 54 54 52
39 21 9 9 8
40 21 1 1 1
41 21 14 13 12
42 21 96 94 89
43 21 141 139 133
44 21 160 157 152
45 21 170 166 160
21 22 58 53 47
22 22 153 148 140
23 22 141 140 136
24 22 135 134 131
25 22 137 137 134
26 22 143 143 140
27 22 149 148 145
28 22 148 148 145
29 22 148 148 145
30 22 148 147 144
31 22 146 146 142
32 22 144 144 140
33 22 135 135 131
34 22 122 122 118
35 22 108 108 105
36 22 107 107 104
37 22 121 121 117
38 22 63 63 60
39 22 11 11 11
40 22 7 7 6
41 22 40 39 36
42 22 104 101 95
43 22 132 128 122
44 22 137 132 125
45 22 147 140 132
46 22 152 141 132
22 23 60 56 50
23 23 154 149 143
24 23 146 144 140
25 23 147 146 143
26 23 148 148 145
27 23 147 147 144
28 23 147 147 143
29 23 146 146 142
30 23 146 146 142
31 23 144 144 140
32 23 139 139 135
33 23 103 103 100
34 23 57 57 55
35 23 29 29 27
36 23 30 30 29
37 23 100 100 97
38 23 109 109 106
39 23 73 72 69
40 23 76 74 70
41 23 104 102 96
42 23 125 121 115
43 23 126 121 114
44 23 101 95 88
45 23 110 100 93
23 24 141 134 125
24 24 152 147 141
25 24 146 144 140
26 24 146 146 142
27 24 146 145 142
28 24 144 144 141
29 24 142 142 139
30 24 140 140 137
31 24 138 138 134
32 24 129 129 126
33 24 59 60 58
34 24 6 6 6
35 24 1 1 1
36 24 11 11 10
37 24 82 81 77
38 24 127 125 121
39 24 123 121 116
40 24 125 122 116
41 24 123 118 113
42 24 109 104 98
43 24 88 83 77
44 24 45 41 38
24 25 149 141 133
25 25 149 145 139
26 25 146 144 140
27 25 144 143 140
28 25 132 132 129
29 25 115 116 113
30 25 100 100 97
31 25 104 103 99
32 25 116 117 114
33 25 95 95 93
34 25 32 32 31
35 25 18 18 17
36 25 49 48 45
37 25 107 105 100
38 25 129 126 121
39 25 127 124 118
40 25 118 114 108
41 25 98 93 88
42 25 47 44 41
25 26 148 141 133
26 26 143 140 135
27 26 138 137 134
28 26 101 100 98
29 26 44 44 43
30 26 18 18 17
31 26 30 29 27
32 26 76 75 73
33 26 122 122 119
34 26 101 100 97
35 26 96 94 91
36 26 113 112 107
37 26 124 121 116
38 26 121 117 111
39 26 105 101 95
40 26 51 49 45
26 27 151 145 137
27 27 132 129 124
28 27 69 68 66
29 27 9 8 8
30 27 1 1 1
31 27 7 6 6
32 27 80 79 76
33 27 127 126 123
34 27 131 130 126
35 27 128 125 120
36 27 124 121 115
37 27 105 101 96
38 27 97 92 87
26 28 58 53 47
27 28 137 129 121
28 28 80 75 70
29 28 49 47 45
30 28 29 28 27
31 28 63 62 59
32 28 110 109 105
33 28 130 127 123
34 28 129 126 120
35 28 106 103 97
36 28 87 84 79
27 29 52 46 41
28 29 130 121 113
29 29 116 112 107
30 29 110 107 102
31 29 119 117 112
32 29 123 120 115
33 29 109 105 100
34 29 91 87 82
35 29 50 48 44
28 30 131 119 109
29 30 136 126 117
30 30 124 117 109
31 30 115 110 104
32 30 99 95 89
33 30 52 49 46
29 31 131 116 104
30 31 106 95 86
31 31 54 48 44
