30 0 136 117 108
29 1 158 148 137
30 1 159 149 141
31 1 169 161 156
32 1 175 169 164
28 2 167 159 149
29 2 168 161 152
30 2 173 167 160
31 2 176 171 166
32 2 178 173 168
33 2 178 174 169
34 2 180 176 172
27 3 173 166 157
28 3 174 168 160
29 3 177 173 166
30 3 179 175 169
31 3 179 175 169
32 3 177 174 168
33 3 178 175 169
34 3 180 177 173
35 3 182 180 177
26 4 177 171 163
27 4 178 173 166
28 4 182 179 173
29 4 184 182 176
30 4 183 181 176
31 4 181 179 174
32 4 180 178 172
33 4 179 177 171
34 4 179 178 173
35 4 182 181 178
36 4 184 183 181
37 4 185 184 182
25 5 180 174 166
26 5 183 178 171
27 5 185 182 176
28 5 187 185 181
29 5 188 186 181
30 5 186 185 180
31 5 185 184 179
32 5 183 182 177
33 5 183 181 177
34 5 182 181 176
35 5 182 181 177
36 5 183 183 179
37 5 184 184 181
38 5 184 184 182
39 5 183 184 182
24 6 182 175 168
25 6 185 180 174
26 6 187 184 179
27 6 189 187 183
28 6 189 188 184
29 6 189 188 184
30 6 189 188 184
31 6 188 188 184
32 6 187 187 183
33 6 187 186 183
34 6 185 185 181
35 6 184 184 181
36 6 183 183 179
37 6 184 183 180
38 6 184 184 181
39 6 186 186 184
40 6 185 186 185
41 6 183 185 184
23 7 180 170 161
24 7 185 179 173
25 7 188 185 180
26 7 183 181 178
27 7 173 172 168
28 7 169 169 164
29 7 179 179 175
30 7 189 188 185
31 7 190 190 187
32 7 188 188 185
33 7 183 183 180
34 7 177 177 174
35 7 181 181 178
36 7 186 186 183
37 7 186 186 183
38 7 185 185 182
39 7 184 184 181
40 7 182 182 180
41 7 184 185 183
42 7 184 186 184
22 8 181 168 154
23 8 183 171 160
24 8 190 183 176
25 8 190 188 184
26 8 171 170 168
27 8 108 108 106
28 8 74 74 71
29 8 114 113 110
30 8 167 167 164
31 8 188 188 185
32 8 187 187 184
33 8 162 163 160
34 8 110 111 108
35 8 125 126 123
36 8 165 165 163
37 8 184 185 182
38 8 186 187 184
39 8 174 174 172
40 8 146 147 143
41 8 158 159 157
42 8 176 178 176
43 8 184 186 184
44 8 183 186 184
22 9 127 119 106
23 9 167 159 149
24 9 191 185 178
25 9 195 191 186
26 9 181 179 176
27 9 128 128 125
28 9 49 49 48
29 9 31 32 31
30 9 119 119 116
31 9 182 182 179
32 9 191 191 188
33 9 168 169 166
34 9 93 94 92
35 9 28 29 28
36 9 86 87 85
37 9 165 165 163
38 9 187 188 185
39 9 168 169 167
40 9 89 91 90
41 9 52 52 51
42 9 122 123 121
43 9 173 174 172
44 9 185 187 186
45 9 183 185 184
46 9 171 172 171
22 10 67 62 56
23 10 72 69 64
24 10 130 129 125
25 10 182 180 177
26 10 193 190 186
27 10 181 177 172
28 10 156 155 151
29 10 136 136 133
30 10 149 150 147
31 10 187 188 185
32 10 194 194 192
33 10 190 190 188
34 10 170 171 168
35 10 135 137 135
36 10 114 115 113
37 10 167 168 166
38 10 191 192 190
39 10 186 187 186
40 10 158 160 159
41 10 105 107 106
42 10 82 84 82
43 10 158 160 158
44 10 186 188 186
45 10 186 188 186
46 10 177 179 178
21 11 61 57 52
22 11 60 57 53
23 11 60 59 56
24 11 53 54 52
25 11 73 74 71
26 11 155 155 151
27 11 185 183 179
28 11 193 191 187
29 11 191 189 185
30 11 191 191 188
31 11 197 197 194
32 11 197 197 194
33 11 197 197 194
34 11 194 194 192
35 11 188 189 186
36 11 184 185 182
37 11 190 191 189
38 11 195 195 193
39 11 193 194 192
40 11 190 191 189
41 11 180 181 179
42 11 172 174 172
43 11 181 183 181
44 11 188 189 188
45 11 189 190 188
21 12 60 57 52
22 12 58 56 53
23 12 43 43 42
24 12 20 20 20
25 12 18 18 18
26 12 35 35 34
27 12 94 95 92
28 12 163 163 159
29 12 194 192 188
30 12 199 196 192
31 12 199 198 194
32 12 199 199 196
33 12 198 198 195
34 12 198 198 195
35 12 197 197 194
36 12 196 197 194
37 12 197 197 195
38 12 196 196 194
39 12 196 197 194
40 12 195 195 193
41 12 195 196 193
42 12 194 195 193
43 12 193 194 192
44 12 193 194 192
45 12 189 190 189
20 13 59 55 49
21 13 60 57 53
22 13 59 58 56
23 13 31 31 30
24 13 3 3 3
26 13 10 10 10
27 13 40 41 40
28 13 62 63 61
29 13 127 127 124
30 13 178 177 174
31 13 196 194 190
32 13 200 197 193
33 13 199 198 194
34 13 199 198 195
35 13 198 198 195
36 13 198 198 195
37 13 198 198 195
38 13 197 198 195
39 13 198 198 195
40 13 197 197 195
41 13 196 197 194
42 13 197 197 195
43 13 196 197 195
44 13 195 195 193
20 14 60 56 51
21 14 61 59 55
22 14 59 59 57
23 14 42 42 41
24 14 15 15 15
25 14 2 2 2
26 14 6 6 5
27 14 37 38 37
28 14 60 60 58
29 14 63 63 61
30 14 68 68 66
31 14 139 140 137
32 14 186 185 182
33 14 199 197 193
34 14 200 198 193
35 14 200 199 196
36 14 199 199 196
37 14 199 199 197
38 14 199 199 197
39 14 198 199 196
40 14 199 199 197
41 14 198 199 196
42 14 198 199 197
43 14 197 198 196
44 14 195 196 193
20 15 60 57 52
21 15 61 59 56
22 15 61 60 58
23 15 56 56 55
24 15 40 41 40
25 15 24 25 24
26 15 24 25 24
27 15 46 47 45
28 15 58 59 57
29 15 62 62 60
30 15 62 62 60
31 15 65 66 64
32 15 91 91 89
33 15 161 161 158
34 15 190 188 184
35 15 200 198 194
36 15 201 199 195
37 15 200 199 197
38 15 200 200 197
39 15 199 200 197
40 15 200 201 198
41 15 200 200 198
42 15 200 201 198
43 15 198 199 197
19 16 60 55 51
20 16 60 57 52
21 16 61 60 57
22 16 61 61 59
23 16 61 61 59
24 16 58 58 56
25 16 54 54 52
26 16 53 53 51
27 16 58 58 56
28 16 60 61 59
29 16 61 61 59
30 16 61 62 60
31 16 62 62 60
32 16 64 64 62
33 16 71 71 69
34 16 117 117 115
35 16 170 168 165
36 16 196 194 190
37 16 200 198 194
38 16 201 200 196
39 16 201 201 198
40 16 201 201 198
41 16 201 202 199
42 16 200 200 198
43 16 198 198 196
19 17 59 55 50
20 17 60 57 54
21 17 60 60 57
22 17 61 61 58
23 17 61 61 58
24 17 61 60 58
25 17 60 60 58
26 17 60 60 58
27 17 60 61 58
28 17 60 61 58
29 17 60 61 58
30 17 61 61 59
31 17 61 61 59
32 17 61 62 59
33 17 62 62 60
34 17 65 65 63
35 17 77 77 75
36 17 131 131 129
37 17 180 179 176
38 17 197 195 190
39 17 200 198 193
40 17 201 200 197
41 17 201 201 198
42 17 199 199 197
18 18 58 53 47
19 18 59 55 50
20 18 61 59 56
21 18 61 60 57
22 18 61 60 58
23 18 60 60 57
24 18 60 60 58
25 18 60 60 58
26 18 60 60 58
27 18 60 60 58
28 18 59 60 57
29 18 61 61 59
30 18 60 61 58
31 18 61 61 59
32 18 60 61 58
33 18 61 62 59
34 18 62 62 60
35 18 62 63 60
36 18 66 67 64
37 18 80 80 78
38 18 150 151 148
39 18 186 185 181
40 18 197 195 191
41 18 196 194 189
42 18 199 198 195
18 19 57 52 47
19 19 58 55 51
20 19 60 59 56
21 19 61 60 57
22 19 60 60 57
23 19 60 60 57
24 19 60 59 57
25 19 59 59 57
26 19 60 60 58
27 19 59 60 57
28 19 59 60 57
29 19 60 61 58
30 19 60 60 58
31 19 60 60 58
32 19 60 61 58
33 19 61 61 59
34 19 60 61 58
35 19 61 61 59
36 19 62 62 60
37 19 63 63 61
38 19 67 68 65
39 19 105 107 105
40 19 167 169 168
41 19 195 196 195
18 20 57 52 46
19 20 58 56 52
20 20 61 59 57
21 20 60 59 57
22 20 60 59 57
23 20 59 59 57
24 20 60 59 57
25 20 59 58 56
26 20 59 59 57
27 20 59 59 57
28 20 59 60 57
29 20 59 60 57
30 20 60 60 58
31 20 60 60 58
32 20 59 59 57
33 20 60 60 58
34 20 60 60 58
35 20 60 61 58
36 20 61 61 59
37 20 62 62 60
38 20 67 67 65
39 20 148 151 150
40 20 109 113 112
17 21 54 46 40
18 21 56 50 45
19 21 59 56 53
20 21 59 58 55
21 21 60 59 56
22 21 59 58 56
23 21 59 59 56
24 21 59 58 56
25 21 59 59 56
26 21 59 59 56
27 21 59 58 56
28 21 59 59 57
29 21 59 59 57
30 21 59 59 57
31 21 59 59 57
32 21 59 59 57
33 21 60 59 57
34 21 59 59 57
35 21 60 60 58
36 21 61 61 58
37 21 62 63 60
38 21 118 120 118
39 21 137 140 139
40 21 65 67 66
17 22 44 35 30
18 22 51 45 40
19 22 56 52 48
20 22 58 57 54
21 22 59 58 55
22 22 59 58 55
23 22 59 59 56
24 22 59 58 56
25 22 58 58 55
26 22 58 58 56
27 22 59 59 56
28 22 59 58 56
29 22 59 59 57
30 22 58 58 56
31 22 58 58 56
32 22 59 59 57
33 22 59 58 56
34 22 59 59 57
35 22 61 60 58
36 22 61 61 59
37 22 80 81 79
38 22 154 156 155
39 22 65 67 66
18 23 44 39 35
19 23 51 47 43
20 23 54 51 48
21 23 57 55 52
22 23 58 57 54
23 23 59 58 55
24 23 58 57 55
25 23 58 57 55
26 23 58 58 55
27 23 57 57 55
28 23 58 58 56
29 23 58 58 56
30 23 58 58 56
31 23 58 57 55
32 23 58 58 56
33 23 58 58 55
34 23 59 59 57
35 23 61 60 58
36 23 64 64 62
37 23 141 142 141
38 23 108 110 109
39 23 64 66 65
20 24 46 44 41
21 24 51 48 45
22 24 55 53 50
23 24 57 56 53
24 24 58 57 54
25 24 58 57 54
26 24 57 57 54
27 24 57 57 54
28 24 57 57 54
29 24 51 51 50
30 24 48 49 47
31 24 50 50 48
32 24 55 55 53
33 24 57 57 55
34 24 59 58 56
35 24 61 61 58
36 24 108 109 107
37 24 144 145 144
38 24 65 66 65
22 25 49 46 43
23 25 51 49 46
24 25 55 53 50
25 25 57 56 53
26 25 58 57 54
27 25 57 56 54
28 25 52 52 50
29 25 31 31 30
30 25 19 19 19
31 25 21 21 20
32 25 38 38 36
33 25 54 54 51
34 25 59 58 56
35 25 75 75 72
36 25 150 151 149
37 25 117 119 117
23 26 44 42 39
24 26 50 47 44
25 26 52 50 47
26 26 55 53 50
27 26 55 55 52
28 26 49 49 47
29 26 25 25 24
30 26 3 3 3
31 26 1 1 1
32 26 18 18 17
33 26 45 45 43
34 26 59 58 56
35 26 125 125 123
36 26 121 122 120
37 26 65 66 64
25 27 45 43 40
26 27 49 47 44
27 27 52 51 48
28 27 53 52 49
29 27 37 36 34
30 27 11 11 10
31 27 3 3 3
32 27 12 12 11
33 27 37 37 35
34 27 85 85 82
35 27 142 143 141
36 27 64 65 63
27 28 46 43 40
28 28 48 46 43
29 28 45 43 40
30 28 35 34 32
31 28 29 28 26
32 28 34 32 30
33 28 52 51 48
34 28 134 134 130
35 28 110 111 109
36 28 62 63 61
28 29 42 39 36
29 29 45 42 39
30 29 48 46 42
31 29 48 46 43
32 29 52 50 47
33 29 103 101 96
34 29 130 129 125
35 29 61 61 59
30 30 41 38 35
31 30 44 42 38
32 30 60 57 53
33 30 129 126 120
34 30 86 85 81
32 31 69 65 60
33 31 101 96 91
34 31 53 50 47
