29 0 184 188 186
30 0 188 191 190
28 1 187 190 188
29 1 191 193 192
30 1 193 195 193
31 1 194 196 194
32 1 193 195 193
27 2 189 191 189
28 2 194 192 190
29 2 200 190 187
30 2 201 192 190
31 2 197 195 193
32 2 196 197 195
33 2 194 196 193
34 2 194 196 194
26 3 189 191 189
27 3 193 193 191
28 3 199 190 188
29 3 207 171 169
30 3 208 169 167
31 3 205 185 184
32 3 200 192 190
33 3 197 195 193
34 3 197 197 196
35 3 198 199 197
25 4 189 190 188
26 4 193 191 189
27 4 198 185 183
28 4 201 183 181
29 4 204 181 180
30 4 209 155 154
31 4 210 150 150
32 4 209 170 169
33 4 206 180 179
34 4 202 191 189
35 4 201 198 196
36 4 199 199 197
37 4 198 200 198
24 5 189 190 188
25 5 192 190 188
26 5 198 186 184
27 5 203 166 165
28 5 206 157 157
29 5 206 162 163
30 5 207 160 162
31 5 210 150 151
32 5 210 136 134
33 5 210 146 145
34 5 209 169 167
35 5 205 191 189
36 5 200 200 197
37 5 198 200 198
38 5 199 201 198
39 5 199 201 199
23 6 188 189 187
24 6 192 191 189
25 6 197 187 185
26 6 202 167 165
27 6 204 160 160
28 6 204 171 173
29 6 205 161 163
30 6 206 157 157
31 6 205 170 170
32 6 204 179 178
33 6 203 186 184
34 6 202 191 189
35 6 201 196 193
36 6 198 199 197
37 6 198 200 198
38 6 199 201 198
39 6 201 203 200
40 6 201 203 200
41 6 201 202 200
22 7 187 188 186
23 7 191 188 186
24 7 195 184 182
25 7 199 168 167
26 7 202 145 145
27 7 204 157 157
28 7 203 168 169
29 7 201 175 175
30 7 199 186 185
31 7 197 190 188
32 7 194 193 191
33 7 195 196 193
34 7 195 197 194
35 7 197 199 196
36 7 197 199 197
37 7 198 200 198
38 7 199 201 198
39 7 200 202 199
40 7 201 202 200
41 7 202 204 201
42 7 202 203 201
21 8 187 187 185
22 8 191 188 186
23 8 194 178 176
24 8 198 165 163
25 8 199 161 160
26 8 200 141 141
27 8 202 159 159
28 8 197 182 181
29 8 194 186 185
30 8 191 190 188
31 8 187 189 186
32 8 189 191 189
33 8 193 196 193
34 8 195 197 194
35 8 196 198 195
36 8 197 199 197
37 8 199 200 197
38 8 199 201 198
39 8 201 202 199
40 8 201 203 200
41 8 202 204 201
42 8 202 203 199
43 8 201 198 193
44 8 187 181 172
20 9 186 186 183
21 9 188 185 183
22 9 192 181 178
23 9 195 158 155
24 9 197 150 149
25 9 196 172 172
26 9 196 172 172
27 9 196 179 178
28 9 191 187 185
29 9 180 181 179
30 9 166 168 166
31 9 150 153 150
32 9 156 159 156
33 9 182 184 182
34 9 193 195 193
35 9 196 198 195
36 9 198 199 197
37 9 199 200 197
38 9 199 201 198
39 9 200 201 198
40 9 201 202 199
41 9 202 203 200
42 9 201 200 196
43 9 197 193 185
44 9 186 180 171
19 10 184 183 180
20 10 187 184 181
21 10 190 177 174
22 10 193 147 144
23 10 194 113 111
24 10 196 119 119
25 10 197 156 156
26 10 195 171 170
27 10 191 185 183
28 10 184 185 183
29 10 150 152 150
30 10 89 92 90
31 10 49 51 50
32 10 65 68 66
33 10 148 152 149
34 10 189 191 189
35 10 196 198 195
36 10 197 199 196
37 10 198 199 196
38 10 199 201 198
39 10 199 201 198
40 10 200 202 199
41 10 201 201 197
42 10 199 196 191
43 10 193 189 182
44 10 171 168 161
18 11 181 180 176
19 11 185 181 178
20 11 188 171 168
21 11 190 150 147
22 11 191 106 104
23 11 193 92 91
24 11 193 100 99
25 11 196 153 153
26 11 193 180 179
27 11 188 187 185
28 11 180 181 179
29 11 129 132 129
30 11 28 29 28
31 11 3 3 3
32 11 28 30 29
33 11 136 139 137
34 11 187 190 188
35 11 195 197 194
36 11 197 198 196
37 11 198 199 196
38 11 199 201 197
39 11 198 200 196
40 11 199 200 197
41 11 198 197 191
42 11 192 189 183
43 11 179 178 173
44 11 163 162 158
17 12 174 170 164
18 12 180 179 174
19 12 184 177 173
20 12 188 159 154
21 12 190 136 134
22 12 191 119 119
23 12 191 100 99
24 12 192 95 94
25 12 195 150 150
26 12 191 183 182
27 12 188 189 186
28 12 182 183 181
29 12 147 149 146
30 12 80 82 80
31 12 66 69 67
32 12 105 107 105
33 12 170 172 170
34 12 192 195 192
35 12 196 198 195
36 12 197 198 195
37 12 198 200 197
38 12 198 199 196
39 12 199 200 197
40 12 197 196 191
41 12 191 188 182
42 12 160 158 153
43 12 154 154 151
44 12 154 153 149
16 13 138 116 105
17 13 161 154 147
18 13 172 169 163
19 13 180 177 172
20 13 184 170 165
21 13 188 149 145
22 13 191 122 119
23 13 191 124 123
24 13 191 118 117
25 13 192 152 150
26 13 189 183 181
27 13 189 190 187
28 13 188 189 186
29 13 179 181 178
30 13 162 165 162
31 13 165 168 166
32 13 175 177 174
33 13 190 192 189
34 13 194 195 192
35 13 195 197 193
36 13 196 198 195
37 13 197 198 195
38 13 197 198 195
39 13 197 197 192
40 13 193 190 184
41 13 164 161 156
42 13 111 111 108
43 13 162 163 160
44 13 159 159 155
17 14 58 51 47
18 14 119 113 107
19 14 161 158 152
20 14 179 176 172
21 14 184 174 170
22 14 189 158 155
23 14 191 143 141
24 14 191 128 127
25 14 192 151 149
26 14 188 183 180
27 14 188 189 186
28 14 190 191 188
29 14 190 191 188
30 14 188 190 187
31 14 191 192 190
32 14 192 194 191
33 14 194 196 192
34 14 194 196 192
35 14 195 197 193
36 14 196 197 194
37 14 196 197 194
38 14 196 196 192
39 14 194 191 185
40 14 181 179 174
41 14 109 108 105
42 14 145 145 143
43 14 171 171 168
44 14 153 152 148
17 15 50 44 41
18 15 48 44 41
19 15 74 70 66
20 15 143 140 135
21 15 175 173 169
22 15 183 178 175
23 15 187 172 169
24 15 190 153 150
25 15 191 156 153
26 15 189 183 180
27 15 189 189 186
28 15 189 190 187
29 15 190 191 188
30 15 190 192 189
31 15 192 193 190
32 15 192 194 191
33 15 194 195 192
34 15 194 195 192
35 15 196 197 193
36 15 196 197 193
37 15 195 195 191
38 15 194 191 185
39 15 193 190 185
40 15 164 163 161
41 15 138 139 136
42 15 169 169 167
43 15 169 170 167
44 15 149 149 145
18 16 52 48 45
19 16 44 41 39
20 16 33 32 30
21 16 116 113 108
22 16 169 167 162
23 16 183 181 177
24 16 187 179 175
25 16 190 174 171
26 16 188 184 181
27 16 188 189 186
28 16 189 190 187
29 16 190 191 188
30 16 191 193 189
31 16 192 193 190
32 16 193 194 191
33 16 194 195 192
34 16 194 195 192
35 16 195 196 192
36 16 195 195 191
37 16 194 191 185
38 16 194 191 186
39 16 183 182 179
40 16 168 169 166
41 16 169 169 166
42 16 171 172 169
43 16 166 166 163
44 16 140 138 134
18 17 56 52 49
19 17 53 51 48
20 17 40 39 37
21 17 24 23 22
22 17 89 87 82
23 17 157 155 149
24 17 181 180 175
25 17 185 184 181
26 17 187 187 184
27 17 189 189 186
28 17 190 190 187
29 17 190 191 187
30 17 192 192 189
31 17 192 193 190
32 17 193 193 190
33 17 194 194 191
34 17 194 195 191
35 17 195 194 190
36 17 194 190 185
37 17 193 188 183
38 17 186 185 181
39 17 179 179 176
40 17 174 175 171
41 17 171 172 169
42 17 167 168 165
43 17 161 162 158
44 17 132 131 127
19 18 58 56 53
20 18 56 55 53
21 18 44 44 42
22 18 38 38 36
23 18 63 61 57
24 18 136 135 129
25 18 176 175 170
26 18 186 186 182
27 18 188 188 185
28 18 189 189 186
29 18 191 191 188
30 18 191 192 188
31 18 193 193 190
32 18 192 193 189
33 18 193 194 190
34 18 194 194 189
35 18 193 190 184
36 18 192 187 181
37 18 188 186 182
38 18 179 179 176
39 18 175 175 172
40 18 172 173 169
41 18 168 168 165
42 18 165 166 162
43 18 155 156 153
44 18 124 123 119
19 19 55 55 53
20 19 58 58 56
21 19 57 57 55
22 19 52 52 50
23 19 53 53 50
24 19 56 55 52
25 19 107 105 99
26 19 166 165 160
27 19 185 184 180
28 19 188 188 184
29 19 190 191 187
30 19 191 192 188
31 19 192 192 189
32 19 192 193 189
33 19 193 192 188
34 19 192 189 183
35 19 191 185 179
36 19 186 184 179
37 19 179 179 175
38 19 176 176 173
39 19 172 172 169
40 19 168 168 165
41 19 164 164 161
42 19 160 160 157
43 19 143 144 141
44 19 71 71 69
20 20 57 57 55
21 20 53 53 51
22 20 50 50 48
23 20 54 54 52
24 20 59 58 56
25 20 57 56 54
26 20 78 76 72
27 20 147 144 139
28 20 180 179 174
29 20 188 188 184
30 20 190 191 187
31 20 191 191 187
32 20 191 190 186
33 20 191 188 183
34 20 190 184 176
35 20 188 185 180
36 20 181 180 176
37 20 175 175 172
38 20 173 172 169
39 20 169 169 166
40 20 164 164 161
41 20 160 161 157
42 20 146 147 144
43 20 94 95 93
20 21 52 52 50
21 21 52 52 50
22 21 40 40 39
23 21 41 42 40
24 21 56 56 54
25 21 60 59 57
26 21 57 57 55
27 21 45 45 42
28 21 116 113 108
29 21 169 167 161
30 21 186 185 180
31 21 189 188 183
32 21 189 186 180
33 21 188 181 173
34 21 186 181 176
35 21 180 179 175
36 21 175 175 171
37 21 172 171 168
38 21 169 168 165
39 21 164 164 161
40 21 160 160 157
41 21 153 153 150
42 21 113 113 111
21 22 51 51 49
22 22 45 45 43
23 22 37 37 36
24 22 45 45 44
25 22 58 57 56
26 22 60 60 57
27 22 52 52 49
28 22 32 32 30
29 22 64 60 57
30 22 153 148 141
31 22 181 175 167
32 22 184 174 165
33 22 186 179 172
34 22 180 178 174
35 22 176 175 171
36 22 171 171 167
37 22 168 168 165
38 22 164 163 160
39 22 161 161 157
40 22 153 153 150
41 22 123 123 120
42 22 55 56 54
23 23 45 45 44
24 23 44 45 44
25 23 55 56 54
26 23 61 61 59
27 23 59 59 57
28 23 51 51 49
29 23 30 30 29
30 23 37 35 33
31 23 137 126 117
32 23 174 162 154
33 23 177 174 169
34 23 176 174 170
35 23 172 171 167
36 23 167 166 163
37 23 161 161 157
38 23 157 156 153
39 23 154 154 151
40 23 127 127 124
41 23 56 56 54
24 24 50 51 49
25 24 56 57 55
26 24 60 60 59
27 24 60 60 59
28 24 59 59 57
29 24 53 52 50
30 24 40 40 38
31 24 85 78 74
32 24 160 153 146
33 24 173 170 166
34 24 172 170 166
35 24 167 167 163
36 24 152 151 148
37 24 138 138 135
38 24 149 149 145
39 24 137 137 134
40 24 56 55 53
25 25 56 57 55
26 25 61 62 60
27 25 61 61 59
28 25 58 58 56
29 25 53 53 51
30 25 57 56 54
31 25 64 62 60
32 25 154 147 141
33 25 168 165 161
34 25 167 165 161
35 25 153 152 148
36 25 104 104 101
37 25 127 127 123
38 25 138 137 134
39 25 55 54 53
27 26 59 60 58
28 26 56 56 54
29 26 44 44 43
30 26 43 43 42
31 26 56 55 53
32 26 142 136 131
33 26 162 158 153
34 26 158 156 152
35 26 117 116 113
36 26 88 87 84
37 26 128 127 124
38 26 97 97 94
28 27 56 56 54
29 27 47 48 46
30 27 34 34 33
31 27 39 39 38
32 27 113 108 103
33 27 155 151 145
34 27 145 142 137
35 27 97 95 91
36 27 117 115 111
37 27 101 100 97
38 27 50 49 48
29 28 49 49 47
30 28 46 46 44
31 28 41 41 39
32 28 72 69 67
33 28 148 144 138
34 28 139 135 130
35 28 125 122 116
36 28 111 109 105
37 28 46 45 43
31 29 50 49 48
32 29 55 54 53
33 29 133 129 124
34 29 138 134 127
35 29 120 116 111
36 29 46 44 42
32 30 53 51 49
33 30 132 129 124
34 30 121 115 109
35 30 45 42 39
34 31 112 107 102
