33 0 181 175 166
34 0 172 163 151
31 1 189 190 187
32 1 191 190 187
33 1 191 189 183
34 1 188 182 173
35 1 183 176 166
29 2 189 190 188
30 2 192 193 191
31 2 193 193 191
32 2 191 191 189
33 2 187 187 184
34 2 192 190 185
35 2 191 186 179
36 2 188 180 173
27 3 188 189 186
28 3 191 192 190
29 3 193 194 191
30 3 191 192 190
31 3 177 178 176
32 3 144 145 143
33 3 132 134 131
34 3 174 174 172
35 3 193 191 187
36 3 194 187 181
37 3 193 181 173
25 4 185 186 184
26 4 190 191 188
27 4 192 192 190
28 4 194 195 192
29 4 193 194 192
30 4 177 178 176
31 4 112 113 111
32 4 32 33 32
33 4 22 23 23
34 4 109 111 109
35 4 181 181 179
36 4 195 193 189
37 4 195 188 182
38 4 193 180 172
24 5 189 190 188
25 5 190 191 189
26 5 193 194 192
27 5 193 194 191
28 5 194 195 192
29 5 194 194 192
30 5 183 183 181
31 5 126 127 125
32 5 21 21 21
33 5 34 34 33
34 5 111 112 110
35 5 176 177 174
36 5 195 195 192
37 5 196 193 189
38 5 195 188 182
39 5 194 180 171
22 6 186 187 185
23 6 188 190 187
24 6 192 193 191
25 6 194 194 192
26 6 193 194 191
27 6 193 194 191
28 6 194 194 192
29 6 193 194 192
30 6 191 192 190
31 6 176 176 174
32 6 133 134 131
33 6 149 150 147
34 6 177 178 176
35 6 192 192 190
36 6 196 196 193
37 6 196 196 193
38 6 196 192 188
39 6 196 189 183
40 6 195 181 171
20 7 185 186 184
21 7 187 189 187
22 7 188 189 187
23 7 186 187 185
24 7 187 188 186
25 7 189 190 188
26 7 192 193 190
27 7 193 194 191
28 7 193 194 191
29 7 193 193 191
30 7 193 193 191
31 7 191 192 190
32 7 187 187 185
33 7 189 190 187
34 7 193 193 191
35 7 195 196 193
36 7 196 196 194
37 7 197 196 194
38 7 196 195 193
39 7 196 192 188
40 7 195 187 181
18 8 174 176 175
19 8 186 188 187
20 8 189 190 189
21 8 187 189 187
22 8 172 174 172
23 8 138 140 137
24 8 136 139 137
25 8 155 157 155
26 8 183 184 182
27 8 192 193 190
28 8 192 192 190
29 8 191 192 189
30 8 189 190 188
31 8 187 187 185
32 8 189 190 188
33 8 193 193 191
34 8 194 195 192
35 8 195 195 193
36 8 196 196 193
37 8 196 196 194
38 8 197 196 194
39 8 197 196 193
40 8 197 192 188
41 8 196 187 181
18 9 175 177 176
19 9 187 190 189
20 9 191 193 191
21 9 176 177 175
22 9 108 110 108
23 9 31 32 32
24 9 26 27 27
25 9 78 80 79
26 9 164 166 163
27 9 190 191 188
28 9 190 191 188
29 9 181 181 179
30 9 153 153 151
31 9 136 137 136
32 9 151 152 151
33 9 179 180 178
34 9 193 193 191
35 9 195 195 193
36 9 196 196 193
37 9 195 195 192
38 9 191 191 189
39 9 189 189 187
40 9 194 192 189
41 9 196 190 186
42 9 195 185 179
18 10 114 119 118
19 10 173 176 175
20 10 191 193 191
21 10 170 172 170
22 10 88 90 87
23 10 14 14 14
24 10 17 17 17
25 10 95 97 97
26 10 168 170 168
27 10 188 189 186
28 10 186 187 184
29 10 150 151 148
30 10 63 64 62
31 10 21 22 21
32 10 36 37 36
33 10 132 134 132
34 10 185 186 184
35 10 194 195 193
36 10 193 193 191
37 10 178 178 176
38 10 145 146 143
39 10 138 139 137
40 10 163 163 161
41 10 183 181 178
42 10 194 187 183
43 10 195 185 178
18 11 50 50 49
19 11 120 122 120
20 11 182 184 183
21 11 181 183 180
22 11 143 144 141
23 11 114 114 111
24 11 116 116 115
25 11 150 152 150
26 11 182 183 181
27 11 189 189 187
28 11 186 186 184
29 11 154 154 151
30 11 57 57 55
31 11 2 2 2
32 11 32 33 31
33 11 120 121 119
34 11 181 182 179
35 11 192 193 190
36 11 189 189 186
37 11 147 147 144
38 11 48 48 46
39 11 27 27 27
40 11 71 71 70
41 11 152 151 150
42 11 191 189 186
43 11 196 189 184
44 11 192 181 173
18 12 46 45 44
19 12 45 45 44
20 12 137 139 137
21 12 188 190 188
22 12 186 186 183
23 12 179 179 176
24 12 178 178 175
25 12 181 181 178
26 12 187 187 185
27 12 189 189 186
28 12 186 186 184
29 12 170 170 167
30 12 130 131 128
31 12 88 87 84
32 12 111 110 106
33 12 159 160 157
34 12 188 188 186
35 12 193 193 190
36 12 186 186 184
37 12 135 135 132
38 12 21 21 20
39 12 3 3 3
40 12 33 33 33
41 12 141 141 139
42 12 190 189 186
43 12 196 192 187
44 12 194 185 178
45 12 184 169 159
19 13 43 43 42
20 13 61 61 59
21 13 161 163 161
22 13 192 193 191
23 13 190 190 187
24 13 188 188 184
25 13 187 186 183
26 13 188 187 185
27 13 189 189 186
28 13 188 188 185
29 13 185 186 183
30 13 180 180 178
31 13 174 174 172
32 13 174 174 171
33 13 183 183 180
34 13 190 189 187
35 13 192 191 189
36 13 191 191 188
37 13 174 173 170
38 13 113 113 109
39 13 89 89 86
40 13 105 105 103
41 13 162 161 159
42 13 192 191 188
43 13 195 192 188
44 13 188 179 173
45 13 173 160 150
19 14 41 41 40
20 14 49 49 48
21 14 69 71 70
22 14 174 175 173
23 14 193 193 190
24 14 190 189 186
25 14 188 188 185
26 14 187 187 184
27 14 188 187 185
28 14 188 188 185
29 14 186 187 184
30 14 185 186 183
31 14 187 187 185
32 14 188 189 186
33 14 190 190 187
34 14 191 190 188
35 14 192 191 189
36 14 192 191 188
37 14 191 190 187
38 14 181 181 177
39 14 177 176 173
40 14 177 177 173
41 14 188 186 183
42 14 191 189 185
43 14 179 174 169
44 14 153 146 139
45 14 161 153 145
19 15 42 42 40
20 15 43 43 42
21 15 28 28 27
22 15 114 114 112
23 15 184 184 182
24 15 191 191 189
25 15 189 188 185
26 15 188 187 184
27 15 187 187 184
28 15 181 181 178
29 15 174 174 171
30 15 170 171 168
31 15 173 174 171
32 15 186 186 183
33 15 189 189 186
34 15 190 189 186
35 15 192 191 188
36 15 193 192 188
37 15 192 191 188
38 15 193 192 188
39 15 193 192 188
40 15 193 191 188
41 15 185 183 179
42 15 157 153 148
43 15 109 105 100
44 15 125 120 113
45 15 158 152 145
19 16 45 44 42
20 16 41 41 39
21 16 29 29 28
22 16 41 41 39
23 16 139 139 137
24 16 190 190 188
25 16 191 191 188
26 16 188 187 184
27 16 184 183 180
28 16 160 160 157
29 16 118 118 116
30 16 88 88 86
31 16 104 104 102
32 16 167 167 165
33 16 188 187 184
34 16 190 189 186
35 16 192 190 187
36 16 192 190 187
37 16 193 191 187
38 16 193 191 187
39 16 191 189 185
40 16 177 174 169
41 16 124 120 114
42 16 66 64 60
43 16 95 92 87
44 16 125 120 114
45 16 144 138 131
20 17 44 43 41
21 17 50 49 47
22 17 35 35 34
23 17 62 61 58
24 17 162 162 160
25 17 191 191 189
26 17 189 188 185
27 17 178 178 175
28 17 122 122 119
29 17 34 34 33
30 17 7 7 6
31 17 16 16 16
32 17 126 126 123
33 17 182 181 177
34 17 190 188 184
35 17 191 189 185
36 17 191 189 185
37 17 192 190 185
38 17 186 183 179
39 17 160 158 153
40 17 93 91 87
41 17 39 38 36
42 17 79 77 74
43 17 113 110 104
44 17 134 129 123
45 17 162 157 150
20 18 50 48 45
21 18 57 55 52
22 18 30 30 29
23 18 48 48 46
24 18 79 78 76
25 18 172 172 169
26 18 189 189 185
27 18 179 178 174
28 18 127 126 123
29 18 29 28 27
30 18 6 6 6
31 18 29 29 28
32 18 133 133 130
33 18 182 181 177
34 18 189 187 183
35 18 189 187 183
36 18 188 186 182
37 18 178 176 172
38 18 146 144 140
39 18 107 106 103
40 18 73 72 70
41 18 94 93 90
42 18 114 112 108
43 18 122 119 113
44 18 139 135 128
21 19 59 57 54
22 19 35 34 32
23 19 46 46 44
24 19 54 54 51
25 19 108 106 102
26 19 179 178 174
27 19 183 182 177
28 19 165 164 160
29 19 121 120 115
30 19 82 81 77
31 19 109 107 103
32 19 163 161 157
33 19 185 183 179
34 19 188 186 181
35 19 183 182 178
36 19 159 158 154
37 19 136 135 132
38 19 129 128 125
39 19 115 115 112
40 19 112 111 108
41 19 118 117 113
42 19 116 114 109
43 19 117 114 109
44 19 145 141 134
21 20 53 51 48
22 20 41 40 37
23 20 45 44 42
24 20 55 55 52
25 20 42 42 39
26 20 131 129 124
27 20 183 181 177
28 20 185 183 178
29 20 175 173 168
30 20 166 163 158
31 20 175 173 167
32 20 183 181 177
33 20 183 182 178
34 20 167 167 163
35 20 141 141 137
36 20 130 130 127
37 20 129 129 125
38 20 128 127 124
39 20 125 124 121
40 20 120 119 115
41 20 105 104 100
42 20 97 95 92
43 20 103 99 94
44 20 129 123 118
22 21 49 47 44
23 21 50 48 46
24 21 56 55 53
25 21 45 45 43
26 21 38 37 35
27 21 152 149 145
28 21 185 184 179
29 21 185 183 179
30 21 183 181 176
31 21 184 182 178
32 21 176 176 173
33 21 141 142 139
34 21 108 109 106
35 21 123 124 121
36 21 127 126 123
37 21 126 125 122
38 21 124 124 121
39 21 119 118 115
40 21 95 94 90
41 21 59 58 55
42 21 86 82 79
43 21 106 97 91
44 21 133 124 118
23 22 55 54 51
24 22 58 57 54
25 22 48 48 45
26 22 26 26 25
27 22 58 56 53
28 22 163 160 156
29 22 185 183 179
30 22 180 178 174
31 22 153 153 149
32 22 88 88 85
33 22 47 47 46
34 22 98 99 97
35 22 123 123 120
36 22 124 124 121
37 22 123 122 119
38 22 118 118 114
39 22 94 94 91
40 22 54 53 51
41 22 63 59 56
42 22 85 78 73
43 22 102 90 84
44 22 142 125 116
24 23 58 57 54
25 23 52 51 49
26 23 30 30 29
27 23 21 21 19
28 23 92 89 86
29 23 162 162 159
30 23 140 141 138
31 23 75 76 74
32 23 49 51 50
33 23 95 97 95
34 23 122 122 120
35 23 125 125 122
36 23 123 123 120
37 23 122 121 118
38 23 111 110 107
39 23 80 78 76
40 23 75 69 66
41 23 71 64 60
42 23 45 40 38
24 24 58 56 54
25 24 52 50 48
26 24 35 34 32
27 24 21 21 19
28 24 33 31 29
29 24 128 129 126
30 24 107 108 106
31 24 90 92 91
32 24 110 112 110
33 24 123 124 121
34 24 125 125 122
35 24 123 123 120
36 24 122 121 118
37 24 120 119 116
38 24 110 108 105
39 24 92 87 83
40 24 70 63 60
41 24 51 44 41
25 25 52 50 47
26 25 39 37 35
27 25 22 21 20
28 25 33 31 29
29 25 128 129 126
30 25 123 125 123
31 25 123 125 122
32 25 125 125 123
33 25 118 118 115
34 25 111 111 108
35 25 115 115 112
36 25 119 118 114
37 25 116 112 108
38 25 101 96 92
39 25 58 55 52
26 26 40 38 36
27 26 28 27 25
28 26 30 28 27
29 26 125 126 123
30 26 128 129 126
31 26 124 124 122
32 26 105 106 103
33 26 74 74 72
34 26 92 92 90
35 26 113 111 107
36 26 109 104 99
37 26 94 89 84
26 27 41 39 37
27 27 34 32 29
28 27 32 31 29
29 27 122 122 120
30 27 124 124 122
31 27 97 97 95
32 27 52 53 51
33 27 65 65 63
34 27 101 98 95
35 27 98 94 90
36 27 61 58 55
27 28 40 37 35
28 28 35 33 30
29 28 99 98 94
30 28 111 111 109
31 28 72 72 70
32 28 75 75 72
33 28 81 79 76
34 28 84 79 75
28 29 41 38 35
29 29 90 86 82
30 29 112 112 109
31 29 99 97 94
32 29 84 82 79
33 29 48 47 45
29 30 103 97 92
30 30 99 97 92
31 30 87 84 79
29 31 49 46 42
30 31 55 52 49
