30 0 159 148 143
29 1 159 151 146
30 1 166 157 151
31 1 174 168 163
28 2 59 55 53
29 2 163 156 150
30 2 173 167 160
31 2 176 171 166
32 2 178 174 169
33 2 178 175 171
27 3 60 54 54
28 3 109 101 97
29 3 173 167 160
30 3 179 175 168
31 3 179 176 170
32 3 177 174 169
33 3 177 174 170
34 3 180 178 174
27 4 98 88 87
28 4 141 133 129
29 4 182 177 171
30 4 185 182 177
31 4 183 181 175
32 4 181 178 173
33 4 178 176 171
34 4 179 177 173
35 4 181 180 177
36 4 182 181 178
26 5 61 51 50
27 5 83 72 71
28 5 169 163 158
29 5 188 185 179
30 5 189 187 182
31 5 188 186 182
32 5 185 183 179
33 5 182 181 176
34 5 181 179 175
35 5 180 179 175
36 5 181 180 177
37 5 180 180 177
38 5 179 179 178
25 6 63 54 53
26 6 61 49 48
27 6 122 110 107
28 6 183 180 174
29 6 191 189 184
30 6 190 189 185
31 6 190 189 185
32 6 189 188 184
33 6 187 187 183
34 6 184 184 180
35 6 182 182 178
36 6 180 180 176
37 6 180 179 176
38 6 178 179 176
39 6 179 179 178
25 7 82 71 70
26 7 96 82 81
27 7 143 137 132
28 7 188 184 178
29 7 187 186 182
30 7 174 173 169
31 7 173 172 168
32 7 184 183 180
33 7 189 189 186
34 7 185 185 183
35 7 179 179 176
36 7 179 179 176
37 7 181 182 178
38 7 179 179 176
39 7 175 176 174
40 7 173 174 173
41 7 172 173 172
24 8 60 49 48
25 8 81 69 68
26 8 101 90 88
27 8 160 153 145
28 8 192 185 178
29 8 191 188 184
30 8 156 156 153
31 8 88 88 85
32 8 135 135 131
33 8 179 179 176
34 8 184 185 182
35 8 154 154 151
36 8 139 139 136
37 8 169 169 166
38 8 177 178 175
39 8 167 167 165
40 8 156 157 155
41 8 163 165 163
42 8 170 172 171
23 9 60 51 51
24 9 57 47 46
25 9 97 84 82
26 9 113 110 105
27 9 159 154 144
28 9 184 178 172
29 9 197 193 188
30 9 185 181 177
31 9 132 130 127
32 9 71 71 69
33 9 138 138 136
34 9 182 182 179
35 9 170 171 168
36 9 107 107 105
37 9 103 104 101
38 9 159 160 157
39 9 166 167 165
40 9 120 122 119
41 9 121 123 121
42 9 157 159 157
43 9 170 172 170
44 9 167 168 167
23 10 76 64 63
24 10 84 69 68
25 10 94 87 84
26 10 138 135 127
27 10 134 131 124
28 10 133 132 128
29 10 171 170 166
30 10 191 189 185
31 10 189 186 182
32 10 162 159 154
33 10 146 146 143
34 10 181 182 179
35 10 192 192 189
36 10 174 175 172
37 10 134 136 133
38 10 143 145 142
39 10 179 181 178
40 10 164 165 163
41 10 111 113 111
42 10 125 127 125
43 10 165 166 165
44 10 169 170 169
22 11 56 45 44
23 11 74 62 61
24 11 84 71 68
25 11 125 121 114
26 11 140 137 131
27 11 120 119 116
28 11 106 107 104
29 11 106 107 104
30 11 142 143 140
31 11 181 180 176
32 11 194 193 189
33 11 194 192 188
34 11 195 194 191
35 11 196 196 193
36 11 195 195 192
37 11 188 189 186
38 11 182 183 180
39 11 188 189 186
40 11 187 188 186
41 11 175 176 174
42 11 159 161 159
43 11 167 168 166
44 11 171 172 170
21 12 57 49 48
22 12 53 41 39
23 12 88 73 70
24 12 104 99 94
25 12 138 135 129
26 12 112 112 109
27 12 62 63 62
28 12 42 43 42
29 12 35 36 35
30 12 83 84 82
31 12 120 121 118
32 12 156 156 154
33 12 189 188 185
34 12 200 198 194
35 12 200 198 195
36 12 199 198 195
37 12 198 198 195
38 12 195 195 192
39 12 194 195 192
40 12 192 193 190
41 12 191 192 189
42 12 187 188 185
43 12 183 184 181
44 12 181 182 180
21 13 54 46 45
22 13 76 64 62
23 13 90 83 79
24 13 130 126 120
25 13 125 124 120
26 13 87 88 86
27 13 19 20 19
28 13 1 1 1
29 13 1 1 1
30 13 28 29 28
31 13 101 102 100
32 13 126 127 124
33 13 134 135 132
34 13 172 173 170
35 13 192 191 187
36 13 201 199 195
37 13 199 198 194
38 13 198 198 195
39 13 197 197 194
40 13 195 195 193
41 13 193 194 191
42 13 192 192 190
43 13 189 190 187
44 13 187 187 185
20 14 49 41 39
21 14 52 44 43
22 14 84 75 72
23 14 123 119 112
24 14 134 131 125
25 14 121 121 118
26 14 92 93 91
27 14 37 37 37
28 14 6 7 7
29 14 1 1 1
30 14 38 39 38
31 14 104 105 102
32 14 123 123 120
33 14 124 125 122
34 14 129 130 127
35 14 151 152 148
36 14 179 179 175
37 14 197 195 191
38 14 200 198 194
39 14 198 198 195
40 14 198 198 195
41 14 196 196 194
42 14 195 195 192
43 14 193 193 191
44 14 191 191 189
20 15 49 43 41
21 15 70 63 61
22 15 106 101 96
23 15 135 131 124
24 15 120 119 115
25 15 119 119 116
26 15 112 112 110
27 15 86 86 85
28 15 58 59 58
29 15 44 44 43
30 15 83 84 82
31 15 111 112 109
32 15 120 120 117
33 15 122 122 119
34 15 125 125 122
35 15 128 129 126
36 15 129 130 127
37 15 156 157 154
38 15 189 188 185
39 15 198 196 193
40 15 199 198 194
41 15 198 198 195
42 15 197 197 195
43 15 196 196 193
44 15 193 193 191
20 16 49 46 43
21 16 87 83 79
22 16 129 124 118
23 16 123 120 115
24 16 117 116 113
25 16 116 116 113
26 16 114 114 111
27 16 110 110 107
28 16 108 109 106
29 16 105 106 103
30 16 112 113 110
31 16 117 117 114
32 16 120 120 117
33 16 123 123 120
34 16 123 123 120
35 16 123 123 120
36 16 124 124 122
37 16 125 126 123
38 16 136 136 133
39 16 172 172 169
40 16 192 191 187
41 16 199 197 193
42 16 198 197 194
43 16 197 197 194
44 16 195 195 193
45 16 191 191 189
19 17 50 47 45
20 17 58 55 52
21 17 120 115 109
22 17 127 123 117
23 17 117 115 111
24 17 113 113 109
25 17 114 114 111
26 17 115 115 112
27 17 118 118 115
28 17 116 116 113
29 17 116 116 113
30 17 115 116 112
31 17 116 116 113
32 17 119 120 116
33 17 121 121 118
34 17 121 122 119
35 17 122 123 120
36 17 121 122 119
37 17 123 124 121
38 17 125 125 123
39 17 126 126 123
40 17 147 148 145
41 17 178 177 174
42 17 194 192 188
43 17 197 196 191
44 17 195 194 191
45 17 193 193 190
19 18 50 48 45
20 18 94 89 84
21 18 129 124 117
22 18 116 114 109
23 18 112 111 107
24 18 114 113 109
25 18 112 112 109
26 18 115 115 112
27 18 113 113 110
28 18 113 113 110
29 18 113 114 110
30 18 114 114 111
31 18 116 117 113
32 18 117 117 114
33 18 119 119 116
34 18 118 119 116
35 18 118 119 115
36 18 119 119 116
37 18 120 121 117
38 18 121 121 118
39 18 121 122 119
40 18 124 124 121
41 18 123 123 120
42 18 153 154 151
43 18 185 184 180
44 18 192 191 187
45 18 186 182 176
18 19 49 47 44
19 19 61 57 53
20 19 119 113 106
21 19 117 114 109
22 19 111 110 106
23 19 111 110 106
24 19 110 110 106
25 19 111 111 108
26 19 112 111 108
27 19 113 113 110
28 19 110 110 107
29 19 114 114 111
30 19 114 114 111
31 19 115 115 112
32 19 114 114 111
33 19 115 115 112
34 19 115 116 113
35 19 115 116 112
36 19 116 117 113
37 19 118 118 115
38 19 120 121 117
39 19 119 119 116
40 19 120 121 117
41 19 123 124 120
42 19 125 126 123
43 19 144 147 146
44 19 163 165 164
45 19 195 198 197
18 20 47 43 39
19 20 106 99 92
20 20 122 117 110
21 20 111 109 105
22 20 109 108 104
23 20 108 107 103
24 20 111 110 107
25 20 110 109 106
26 20 109 109 106
27 20 110 109 106
28 20 112 111 108
29 20 111 111 107
30 20 112 113 109
31 20 111 111 108
32 20 111 111 108
33 20 112 112 109
34 20 114 114 111
35 20 116 116 113
36 20 116 117 113
37 20 116 116 113
38 20 117 118 114
39 20 119 120 116
40 20 119 120 116
41 20 123 123 120
42 20 137 139 137
43 20 135 138 137
44 20 64 66 66
18 21 97 87 78
19 21 121 114 106
20 21 109 106 101
21 21 108 106 102
22 21 106 105 101
23 21 109 108 104
24 21 107 107 103
25 21 107 107 103
26 21 107 107 104
27 21 109 108 105
28 21 109 108 105
29 21 109 109 106
30 21 109 109 106
31 21 112 112 109
32 21 110 110 107
33 21 111 111 108
34 21 112 111 108
35 21 112 112 109
36 21 112 112 109
37 21 113 113 110
38 21 114 114 111
39 21 116 116 113
40 21 118 118 115
41 21 131 132 130
42 21 135 138 136
43 21 65 67 66
17 22 48 36 30
18 22 107 93 82
19 22 108 101 94
20 22 105 102 97
21 22 105 103 99
22 22 106 104 100
23 22 107 105 101
24 22 106 105 101
25 22 106 105 101
26 22 106 106 102
27 22 107 106 103
28 22 107 107 104
29 22 108 108 104
30 22 108 108 105
31 22 107 107 104
32 22 110 110 106
33 22 108 108 105
34 22 109 108 105
35 22 110 110 107
36 22 111 110 107
37 22 113 112 109
38 22 115 115 112
39 22 117 116 113
40 22 125 127 124
41 22 133 135 133
42 22 64 65 64
18 23 108 92 81
19 23 110 102 94
20 23 101 97 92
21 23 102 100 95
22 23 103 102 98
23 23 105 103 99
24 23 105 104 100
25 23 105 104 100
26 23 105 105 101
27 23 103 103 99
28 23 106 105 102
29 23 106 106 102
30 23 106 106 102
31 23 106 106 103
32 23 106 106 103
33 23 107 107 104
34 23 107 106 103
35 23 108 107 104
36 23 110 109 106
37 23 112 111 108
38 23 114 113 110
39 23 119 119 117
40 23 135 136 135
41 23 63 65 64
20 24 113 107 100
21 24 105 101 96
22 24 102 99 94
23 24 103 100 96
24 24 103 101 97
25 24 104 102 98
26 24 102 101 97
27 24 103 103 98
28 24 103 103 99
29 24 104 104 101
30 24 100 100 97
31 24 93 94 91
32 24 90 90 87
33 24 94 94 91
34 24 103 103 100
35 24 106 106 103
36 24 108 107 104
37 24 111 111 107
38 24 115 115 111
39 24 132 134 131
40 24 96 98 97
22 25 103 99 94
23 25 102 98 94
24 25 100 97 93
25 25 101 99 95
26 25 103 102 98
27 25 102 101 96
28 25 101 100 96
29 25 99 99 95
30 25 76 76 73
31 25 48 48 47
32 25 43 43 42
33 25 49 49 47
34 25 85 85 82
35 25 102 101 98
36 25 106 105 102
37 25 110 109 106
38 25 133 134 131
39 25 91 92 90
40 25 63 64 63
23 26 127 122 116
24 26 105 101 95
25 26 99 95 91
26 26 98 96 92
27 26 98 97 93
28 26 98 97 93
29 26 93 92 89
30 26 54 54 53
31 26 12 12 12
32 26 4 4 3
33 26 10 10 10
34 26 59 59 57
35 26 97 97 93
36 26 107 107 103
37 26 126 126 123
38 26 97 98 96
39 26 63 64 63
25 27 127 122 115
26 27 107 102 97
27 27 96 93 89
28 27 96 94 89
29 27 95 94 90
30 27 62 62 60
31 27 18 18 17
32 27 9 9 8
33 27 18 18 17
34 27 56 56 53
35 27 95 94 91
36 27 122 122 119
37 27 110 110 108
38 27 64 64 63
27 28 100 95 90
28 28 100 96 90
29 28 94 91 86
30 28 83 81 77
31 28 61 60 57
32 28 57 55 52
33 28 63 62 58
34 28 82 80 76
35 28 111 110 106
36 28 114 115 112
37 28 63 63 61
29 29 108 103 96
30 29 96 92 86
31 29 89 86 80
32 29 87 84 80
33 29 91 88 83
34 29 104 102 97
35 29 118 117 113
36 29 59 58 56
31 30 96 91 85
32 30 91 86 80
33 30 93 89 83
34 30 114 111 105
35 30 56 55 52
32 31 111 104 96
33 31 111 104 97
34 31 78 74 69
