33 0 149 134 128
32 1 160 152 144
33 1 168 160 154
34 1 177 170 166
30 2 162 155 147
31 2 167 161 153
32 2 173 168 162
33 2 179 175 170
34 2 186 183 178
28 3 162 156 148
29 3 168 163 156
30 3 170 166 159
31 3 176 172 165
32 3 179 175 169
33 3 183 181 176
34 3 191 189 186
35 3 195 194 192
26 4 157 151 143
27 4 165 161 154
28 4 170 166 160
29 4 175 172 166
30 4 178 175 169
31 4 180 177 172
32 4 183 181 176
33 4 187 186 181
34 4 193 193 190
35 4 199 199 197
36 4 199 199 198
25 5 164 160 153
26 5 169 165 159
27 5 173 170 165
28 5 177 175 170
29 5 180 179 174
30 5 182 181 176
31 5 184 183 179
32 5 186 185 181
33 5 190 189 185
34 5 195 195 191
35 5 200 200 198
36 5 202 203 202
23 6 163 159 152
24 6 168 164 158
25 6 172 169 164
26 6 176 174 170
27 6 179 178 173
28 6 181 181 177
29 6 184 183 180
30 6 186 186 182
31 6 188 188 184
32 6 190 190 187
33 6 193 193 190
34 6 195 195 192
35 6 200 201 198
36 6 204 205 204
37 6 204 205 204
21 7 154 148 141
22 7 161 157 151
23 7 165 162 157
24 7 171 170 165
25 7 176 175 171
26 7 179 179 175
27 7 179 179 175
28 7 175 175 172
29 7 179 179 176
30 7 189 189 186
31 7 191 191 188
32 7 190 190 187
33 7 183 183 180
34 7 175 176 173
35 7 191 192 189
36 7 204 206 204
37 7 206 208 207
38 7 204 206 206
20 8 159 154 148
21 8 156 152 146
22 8 146 144 139
23 8 140 139 135
24 8 164 163 159
25 8 177 177 174
26 8 170 170 167
27 8 144 144 141
28 8 112 112 109
29 8 152 153 150
30 8 189 189 187
31 8 185 186 184
32 8 159 160 158
33 8 108 109 107
34 8 88 89 87
35 8 169 171 168
36 8 204 205 203
37 8 207 209 208
38 8 203 205 204
18 9 158 144 134
19 9 160 152 144
20 9 158 154 149
21 9 126 124 120
22 9 76 75 73
23 9 110 110 107
24 9 166 166 163
25 9 171 172 169
26 9 124 125 122
27 9 60 60 58
28 9 98 99 97
29 9 167 168 166
30 9 188 189 187
31 9 163 165 163
32 9 74 76 75
33 9 59 61 60
34 9 139 142 140
35 9 190 191 190
36 9 205 206 204
37 9 204 205 204
38 9 199 201 201
39 9 206 208 209
18 10 169 158 149
19 10 168 161 154
20 10 144 142 139
21 10 87 88 85
22 10 110 110 107
23 10 159 159 156
24 10 179 179 176
25 10 167 168 166
26 10 119 120 118
27 10 134 135 133
28 10 174 175 173
29 10 190 191 189
30 10 190 191 189
31 10 168 170 169
32 10 141 143 142
33 10 166 168 167
34 10 191 193 191
35 10 201 202 200
36 10 197 198 196
37 10 188 189 188
38 10 192 194 193
39 10 203 206 206
40 10 204 207 206
18 11 176 168 160
19 11 174 168 162
20 11 162 161 157
21 11 158 158 155
22 11 173 173 170
23 11 182 182 180
24 11 185 185 182
25 11 182 183 180
26 11 180 180 178
27 11 186 187 185
28 11 193 194 191
29 11 196 197 194
30 11 196 197 195
31 11 196 197 195
32 11 196 197 195
33 11 198 199 197
34 11 197 198 196
35 11 183 184 182
36 11 162 163 161
37 11 165 166 163
38 11 183 184 182
39 11 192 194 193
40 11 206 208 208
18 12 179 171 163
19 12 180 174 168
20 12 182 180 176
21 12 183 183 180
22 12 185 185 182
23 12 188 187 185
24 12 189 189 186
25 12 190 190 188
26 12 192 193 190
27 12 194 194 192
28 12 195 196 194
29 12 198 199 197
30 12 199 200 198
31 12 200 201 199
32 12 199 199 197
33 12 188 189 187
34 12 156 158 156
35 12 103 105 102
36 12 69 69 67
37 12 93 93 91
38 12 161 161 158
39 12 186 187 185
40 12 197 199 198
41 12 203 205 204
19 13 183 177 171
20 13 185 182 178
21 13 186 185 182
22 13 188 188 185
23 13 189 189 186
24 13 191 191 188
25 13 192 192 189
26 13 194 194 192
27 13 197 197 195
28 13 198 199 196
29 13 199 200 198
30 13 198 199 196
31 13 192 193 191
32 13 180 181 179
33 13 159 161 159
34 13 82 84 83
35 13 10 10 10
36 13 3 3 3
37 13 17 17 17
38 13 126 125 122
39 13 174 174 171
40 13 189 190 189
41 13 203 204 203
19 14 185 178 171
20 14 187 184 179
21 14 189 188 185
22 14 190 189 186
23 14 191 191 189
24 14 193 193 190
25 14 195 195 193
26 14 196 196 194
27 14 197 198 196
28 14 197 197 195
29 14 192 193 191
30 14 175 176 173
31 14 160 161 159
32 14 163 164 162
33 14 157 159 158
34 14 75 78 77
35 14 3 3 3
36 14 2 2 2
37 14 44 44 42
38 14 127 127 124
39 14 170 169 165
40 14 180 181 178
41 14 193 194 192
42 14 201 202 200
19 15 186 180 172
20 15 188 184 179
21 15 190 189 186
22 15 191 191 188
23 15 193 193 190
24 15 194 195 192
25 15 196 196 194
26 15 196 196 194
27 15 194 195 192
28 15 180 181 179
29 15 146 147 144
30 15 87 88 85
31 15 73 74 73
32 15 97 99 97
33 15 146 150 149
34 15 126 130 130
35 15 53 54 53
36 15 70 71 69
37 15 116 116 113
38 15 158 157 154
39 15 170 170 166
40 15 174 173 169
41 15 181 181 179
42 15 198 198 196
19 16 188 181 172
20 16 189 184 178
21 16 191 190 186
22 16 193 193 190
23 16 194 194 192
24 16 195 195 193
25 16 193 193 191
26 16 185 186 184
27 16 173 174 172
28 16 145 146 144
29 16 54 55 54
30 16 7 7 7
31 16 5 5 5
32 16 28 29 28
33 16 129 132 130
34 16 159 161 160
35 16 145 147 144
36 16 150 151 148
37 16 158 158 155
38 16 166 166 163
39 16 169 169 165
40 16 168 167 163
41 16 175 174 171
42 16 185 185 182
43 16 193 193 189
20 17 189 184 176
21 17 191 189 184
22 17 193 192 189
23 17 191 191 188
24 17 185 186 183
25 17 165 166 164
26 17 154 155 153
27 17 157 159 157
28 17 137 140 138
29 17 53 55 55
30 17 1 1 1
31 17 5 5 5
32 17 56 57 55
33 17 138 139 136
34 17 166 167 164
35 17 170 170 167
36 17 169 169 165
37 17 168 168 164
38 17 168 167 163
39 17 165 164 160
40 17 166 164 159
41 17 164 162 157
42 17 174 173 169
43 17 189 188 184
20 18 185 178 168
21 18 186 182 175
22 18 185 184 180
23 18 171 172 169
24 18 132 133 130
25 18 78 79 77
26 18 73 74 72
27 18 89 91 89
28 18 128 132 131
29 18 111 115 113
30 18 52 54 52
31 18 77 78 76
32 18 123 124 121
33 18 159 159 156
34 18 171 171 167
35 18 168 168 165
36 18 168 167 164
37 18 167 167 163
38 18 165 164 160
39 18 163 161 157
40 18 162 160 154
41 18 158 156 150
42 18 165 163 157
43 18 175 174 169
44 18 186 185 181
20 19 174 166 155
21 19 180 174 165
22 19 168 167 162
23 19 133 133 130
24 19 46 47 45
25 19 4 4 4
26 19 5 5 5
27 19 30 30 29
28 19 122 125 123
29 19 156 158 155
30 19 147 148 145
31 19 151 152 149
32 19 159 159 156
33 19 168 168 164
34 19 167 167 164
35 19 167 166 163
36 19 166 165 162
37 19 163 163 159
38 19 161 161 156
39 19 153 152 147
40 19 139 137 132
41 19 130 128 122
42 19 143 140 135
43 19 162 160 155
44 19 178 177 172
21 20 171 165 155
22 20 167 163 157
23 20 132 131 128
24 20 49 49 48
25 20 1 1 1
26 20 8 8 7
27 20 63 63 61
28 20 139 140 137
29 20 165 166 162
30 20 168 168 165
31 20 166 166 163
32 20 168 167 164
33 20 167 167 164
34 20 165 165 162
35 20 165 165 161
36 20 162 162 158
37 20 161 161 157
38 20 152 152 148
39 20 115 115 110
40 20 68 68 64
41 20 41 40 37
42 20 94 92 87
43 20 149 147 141
44 20 163 161 156
45 20 179 177 172
22 21 171 165 157
23 21 148 145 139
24 21 111 111 108
25 21 64 64 63
26 21 86 87 84
27 21 127 128 125
28 21 159 159 156
29 21 167 167 164
30 21 166 166 163
31 21 167 167 163
32 21 166 165 162
33 21 164 164 160
34 21 162 162 158
35 21 159 159 155
36 21 159 158 154
37 21 154 154 150
38 21 125 125 121
39 21 44 44 41
40 21 5 5 5
41 21 3 3 2
42 21 52 51 47
43 21 132 129 123
44 21 151 148 142
45 21 162 159 153
22 22 183 176 167
23 22 170 165 158
24 22 158 157 153
25 22 149 149 146
26 22 153 153 151
27 22 159 159 156
28 22 165 164 161
29 22 166 165 162
30 22 165 165 161
31 22 164 164 161
32 22 163 163 159
33 22 161 161 157
34 22 150 150 146
35 22 136 136 132
36 22 120 120 116
37 22 126 127 123
38 22 127 128 124
39 22 48 48 46
40 22 12 12 12
41 22 24 23 21
42 22 88 85 80
43 22 135 131 125
44 22 140 135 129
45 22 139 132 125
46 22 157 148 140
23 23 168 162 155
24 23 171 167 161
25 23 165 163 159
26 23 165 165 162
27 23 164 164 161
28 23 165 165 162
29 23 165 164 161
30 23 163 163 159
31 23 162 162 158
32 23 161 161 157
33 23 152 152 148
34 23 108 109 105
35 23 58 58 56
36 23 27 27 26
37 23 60 60 58
38 23 126 127 123
39 23 112 112 108
40 23 88 87 83
41 23 107 105 100
42 23 133 129 123
43 23 136 131 124
44 23 124 117 110
45 23 108 99 92
46 23 140 127 117
24 24 169 163 154
25 24 166 162 157
26 24 163 162 158
27 24 164 164 161
28 24 164 163 160
29 24 161 161 158
30 24 160 160 156
31 24 158 158 155
32 24 156 156 152
33 24 135 135 132
34 24 47 48 46
35 24 3 3 3
36 24 1 1 1
37 24 47 46 44
38 24 124 123 119
39 24 143 141 136
40 24 138 136 130
41 24 137 133 127
42 24 128 123 117
43 24 108 102 95
44 24 46 42 38
25 25 171 165 157
26 25 164 161 155
27 25 163 162 158
28 25 161 160 157
29 25 147 146 143
30 25 132 132 129
31 25 119 119 115
32 25 124 124 120
33 25 134 134 132
34 25 88 88 86
35 25 26 26 25
36 25 38 38 35
37 25 97 95 91
38 25 139 137 131
39 25 144 141 135
40 25 135 132 125
41 25 111 106 100
42 25 48 45 42
25 26 180 173 164
26 26 170 164 157
27 26 159 157 152
28 26 151 150 147
29 26 104 104 101
30 26 44 45 43
31 26 26 25 24
32 26 46 45 43
33 26 119 119 116
34 26 135 135 132
35 26 109 108 105
36 26 122 121 116
37 26 139 136 131
38 26 137 134 128
39 26 125 121 115
40 26 100 96 90
26 27 161 154 147
27 27 163 158 152
28 27 135 133 130
29 27 49 49 47
30 27 1 1 1
32 27 47 46 44
33 27 129 128 124
34 27 149 147 144
35 27 143 141 136
36 27 144 141 135
37 27 123 119 113
38 27 104 99 94
27 28 158 150 142
28 28 130 123 116
29 28 70 68 65
30 28 38 37 35
31 28 51 50 48
32 28 105 104 101
33 28 142 140 136
34 28 144 141 136
35 28 134 131 125
36 28 99 96 90
37 28 50 47 44
28 29 150 141 131
29 29 136 130 124
30 29 125 122 117
31 29 132 129 124
32 29 140 137 132
33 29 136 133 127
34 29 109 105 100
35 29 52 50 47
28 30 168 155 144
29 30 156 146 136
30 30 143 136 128
31 30 139 133 127
32 30 120 115 109
33 30 53 51 48
29 31 138 120 107
30 31 129 116 105
31 31 106 98 90
