30 0 161 154 145
31 0 180 179 175
32 0 189 192 190
29 1 132 130 125
30 1 150 146 139
31 1 187 187 183
32 1 194 195 193
33 1 194 194 192
28 2 110 109 106
29 2 135 134 130
30 2 158 156 151
31 2 194 193 190
32 2 202 196 194
33 2 200 191 189
34 2 193 191 189
35 2 187 188 185
27 3 130 129 125
28 3 125 125 121
29 3 117 117 114
30 3 157 155 150
31 3 197 196 194
32 3 203 193 191
33 3 207 178 176
34 3 202 185 183
35 3 195 190 188
36 3 187 187 185
26 4 138 138 134
27 4 127 127 124
28 4 109 110 107
29 4 94 93 91
30 4 172 169 165
31 4 199 198 195
32 4 204 191 189
33 4 207 178 177
34 4 208 168 167
35 4 205 176 175
36 4 196 184 183
37 4 189 186 184
25 5 144 143 139
26 5 136 136 133
27 5 129 129 126
28 5 82 82 80
29 5 123 122 119
30 5 184 181 177
31 5 201 199 197
32 5 205 184 182
33 5 208 163 163
34 5 208 161 162
35 5 209 149 149
36 5 207 157 156
37 5 198 176 174
38 5 188 183 181
39 5 178 180 177
24 6 140 139 136
25 6 133 133 130
26 6 143 144 141
27 6 129 129 127
28 6 119 119 116
29 6 151 151 147
30 6 192 189 185
31 6 202 199 197
32 6 205 183 182
33 6 208 166 166
34 6 206 165 167
35 6 206 157 158
36 6 205 160 159
37 6 201 174 172
38 6 191 185 182
39 6 184 186 183
40 6 179 182 179
23 7 121 120 117
24 7 128 128 124
25 7 141 141 138
26 7 144 144 141
27 7 140 141 138
28 7 148 149 146
29 7 163 162 159
30 7 195 192 189
31 7 203 198 196
32 7 205 176 175
33 7 207 152 153
34 7 206 164 165
35 7 203 177 177
36 7 197 186 185
37 7 192 189 187
38 7 188 188 186
39 7 185 187 184
40 7 180 183 180
41 7 178 180 177
22 8 110 110 106
23 8 106 106 103
24 8 132 133 130
25 8 141 141 139
26 8 142 143 140
27 8 148 148 145
28 8 156 156 153
29 8 166 164 160
30 8 197 194 191
31 8 202 194 192
32 8 204 170 168
33 8 205 163 163
34 8 204 167 167
35 8 199 186 185
36 8 192 191 189
37 8 187 190 187
38 8 186 189 186
39 8 186 188 185
40 8 184 186 183
41 8 181 183 180
42 8 177 179 175
43 8 170 171 167
21 9 106 106 103
22 9 94 94 91
23 9 93 94 91
24 9 127 128 125
25 9 126 127 124
26 9 127 128 126
27 9 147 148 145
28 9 149 149 146
29 9 160 158 154
30 9 197 194 191
31 9 201 192 190
32 9 203 161 159
33 9 202 166 165
34 9 201 177 177
35 9 196 189 188
36 9 185 186 183
37 9 167 170 167
38 9 173 176 173
39 9 184 187 184
40 9 185 187 184
41 9 184 185 182
42 9 179 180 177
43 9 174 174 169
44 9 160 155 147
20 10 98 98 95
21 10 102 103 100
22 10 86 87 85
23 10 89 90 88
24 10 112 113 110
25 10 81 82 79
26 10 119 120 118
27 10 134 135 132
28 10 109 109 107
29 10 154 150 146
30 10 197 194 190
31 10 201 187 184
32 10 200 140 137
33 10 200 123 122
34 10 201 159 159
35 10 197 185 184
36 10 178 179 177
37 10 115 117 115
38 10 105 108 105
39 10 166 169 166
40 10 185 187 184
41 10 184 186 183
42 10 181 183 179
43 10 176 176 171
44 10 164 160 151
20 11 103 104 101
21 11 99 100 98
22 11 81 82 80
23 11 106 107 104
24 11 81 81 79
25 11 87 87 85
26 11 129 129 127
27 11 97 98 95
28 11 89 88 85
29 11 170 164 160
30 11 197 193 189
31 11 199 181 177
32 11 198 135 132
33 11 198 110 109
34 11 200 138 137
35 11 197 180 179
36 11 186 186 184
37 11 135 137 134
38 11 34 35 34
39 11 120 124 121
40 11 177 180 177
41 11 185 187 184
42 11 182 184 181
43 11 179 179 175
44 11 171 167 160
20 12 88 88 85
21 12 111 111 108
22 12 115 115 112
23 12 114 114 111
24 12 85 85 83
25 12 125 125 122
26 12 122 122 119
27 12 62 61 59
28 12 117 114 111
29 12 177 170 164
30 12 193 190 184
31 12 197 185 181
32 12 198 160 156
33 12 197 129 129
34 12 197 112 112
35 12 198 163 162
36 12 193 189 187
37 12 173 175 172
38 12 105 107 104
39 12 88 91 89
40 12 170 173 170
41 12 186 188 185
42 12 184 186 182
43 12 180 180 176
44 12 174 171 164
19 13 51 51 49
20 13 106 105 102
21 13 129 129 125
22 13 132 132 129
23 13 124 124 121
24 13 127 126 123
25 13 139 139 136
26 13 113 112 109
27 13 100 99 96
28 13 143 139 135
29 13 154 144 137
30 13 171 165 157
31 13 190 185 180
32 13 194 182 178
33 13 196 160 157
34 13 196 132 130
35 13 196 145 143
36 13 195 182 180
37 13 189 190 187
38 13 172 174 171
39 13 158 160 158
40 13 178 180 178
41 13 186 188 184
42 13 185 186 183
43 13 181 182 178
44 13 175 172 165
19 14 106 106 103
20 14 125 124 121
21 14 134 134 130
22 14 133 134 130
23 14 136 136 133
24 14 142 142 139
25 14 146 145 142
26 14 137 135 132
27 14 137 135 131
28 14 129 124 119
29 14 68 64 60
30 14 93 86 80
31 14 157 151 144
32 14 184 180 175
33 14 192 184 180
34 14 195 172 169
35 14 196 153 151
36 14 195 163 161
37 14 192 189 186
38 14 190 191 189
39 14 187 189 186
40 14 188 190 187
41 14 187 188 185
42 14 185 187 183
43 14 182 183 179
44 14 177 174 168
45 14 170 161 150
19 15 120 118 115
20 15 128 128 124
21 15 128 127 124
22 15 123 124 121
23 15 138 138 134
24 15 145 144 141
25 15 147 145 141
26 15 143 141 137
27 15 124 120 115
28 15 57 54 51
29 15 38 36 33
30 15 34 33 30
31 15 46 44 41
32 15 131 126 120
33 15 174 170 165
34 15 188 184 180
35 15 194 182 179
36 15 195 168 165
37 15 193 181 178
38 15 191 191 188
39 15 190 191 188
40 15 189 191 188
41 15 188 189 186
42 15 186 188 184
43 15 184 184 180
44 15 179 176 169
45 15 171 163 153
19 16 99 98 95
20 16 125 124 121
21 16 96 95 93
22 16 106 105 102
23 16 141 140 136
24 16 148 146 142
25 16 142 140 135
26 16 115 113 108
27 16 58 56 53
28 16 28 27 25
29 16 10 10 9
30 16 9 9 8
31 16 14 13 12
32 16 32 31 29
33 16 97 94 88
34 16 158 154 148
35 16 184 181 176
36 16 191 184 181
37 16 193 184 181
38 16 192 190 187
39 16 190 191 188
40 16 190 191 188
41 16 189 190 187
42 16 187 188 184
43 16 184 184 180
44 16 180 176 170
45 16 175 166 156
18 17 53 51 49
19 17 100 98 94
20 17 104 103 100
21 17 61 60 58
22 17 117 116 111
23 17 142 140 135
24 17 140 138 134
25 17 104 102 98
26 17 64 63 60
27 17 47 46 43
28 17 20 20 19
29 17 3 3 3
30 17 1 1 1
31 17 3 3 3
32 17 23 23 21
33 17 49 48 45
34 17 65 63 59
35 17 137 133 126
36 17 173 170 165
37 17 188 186 182
38 17 190 190 186
39 17 191 191 188
40 17 190 191 188
41 17 189 190 187
42 17 187 188 184
43 17 185 185 181
44 17 181 176 169
45 17 176 165 154
18 18 92 88 85
19 18 112 109 105
20 18 77 77 73
21 18 88 86 82
22 18 135 133 129
23 18 134 132 129
24 18 91 91 87
25 18 66 65 62
26 18 58 57 55
27 18 53 52 50
28 18 37 37 35
29 18 22 22 21
30 18 16 15 15
31 18 23 23 22
32 18 38 38 37
33 18 53 52 50
34 18 56 55 52
35 18 57 55 51
36 18 99 96 90
37 18 160 157 151
38 18 182 181 176
39 18 188 188 184
40 18 190 191 187
41 18 189 190 186
42 18 189 189 186
43 18 186 186 182
44 18 182 177 170
45 18 177 167 156
18 19 117 113 108
19 19 115 111 106
20 19 101 99 94
21 19 126 124 120
22 19 128 127 124
23 19 81 81 77
24 19 61 61 58
25 19 59 59 56
26 19 59 59 56
27 19 58 58 55
28 19 54 54 52
29 19 49 49 47
30 19 45 45 44
31 19 49 49 47
32 19 53 53 51
33 19 57 56 54
34 19 57 56 53
35 19 58 57 53
36 19 57 56 53
37 19 66 65 61
38 19 138 134 128
39 19 172 170 165
40 19 186 185 181
41 19 189 189 185
42 19 188 189 185
43 19 186 186 181
44 19 182 177 170
45 19 178 166 155
18 20 96 93 88
19 20 125 122 117
20 20 127 126 122
21 20 118 118 115
22 20 68 68 66
23 20 56 56 54
24 20 56 57 54
25 20 58 58 56
26 20 59 59 57
27 20 60 59 57
28 20 59 59 57
29 20 59 58 56
30 20 58 58 56
31 20 58 58 56
32 20 58 57 55
33 20 59 58 56
34 20 59 58 55
35 20 58 57 54
36 20 58 57 54
37 20 56 54 51
38 20 59 58 55
39 20 99 96 91
40 20 157 154 149
41 20 181 179 174
42 20 186 185 181
43 20 186 185 180
44 20 181 176 168
45 20 177 165 154
17 21 47 44 41
18 21 102 99 95
19 21 132 131 128
20 21 107 109 106
21 21 60 61 59
22 21 31 31 30
23 21 29 29 28
24 21 32 33 31
25 21 48 48 47
26 21 58 59 57
27 21 60 60 58
28 21 60 60 58
29 21 60 60 57
30 21 60 59 57
31 21 60 59 57
32 21 59 59 57
33 21 60 59 57
34 21 58 58 56
35 21 58 58 55
36 21 54 54 51
37 21 43 42 40
38 21 36 35 33
39 21 32 32 30
40 21 45 44 42
41 21 134 131 126
42 21 169 166 161
43 21 182 179 173
44 21 179 171 163
45 21 176 163 152
17 22 89 83 79
18 22 108 106 103
19 22 97 98 96
20 22 65 66 64
21 22 36 36 35
22 22 7 7 7
23 22 3 3 3
24 22 7 7 7
25 22 30 31 31
26 22 55 56 54
27 22 61 61 59
28 22 61 61 58
29 22 61 61 58
30 22 60 60 58
31 22 60 60 58
32 22 61 60 58
33 22 60 60 57
34 22 60 60 57
35 22 59 59 56
36 22 48 48 45
37 22 24 23 21
38 22 8 8 7
39 22 5 5 5
40 22 12 12 12
41 22 39 39 37
42 22 97 94 89
43 22 154 146 139
44 22 171 159 149
45 22 164 146 133
18 23 58 58 57
19 23 67 68 66
20 23 61 62 60
21 23 47 48 46
22 23 24 25 24
23 23 15 16 15
24 23 19 20 19
25 23 39 40 40
26 23 58 58 57
27 23 61 61 59
28 23 61 61 59
29 23 61 61 59
30 23 61 61 59
31 23 61 60 58
32 23 61 60 58
33 23 61 60 58
34 23 61 61 59
35 23 60 60 58
36 23 50 49 47
37 23 27 26 25
38 23 10 10 9
39 23 5 5 5
40 23 11 11 11
41 23 37 37 35
42 23 58 56 53
43 23 70 64 59
44 23 145 129 118
45 23 176 158 145
20 24 62 63 61
21 24 59 60 58
22 24 53 54 53
23 24 49 50 49
24 24 51 52 51
25 24 56 58 57
26 24 60 61 59
27 24 62 62 60
28 24 62 62 60
29 24 61 62 60
30 24 62 61 59
31 24 62 61 59
32 24 62 61 59
33 24 61 61 59
34 24 62 61 59
35 24 62 62 60
36 24 59 58 56
37 24 50 49 48
38 24 41 41 40
39 24 37 37 36
40 24 42 41 39
41 24 55 52 50
42 24 63 58 54
43 24 58 53 48
21 25 61 62 60
22 25 62 63 62
23 25 62 63 61
24 25 63 64 62
25 25 63 64 62
26 25 64 64 62
27 25 63 63 61
28 25 62 63 61
29 25 61 61 59
30 25 57 57 56
31 25 56 56 54
32 25 57 57 55
33 25 60 60 58
34 25 62 62 60
35 25 62 62 60
36 25 63 63 61
37 25 61 61 59
38 25 60 59 57
39 25 67 64 61
40 25 58 55 52
41 25 58 54 51
42 25 59 53 49
23 26 63 63 62
24 26 64 65 63
25 26 64 64 62
26 26 64 64 62
27 26 63 64 62
28 26 62 62 60
29 26 53 54 52
30 26 33 33 32
31 26 27 27 26
32 26 30 30 29
33 26 43 44 42
34 26 59 59 57
35 26 63 63 61
36 26 63 63 61
37 26 66 65 62
38 26 70 66 62
39 26 62 59 55
40 26 61 58 54
25 27 64 64 62
26 27 64 64 62
27 27 65 65 63
28 27 63 63 61
29 27 46 47 45
30 27 15 15 14
31 27 2 2 2
32 27 4 5 5
33 27 24 25 24
34 27 54 54 53
35 27 62 62 60
36 27 73 70 66
37 27 70 67 63
38 27 62 58 54
27 28 64 65 63
28 28 63 63 62
29 28 55 56 54
30 28 38 38 37
31 28 24 25 24
32 28 25 26 26
33 28 36 37 36
34 28 61 61 58
35 28 61 59 57
36 28 62 59 55
37 28 62 58 54
28 29 62 63 61
29 29 62 62 61
30 29 60 61 59
31 29 57 57 55
32 29 57 57 54
33 29 63 62 58
34 29 73 70 66
35 29 61 58 55
30 30 64 64 62
31 30 60 59 56
32 30 64 61 57
33 30 60 57 52
34 30 60 56 51
32 31 50 47 43
