28 0 172 175 173
29 0 184 187 185
30 0 189 192 191
27 1 181 184 182
28 1 187 190 188
29 1 191 193 191
30 1 193 195 193
31 1 194 196 194
32 1 192 195 192
26 2 182 185 182
27 2 190 191 189
28 2 194 191 189
29 2 200 189 187
30 2 199 193 191
31 2 196 196 194
32 2 195 197 194
33 2 195 197 194
25 3 182 185 183
26 3 189 190 188
27 3 193 192 190
28 3 200 187 184
29 3 208 166 163
30 3 207 174 173
31 3 203 188 187
32 3 198 194 192
33 3 196 196 194
34 3 197 198 197
35 3 198 199 197
24 4 183 185 183
25 4 189 190 188
26 4 193 190 188
27 4 198 183 181
28 4 200 184 183
29 4 206 173 172
30 4 211 146 145
31 4 210 158 157
32 4 208 174 173
33 4 204 185 183
34 4 201 194 193
35 4 200 199 197
36 4 199 201 199
37 4 199 202 199
23 5 182 184 182
24 5 189 189 187
25 5 193 189 187
26 5 199 181 179
27 5 203 161 160
28 5 206 158 158
29 5 206 163 164
30 5 208 157 160
31 5 210 140 140
32 5 210 139 138
33 5 209 156 154
34 5 208 181 179
35 5 202 197 195
36 5 200 201 199
37 5 199 201 199
38 5 200 202 200
22 6 182 184 182
23 6 188 188 187
24 6 192 190 188
25 6 198 181 179
26 6 203 160 159
27 6 203 165 167
28 6 204 167 169
29 6 205 155 156
30 6 206 163 163
31 6 205 174 174
32 6 203 183 182
33 6 203 190 188
34 6 201 193 191
35 6 199 199 196
36 6 199 201 198
37 6 200 202 199
38 6 200 202 200
39 6 202 204 201
40 6 203 205 202
21 7 182 183 182
22 7 187 187 185
23 7 190 186 184
24 7 195 179 178
25 7 200 158 157
26 7 203 147 147
27 7 203 163 164
28 7 202 170 171
29 7 199 181 181
30 7 197 188 186
31 7 195 192 190
32 7 194 195 192
33 7 195 197 194
34 7 196 198 195
35 7 198 200 197
36 7 199 201 198
37 7 200 202 199
38 7 200 202 200
39 7 201 203 200
40 7 202 204 201
41 7 204 205 203
42 7 203 204 200
20 8 180 182 180
21 8 187 187 184
22 8 191 185 183
23 8 194 172 170
24 8 198 163 162
25 8 199 151 151
26 8 200 140 140
27 8 200 175 174
28 8 195 184 183
29 8 191 188 186
30 8 189 190 187
31 8 187 189 187
32 8 191 194 191
33 8 194 197 194
34 8 196 198 195
35 8 197 199 196
36 8 199 200 198
37 8 200 201 199
38 8 201 202 199
39 8 202 204 201
40 8 203 204 202
41 8 204 204 201
42 8 203 201 196
43 8 193 188 180
19 9 179 180 178
20 9 186 185 182
21 9 188 183 180
22 9 192 174 171
23 9 195 147 146
24 9 196 163 163
25 9 195 173 173
26 9 195 172 171
27 9 194 185 183
28 9 184 184 182
29 9 171 173 170
30 9 154 157 154
31 9 150 153 151
32 9 175 178 176
33 9 192 194 192
34 9 195 197 195
35 9 197 199 196
36 9 199 201 198
37 9 200 201 198
38 9 201 202 199
39 9 201 203 200
40 9 202 203 200
41 9 203 203 199
42 9 199 196 188
43 9 194 189 180
44 9 194 189 182
18 10 179 179 176
19 10 183 182 179
20 10 186 181 178
21 10 190 166 163
22 10 193 132 130
23 10 194 109 108
24 10 196 142 142
25 10 195 166 165
26 10 192 180 179
27 10 186 185 183
28 10 164 166 164
29 10 108 111 108
30 10 54 56 54
31 10 55 57 56
32 10 132 136 133
33 10 185 188 185
34 10 195 197 194
35 10 198 199 197
36 10 198 200 197
37 10 199 200 197
38 10 200 202 199
39 10 200 202 199
40 10 201 202 198
41 10 200 198 193
42 10 197 193 186
43 10 190 188 183
44 10 195 194 190
17 11 177 175 170
18 11 181 180 176
19 11 184 177 173
20 11 187 163 159
21 11 190 130 128
22 11 191 92 90
23 11 193 92 91
24 11 194 133 133
25 11 193 173 173
26 11 189 185 183
27 11 183 184 182
28 11 147 149 147
29 11 47 49 47
30 11 2 2 2
31 11 21 22 21
32 11 122 126 123
33 11 184 187 185
34 11 195 197 195
35 11 197 198 196
36 11 198 199 196
37 11 199 200 197
38 11 200 201 198
39 11 199 200 197
40 11 199 198 192
41 11 195 192 186
42 11 185 184 180
43 11 182 182 179
44 11 189 189 186
16 12 169 163 156
17 12 176 173 168
18 12 180 178 173
19 12 184 169 164
20 12 189 144 140
21 12 190 127 127
22 12 190 102 102
23 12 191 93 92
24 12 193 131 131
25 12 191 178 176
26 12 187 187 185
27 12 183 185 182
28 12 154 157 154
29 12 86 89 87
30 12 65 68 66
31 12 99 102 100
32 12 167 169 167
33 12 191 193 190
34 12 196 198 195
35 12 197 199 195
36 12 198 199 196
37 12 199 200 197
38 12 199 199 196
39 12 199 198 193
40 12 193 190 183
41 12 165 164 159
42 12 138 138 136
43 12 176 176 173
44 12 181 181 178
16 13 153 145 138
17 13 164 160 153
18 13 177 174 169
19 13 181 173 168
20 13 186 156 152
21 13 189 128 125
22 13 190 120 119
23 13 190 119 118
24 13 192 140 138
25 13 189 179 177
26 13 187 187 185
27 13 188 189 186
28 13 179 181 178
29 13 163 165 163
30 13 164 166 164
31 13 174 176 174
32 13 189 191 189
33 13 194 195 192
34 13 195 197 193
35 13 196 198 194
36 13 197 199 195
37 13 198 198 195
38 13 197 196 192
39 13 195 192 186
40 13 171 169 164
41 13 82 81 79
42 13 133 134 131
43 13 177 177 174
44 13 176 176 173
17 14 107 101 95
18 14 148 144 138
19 14 173 171 165
20 14 181 174 170
21 14 187 162 159
22 14 190 144 141
23 14 190 130 129
24 14 191 142 140
25 14 189 180 178
26 14 187 187 185
27 14 188 189 187
28 14 189 191 188
29 14 188 190 187
30 14 189 191 188
31 14 192 193 190
32 14 194 195 192
33 14 195 196 193
34 14 195 197 193
35 14 196 198 194
36 14 196 197 194
37 14 196 196 191
38 14 195 192 186
39 14 189 187 183
40 14 123 123 120
41 14 95 96 94
42 14 166 167 164
43 14 178 179 176
44 14 168 168 165
17 15 48 43 40
18 15 50 47 43
19 15 124 121 115
20 15 168 166 162
21 15 181 177 174
22 15 185 172 169
23 15 189 155 152
24 15 190 152 149
25 15 188 180 178
26 15 187 188 185
27 15 188 190 187
28 15 189 190 187
29 15 190 192 189
30 15 191 192 189
31 15 192 194 191
32 15 193 195 191
33 15 194 196 192
34 15 195 196 192
35 15 197 197 193
36 15 196 195 191
37 15 194 190 185
38 15 193 191 186
39 15 177 177 174
40 15 133 134 132
41 15 154 155 152
42 15 177 178 175
43 15 176 176 174
44 15 162 161 158
45 15 173 173 169
18 16 50 46 43
19 16 42 39 36
20 16 92 90 85
21 16 159 157 153
22 16 181 179 175
23 16 185 178 174
24 16 189 173 170
25 16 188 183 180
26 16 187 188 185
27 16 188 189 186
28 16 190 191 188
29 16 191 192 189
30 16 192 193 190
31 16 192 194 190
32 16 193 195 191
33 16 195 196 192
34 16 195 195 192
35 16 196 195 190
36 16 194 190 184
37 16 195 192 187
38 16 188 187 184
39 16 177 178 175
40 16 171 171 168
41 16 176 176 173
42 16 176 176 173
43 16 173 173 170
44 16 159 159 156
45 16 169 168 165
19 17 51 48 45
20 17 40 39 36
21 17 68 66 62
22 17 151 149 144
23 17 178 177 173
24 17 184 183 180
25 17 186 186 183
26 17 188 188 185
27 17 189 190 186
28 17 190 190 187
29 17 191 191 188
30 17 192 193 190
31 17 192 193 189
32 17 193 194 190
33 17 194 194 191
34 17 194 193 189
35 17 193 189 183
36 17 194 190 185
37 17 187 186 183
38 17 183 183 180
39 17 180 180 177
40 17 177 178 175
41 17 175 176 173
42 17 172 173 170
43 17 168 169 166
44 17 157 157 154
45 17 161 161 158
19 18 57 55 52
20 18 54 53 50
21 18 44 43 41
22 18 48 46 44
23 18 132 130 125
24 18 175 174 169
25 18 185 185 182
26 18 188 188 184
27 18 189 189 185
28 18 189 190 186
29 18 191 192 188
30 18 192 192 189
31 18 193 193 189
32 18 193 193 189
33 18 194 193 188
34 18 193 188 182
35 18 193 188 183
36 18 187 185 181
37 18 183 183 180
38 18 180 179 176
39 18 177 177 174
40 18 175 176 172
41 18 172 172 169
42 18 169 170 166
43 18 166 166 163
44 18 151 151 148
45 18 143 143 140
20 19 57 57 54
21 19 55 55 52
22 19 50 50 48
23 19 51 51 48
24 19 109 107 102
25 19 166 164 160
26 19 186 185 181
27 19 188 188 184
28 19 189 190 186
29 19 191 192 188
30 19 191 192 188
31 19 192 192 188
32 19 192 191 186
33 19 191 187 180
34 19 191 186 180
35 19 186 185 181
36 19 181 181 177
37 19 179 179 176
38 19 177 177 174
39 19 174 174 171
40 19 171 172 168
41 19 169 169 166
42 19 165 165 162
43 19 161 162 159
44 19 135 136 134
45 19 122 123 121
21 20 53 53 51
22 20 51 51 48
23 20 51 51 49
24 20 56 55 53
25 20 83 81 77
26 20 155 153 148
27 20 183 182 178
28 20 188 188 184
29 20 190 190 186
30 20 191 191 187
31 20 191 190 185
32 20 189 185 178
33 20 190 184 178
34 20 186 184 180
35 20 181 180 177
36 20 179 179 176
37 20 175 175 172
38 20 174 175 171
39 20 171 172 168
40 20 168 168 165
41 20 165 165 162
42 20 160 161 158
43 20 140 141 139
44 20 58 59 57
21 21 53 53 50
22 21 47 47 45
23 21 44 44 42
24 21 52 52 50
25 21 56 56 53
26 21 52 51 48
27 21 133 131 125
28 21 176 174 169
29 21 187 186 181
30 21 189 187 182
31 21 188 183 176
32 21 188 181 173
33 21 186 183 179
34 21 180 179 176
35 21 177 177 173
36 21 176 175 172
37 21 173 173 170
38 21 171 171 167
39 21 168 167 164
40 21 165 165 162
41 21 162 162 159
42 21 149 150 147
43 21 60 60 59
22 22 50 49 47
23 22 45 45 43
24 22 44 44 42
25 22 53 53 51
26 22 55 54 52
27 22 40 39 37
28 22 103 98 92
29 22 168 162 155
30 22 183 175 166
31 22 184 174 166
32 22 184 180 175
33 22 179 178 174
34 22 177 176 172
35 22 175 175 171
36 22 172 172 169
37 22 170 170 167
38 22 167 166 163
39 22 165 164 161
40 22 162 161 158
41 22 150 151 148
42 22 58 58 56
23 23 48 48 46
24 23 44 45 43
25 23 51 51 50
26 23 59 59 57
27 23 54 53 51
28 23 39 39 37
29 23 79 73 67
30 23 157 144 134
31 23 179 172 165
32 23 178 176 172
33 23 177 176 172
34 23 174 173 169
35 23 171 171 167
36 23 168 167 164
37 23 164 164 160
38 23 161 161 158
39 23 161 160 157
40 23 153 153 149
41 23 120 121 118
25 24 52 52 51
26 24 57 57 56
27 24 58 58 56
28 24 54 53 52
29 24 46 45 43
30 24 120 112 106
31 24 169 164 157
32 24 175 172 168
33 24 174 172 168
34 24 171 170 166
35 24 166 166 162
36 24 150 150 147
37 24 140 141 137
38 24 155 155 152
39 24 154 154 151
40 24 133 133 130
26 25 59 59 57
27 25 58 59 57
28 25 55 55 53
29 25 51 50 49
30 25 63 61 58
31 25 154 148 142
32 25 171 168 163
33 25 170 168 164
34 25 166 165 161
35 25 145 145 141
36 25 91 91 89
37 25 123 123 119
38 25 151 150 147
39 25 130 130 127
40 25 56 56 54
27 26 57 57 55
28 26 54 54 52
29 26 46 46 44
30 26 48 47 45
31 26 120 115 111
32 26 163 160 154
33 26 166 164 159
34 26 155 154 150
35 26 97 97 94
36 26 75 74 71
37 26 135 134 131
38 26 132 132 129
39 26 56 56 54
29 27 49 49 47
30 27 41 41 40
31 27 66 64 61
32 27 150 146 140
33 27 159 156 151
34 27 138 137 133
35 27 84 82 79
36 27 120 119 114
37 27 126 125 122
38 27 52 52 50
30 28 48 48 46
31 28 47 47 45
32 28 114 110 106
33 28 151 147 141
34 28 139 136 131
35 28 130 127 122
36 28 129 127 123
37 28 49 48 46
31 29 51 51 49
32 29 73 72 69
33 29 140 136 131
34 29 144 139 133
35 29 135 132 126
36 29 49 47 45
32 30 54 53 50
33 30 139 136 131
34 30 130 124 118
35 30 104 100 95
34 31 118 111 105
