29 0 168 165 162
28 1 134 135 133
29 1 165 163 159
30 1 168 161 156
31 1 176 171 167
27 2 61 56 55
28 2 123 115 113
29 2 167 165 162
30 2 174 169 163
31 2 176 171 165
32 2 179 175 170
27 3 121 105 102
28 3 150 128 125
29 3 171 160 158
30 3 181 178 173
31 3 179 175 168
32 3 178 175 170
33 3 178 175 171
34 3 181 180 178
26 4 127 120 117
27 4 141 118 116
28 4 163 116 113
29 4 169 149 146
30 4 189 186 182
31 4 184 180 174
32 4 182 179 174
33 4 179 176 171
34 4 178 176 173
35 4 180 178 176
25 5 106 98 96
26 5 134 115 113
27 5 153 113 112
28 5 165 106 105
29 5 170 149 146
30 5 191 190 186
31 5 188 185 179
32 5 187 185 180
33 5 183 182 177
34 5 180 179 174
35 5 179 178 174
36 5 178 178 176
24 6 59 52 51
25 6 123 102 101
26 6 150 115 114
27 6 156 115 114
28 6 159 133 131
29 6 160 155 152
30 6 188 189 186
31 6 190 187 182
32 6 188 187 182
33 6 188 187 184
34 6 184 184 180
35 6 181 180 176
36 6 178 177 174
37 6 176 176 173
38 6 173 174 172
23 7 59 53 53
24 7 120 102 101
25 7 146 119 118
26 7 150 121 121
27 7 150 138 136
28 7 152 150 147
29 7 154 155 152
30 7 185 186 183
31 7 189 186 180
32 7 176 173 169
33 7 175 174 170
34 7 182 182 179
35 7 182 182 179
36 7 176 177 173
37 7 176 176 173
38 7 170 171 169
39 7 167 168 166
23 8 112 97 95
24 8 140 113 112
25 8 146 115 113
26 8 141 132 130
27 8 143 144 141
28 8 149 151 147
29 8 157 159 155
30 8 173 172 166
31 8 190 183 175
32 8 180 174 168
33 8 144 142 139
34 8 152 152 148
35 8 176 177 174
36 8 161 162 159
37 8 161 162 159
38 8 165 166 163
39 8 155 156 154
40 8 154 156 155
41 8 165 167 166
22 9 124 109 108
23 9 131 109 107
24 9 141 113 112
25 9 130 117 115
26 9 121 122 119
27 9 143 145 141
28 9 153 155 151
29 9 155 155 150
30 9 178 173 165
31 9 185 180 172
32 9 196 192 187
33 9 181 177 172
34 9 136 132 127
35 9 154 154 151
36 9 167 168 165
37 9 132 132 130
38 9 141 142 140
39 9 145 147 144
40 9 137 138 137
41 9 154 155 154
42 9 160 161 160
21 10 109 97 95
22 10 125 100 98
23 10 137 105 103
24 10 126 112 111
25 10 91 89 87
26 10 119 122 119
27 10 147 150 146
28 10 153 154 150
29 10 172 169 162
30 10 173 169 162
31 10 164 163 158
32 10 178 178 174
33 10 194 193 190
34 10 188 186 181
35 10 163 159 155
36 10 173 173 170
37 10 175 175 173
38 10 149 150 147
39 10 159 160 157
40 10 147 149 146
41 10 134 135 133
42 10 151 152 150
43 10 155 155 153
20 11 55 45 43
21 11 112 85 83
22 11 136 90 88
23 11 134 105 103
24 11 95 90 88
25 11 83 85 83
26 11 137 139 136
27 11 149 150 146
28 11 167 165 158
29 11 172 169 163
30 11 152 152 148
31 11 141 142 140
32 11 141 142 139
33 11 165 165 163
34 11 186 186 183
35 11 194 193 190
36 11 190 188 184
37 11 192 191 188
38 11 188 188 186
39 11 180 180 178
40 11 180 181 178
41 11 163 164 162
42 11 154 154 152
43 11 157 157 155
19 12 54 49 46
20 12 105 88 84
21 12 131 96 93
22 12 137 93 91
23 12 120 108 106
24 12 82 83 81
25 12 117 120 116
26 12 145 147 143
27 12 160 158 152
28 12 171 168 162
29 12 147 147 144
30 12 91 92 90
31 12 57 58 57
32 12 42 43 42
33 12 104 105 103
34 12 157 157 155
35 12 176 176 173
36 12 193 193 190
37 12 200 198 195
38 12 197 196 192
39 12 195 194 192
40 12 190 191 188
41 12 187 188 185
42 12 178 178 176
43 12 171 171 169
19 13 96 85 81
20 13 115 94 89
21 13 133 91 88
22 13 135 114 111
23 13 118 118 115
24 13 118 120 116
25 13 139 140 136
26 13 153 152 146
27 13 171 167 161
28 13 159 158 155
29 13 112 113 111
30 13 21 22 22
31 13 1 1 1
32 13 2 2 2
33 13 54 55 53
34 13 137 138 136
35 13 161 161 159
36 13 169 169 167
37 13 186 186 184
38 13 198 196 193
39 13 199 197 193
40 13 195 195 191
41 13 192 192 189
42 13 188 189 186
43 13 182 182 180
44 13 177 177 175
19 14 84 68 64
20 14 119 94 90
21 14 135 105 102
22 14 134 129 126
23 14 132 133 130
24 14 140 142 137
25 14 150 149 144
26 14 167 163 156
27 14 162 160 156
28 14 155 156 153
29 14 117 118 116
30 14 45 46 45
31 14 6 6 6
32 14 10 10 10
33 14 82 83 81
34 14 147 148 145
35 14 160 161 158
36 14 162 163 160
37 14 164 165 162
38 14 173 174 171
39 14 192 192 189
40 14 198 197 193
41 14 196 194 191
42 14 193 193 191
43 14 189 189 186
44 14 184 184 181
19 15 87 70 66
20 15 122 102 98
21 15 134 122 119
22 15 135 135 131
23 15 139 141 137
24 15 146 145 140
25 15 165 161 154
26 15 165 162 157
27 15 156 156 152
28 15 155 155 152
29 15 142 143 141
30 15 111 111 110
31 15 81 82 80
32 15 86 87 85
33 15 131 132 129
34 15 151 152 149
35 15 158 158 155
36 15 160 160 157
37 15 159 159 156
38 15 161 162 159
39 15 167 167 165
40 15 184 184 181
41 15 195 194 191
42 15 196 195 191
43 15 194 193 190
44 15 189 189 186
45 15 184 183 181
19 16 85 74 70
20 16 123 113 110
21 16 133 131 128
22 16 138 139 135
23 16 142 142 137
24 16 163 158 151
25 16 166 162 156
26 16 155 154 150
27 16 154 153 150
28 16 154 154 151
29 16 152 152 149
30 16 146 146 143
31 16 145 145 142
32 16 147 147 144
33 16 153 153 150
34 16 153 154 151
35 16 157 157 154
36 16 156 156 153
37 16 157 158 155
38 16 159 159 156
39 16 158 159 156
40 16 160 161 158
41 16 174 174 172
42 16 189 188 185
43 16 195 194 190
44 16 192 191 187
45 16 189 189 186
19 17 84 81 77
20 17 123 122 118
21 17 135 135 132
22 17 139 139 135
23 17 156 151 144
24 17 166 161 155
25 17 154 153 148
26 17 151 151 147
27 17 152 152 148
28 17 152 152 149
29 17 151 151 148
30 17 153 153 149
31 17 152 153 149
32 17 152 153 149
33 17 153 153 150
34 17 152 153 149
35 17 154 154 151
36 17 155 155 152
37 17 155 155 152
38 17 154 154 151
39 17 157 157 154
40 17 156 156 154
41 17 158 159 156
42 17 163 163 160
43 17 180 180 177
44 17 191 190 186
45 17 189 187 183
46 17 183 180 176
19 18 83 82 78
20 18 127 127 123
21 18 137 137 132
22 18 151 146 140
23 18 163 157 150
24 18 152 150 145
25 18 150 149 145
26 18 149 149 145
27 18 149 149 145
28 18 150 149 146
29 18 152 151 148
30 18 151 151 148
31 18 151 151 148
32 18 151 151 148
33 18 150 151 147
34 18 152 152 149
35 18 153 153 150
36 18 152 153 150
37 18 152 153 149
38 18 152 152 149
39 18 152 152 149
40 18 154 154 151
41 18 155 155 152
42 18 155 155 152
43 18 157 158 155
44 18 174 175 173
45 18 184 184 181
46 18 187 187 185
18 19 42 40 38
19 19 89 88 84
20 19 129 128 124
21 19 144 140 134
22 19 160 154 147
23 19 152 150 145
24 19 148 147 143
25 19 147 146 142
26 19 148 148 144
27 19 148 148 144
28 19 148 148 144
29 19 150 149 146
30 19 149 148 145
31 19 149 149 145
32 19 149 149 146
33 19 149 150 146
34 19 150 151 147
35 19 151 151 148
36 19 150 150 147
37 19 149 150 146
38 19 149 150 146
39 19 150 150 147
40 19 152 152 149
41 19 151 152 148
42 19 153 153 150
43 19 157 158 154
44 19 158 160 157
45 19 153 156 155
46 19 168 170 169
18 20 44 42 39
19 20 95 93 88
20 20 135 131 125
21 20 158 151 143
22 20 152 148 143
23 20 145 143 140
24 20 146 145 141
25 20 145 145 141
26 20 146 145 142
27 20 146 146 142
28 20 147 147 143
29 20 146 146 143
30 20 146 146 143
31 20 146 146 143
32 20 146 146 143
33 20 148 148 145
34 20 148 149 145
35 20 148 148 145
36 20 148 148 145
37 20 146 147 143
38 20 148 148 145
39 20 149 149 146
40 20 148 148 145
41 20 150 150 146
42 20 152 153 150
43 20 155 156 154
44 20 146 149 147
45 20 112 116 115
18 21 43 39 35
19 21 101 92 84
20 21 151 142 133
21 21 154 149 142
22 21 144 141 137
23 21 145 143 139
24 21 144 142 138
25 21 145 144 140
26 21 144 144 139
27 21 144 143 139
28 21 145 145 141
29 21 144 143 140
30 21 145 144 141
31 21 145 145 142
32 21 145 145 142
33 21 147 147 143
34 21 145 145 142
35 21 144 144 141
36 21 145 144 142
37 21 146 145 142
38 21 147 147 144
39 21 146 146 143
40 21 148 148 145
41 21 149 149 146
42 21 151 152 149
43 21 146 148 146
44 21 105 108 107
18 22 41 32 27
19 22 134 116 104
20 22 149 138 129
21 22 141 137 131
22 22 141 139 135
23 22 142 140 136
24 22 143 141 137
25 22 143 142 138
26 22 142 141 137
27 22 141 141 137
28 22 141 141 137
29 22 142 142 139
30 22 142 142 138
31 22 143 142 139
32 22 144 144 141
33 22 143 143 140
34 22 143 143 139
35 22 143 143 140
36 22 143 142 139
37 22 144 144 140
38 22 144 144 140
39 22 146 146 143
40 22 147 147 144
41 22 149 150 147
42 22 146 148 146
43 22 99 101 100
19 23 129 109 97
20 23 136 126 117
21 23 136 131 125
22 23 138 135 131
23 23 140 138 134
24 23 141 139 135
25 23 141 140 136
26 23 140 139 135
27 23 138 138 134
28 23 139 139 135
29 23 140 140 136
30 23 140 140 137
31 23 141 141 137
32 23 141 141 138
33 23 139 139 136
34 23 140 140 137
35 23 141 141 138
36 23 141 140 137
37 23 142 141 138
38 23 143 142 139
39 23 143 143 139
40 23 147 147 144
41 23 147 148 147
42 23 107 109 108
20 24 47 42 38
21 24 124 117 110
22 24 136 131 125
23 24 135 132 127
24 24 138 135 131
25 24 139 137 132
26 24 139 137 133
27 24 138 137 133
28 24 138 137 133
29 24 138 137 133
30 24 137 137 133
31 24 137 137 133
32 24 127 127 124
33 24 122 123 120
34 24 120 121 117
35 24 134 134 131
36 24 138 138 135
37 24 141 140 137
38 24 142 141 137
39 24 144 144 140
40 24 145 146 143
41 24 102 103 102
22 25 134 128 121
23 25 131 126 120
24 25 134 129 124
25 25 134 131 126
26 25 137 135 130
27 25 137 136 131
28 25 137 135 131
29 25 135 134 130
30 25 133 133 129
31 25 115 115 112
32 25 70 71 69
33 25 56 56 55
34 25 55 55 53
35 25 102 102 99
36 25 133 133 130
37 25 138 137 133
38 25 142 141 137
39 25 143 143 140
40 25 96 98 95
41 25 60 62 60
24 26 107 101 96
25 26 128 123 117
26 26 131 128 122
27 26 133 130 126
28 26 133 131 127
29 26 133 132 127
30 26 127 126 123
31 26 83 83 81
32 26 21 21 21
33 26 2 2 2
34 26 12 12 11
35 26 78 79 76
36 26 128 127 124
37 26 139 139 135
38 26 140 141 138
39 26 92 93 91
40 26 61 62 60
26 27 116 112 105
27 27 131 127 121
28 27 129 126 120
29 27 130 128 123
30 27 127 126 122
31 27 87 86 84
32 27 27 27 26
33 27 17 17 16
34 27 38 37 35
35 27 87 86 82
36 27 130 129 125
37 27 137 137 134
38 27 101 102 99
39 27 62 62 61
28 28 117 112 106
29 28 125 120 114
30 28 125 121 116
31 28 113 111 106
32 28 89 87 83
33 28 89 87 83
34 28 98 95 91
35 28 120 118 113
36 28 132 131 127
37 28 97 97 94
38 28 59 60 58
29 29 122 117 109
30 29 120 114 107
31 29 121 117 111
32 29 119 115 109
33 29 120 116 111
34 29 124 121 115
35 29 128 126 120
36 29 93 92 88
37 29 59 58 55
31 30 110 104 97
32 30 114 108 101
33 30 117 111 104
34 30 120 116 110
35 30 97 95 90
36 30 56 55 51
33 31 96 90 83
34 31 104 98 92
35 31 50 48 44
