31 1 156 147 139
32 1 160 152 146
33 1 172 165 160
29 2 164 157 148
30 2 166 159 151
31 2 169 163 156
32 2 175 170 164
33 2 179 175 170
34 2 183 180 175
35 2 187 183 180
27 3 163 157 148
28 3 168 162 155
29 3 171 166 159
30 3 174 170 163
31 3 177 173 167
32 3 178 175 169
33 3 180 178 172
34 3 185 184 179
35 3 190 189 186
36 3 194 192 190
25 4 160 154 145
26 4 168 163 156
27 4 171 166 160
28 4 175 172 166
29 4 178 175 170
30 4 179 177 171
31 4 179 177 172
32 4 181 179 174
33 4 183 181 176
34 4 185 184 180
35 4 192 191 188
36 4 195 195 193
37 4 197 197 195
24 5 168 163 156
25 5 171 167 161
26 5 176 173 167
27 5 178 176 171
28 5 181 179 174
29 5 182 180 175
30 5 182 181 176
31 5 184 182 178
32 5 184 183 178
33 5 186 185 181
34 5 188 187 183
35 5 191 191 187
36 5 195 195 192
37 5 197 198 196
38 5 199 200 198
39 5 198 200 199
22 6 167 163 156
23 6 171 168 161
24 6 176 174 168
25 6 179 177 172
26 6 180 179 175
27 6 182 181 177
28 6 183 183 179
29 6 184 184 180
30 6 185 185 182
31 6 187 186 183
32 6 188 187 184
33 6 189 189 185
34 6 190 190 186
35 6 192 192 189
36 6 194 194 191
37 6 197 197 194
38 6 199 200 198
39 6 202 203 202
40 6 203 204 204
20 7 166 161 154
21 7 168 164 158
22 7 169 166 161
23 7 171 170 165
24 7 176 175 170
25 7 181 180 176
26 7 182 182 178
27 7 184 184 180
28 7 182 182 179
29 7 177 177 174
30 7 174 174 171
31 7 183 183 181
32 7 190 190 187
33 7 191 192 189
34 7 192 192 189
35 7 190 190 188
36 7 183 183 181
37 7 179 179 176
38 7 189 190 187
39 7 201 202 200
40 7 203 205 204
41 7 204 206 206
18 8 163 152 143
19 8 171 165 159
20 8 170 166 162
21 8 158 156 152
22 8 138 137 133
23 8 123 122 118
24 8 143 143 139
25 8 177 177 173
26 8 183 183 180
27 8 177 178 175
28 8 151 152 149
29 8 117 117 115
30 8 100 100 98
31 8 148 148 145
32 8 186 187 184
33 8 193 194 191
34 8 185 187 184
35 8 157 158 156
36 8 114 115 113
37 8 93 94 91
38 8 136 137 134
39 8 190 191 189
40 8 204 206 204
41 8 206 208 207
42 8 202 204 204
43 8 187 187 184
17 9 164 146 134
18 9 172 161 152
19 9 175 171 166
20 9 162 161 158
21 9 107 107 105
22 9 45 45 43
23 9 41 41 40
24 9 128 128 125
25 9 177 178 175
26 9 183 183 181
27 9 160 161 158
28 9 80 81 79
29 9 21 22 21
30 9 58 59 57
31 9 144 145 143
32 9 186 187 185
33 9 192 193 191
34 9 171 173 171
35 9 95 97 96
36 9 20 21 20
37 9 52 53 52
38 9 133 136 134
39 9 189 190 188
40 9 204 205 203
41 9 205 207 206
42 9 200 202 202
43 9 199 201 200
17 10 151 144 136
18 10 165 155 146
19 10 179 174 169
20 10 156 156 152
21 10 105 106 104
22 10 86 86 84
23 10 130 130 127
24 10 168 169 166
25 10 186 186 183
26 10 185 186 183
27 10 168 169 167
28 10 132 133 131
29 10 117 119 116
30 10 156 157 155
31 10 184 185 183
32 10 194 195 193
33 10 195 196 194
34 10 182 183 182
35 10 153 155 154
36 10 133 135 134
37 10 158 159 158
38 10 185 186 185
39 10 199 201 199
40 10 203 204 202
41 10 201 202 200
42 10 197 199 198
43 10 200 203 203
18 11 119 112 105
19 11 165 159 153
20 11 178 175 170
21 11 171 171 167
22 11 170 170 167
23 11 181 181 178
24 11 187 186 184
25 11 189 189 186
26 11 190 190 187
27 11 187 187 185
28 11 184 185 182
29 11 184 184 182
30 11 191 192 190
31 11 196 197 195
32 11 197 198 196
33 11 198 199 197
34 11 197 198 196
35 11 194 195 194
36 11 194 195 193
37 11 198 199 197
38 11 200 201 199
39 11 196 197 195
40 11 184 185 183
41 11 186 187 184
42 11 193 195 193
43 11 198 200 199
18 12 52 51 47
19 12 110 104 98
20 12 174 169 163
21 12 188 185 182
22 12 188 188 185
23 12 190 190 187
24 12 191 190 187
25 12 192 191 189
26 12 192 192 189
27 12 193 193 190
28 12 193 194 191
29 12 195 196 193
30 12 197 197 195
31 12 198 198 196
32 12 199 199 197
33 12 199 200 198
34 12 201 202 200
35 12 202 203 200
36 12 202 202 200
37 12 200 201 199
38 12 186 187 185
39 12 149 151 148
40 12 108 109 106
41 12 149 150 147
42 12 188 189 187
43 12 192 194 193
19 13 50 49 46
20 13 118 113 107
21 13 182 178 173
22 13 191 189 186
23 13 191 191 187
24 13 193 192 189
25 13 192 192 189
26 13 193 193 190
27 13 195 195 192
28 13 196 196 193
29 13 197 197 195
30 13 197 198 195
31 13 199 200 197
32 13 200 200 198
33 13 200 201 199
34 13 201 201 199
35 13 200 201 198
36 13 196 197 195
37 13 182 183 181
38 13 133 135 132
39 13 50 51 50
40 13 17 17 17
41 13 112 112 109
42 13 181 181 178
43 13 187 189 187
44 13 197 199 198
19 14 52 51 48
20 14 48 47 45
21 14 140 134 128
22 14 187 184 178
23 14 192 191 187
24 14 193 193 190
25 14 195 194 192
26 14 194 194 192
27 14 196 196 193
28 14 197 198 195
29 14 198 198 196
30 14 198 199 196
31 14 201 201 199
32 14 201 201 199
33 14 200 201 199
34 14 194 195 193
35 14 181 182 180
36 14 176 178 176
37 14 171 173 172
38 14 91 94 93
39 14 8 8 8
40 14 52 52 50
41 14 136 135 132
42 14 178 178 175
43 14 184 185 183
44 14 195 196 195
19 15 56 54 51
20 15 50 49 46
21 15 49 48 46
22 15 155 151 144
23 15 190 187 182
24 15 194 193 189
25 15 195 195 192
26 15 196 196 193
27 15 197 198 195
28 15 198 198 195
29 15 199 200 197
30 15 199 200 198
31 15 200 200 198
32 15 198 198 196
33 15 185 186 183
34 15 148 149 146
35 15 107 109 106
36 15 122 124 123
37 15 161 164 164
38 15 114 117 116
39 15 77 78 76
40 15 127 127 124
41 15 167 167 163
42 15 181 180 177
43 15 183 183 180
44 15 188 189 187
20 16 55 53 50
21 16 52 51 48
22 16 75 75 72
23 16 165 160 153
24 16 194 191 186
25 16 196 195 192
26 16 197 197 194
27 16 198 198 195
28 16 199 199 197
29 16 199 199 197
30 16 198 199 197
31 16 195 195 193
32 16 182 184 181
33 16 132 134 131
34 16 50 52 50
35 16 12 12 12
36 16 77 79 77
37 16 161 163 162
38 16 164 166 164
39 16 158 158 155
40 16 168 168 165
41 16 176 176 172
42 16 177 177 172
43 16 177 177 173
44 16 184 183 180
20 17 58 56 53
21 17 55 54 51
22 17 55 55 52
23 17 82 78 73
24 17 172 167 159
25 17 196 193 187
26 17 198 197 193
27 17 198 197 194
28 17 197 197 194
29 17 192 193 190
30 17 179 180 178
31 17 173 175 172
32 17 168 170 168
33 17 97 100 98
34 17 8 9 8
35 17 40 40 39
36 17 122 123 120
37 17 170 171 168
38 17 179 179 176
39 17 178 178 175
40 17 177 177 173
41 17 175 174 170
42 17 173 172 167
43 17 173 172 167
44 17 172 171 167
21 18 57 56 53
22 18 57 56 53
23 18 57 57 55
24 18 99 96 91
25 18 177 172 165
26 18 193 190 184
27 18 193 192 188
28 18 180 181 178
29 18 147 148 146
30 18 101 102 100
31 18 109 110 108
32 18 147 151 149
33 18 120 123 122
34 18 78 79 77
35 18 118 119 116
36 18 161 161 158
37 18 177 177 174
38 18 178 178 175
39 18 177 176 173
40 18 175 174 170
41 18 171 170 165
42 18 169 167 161
43 18 167 165 160
44 18 167 165 160
45 18 178 176 172
21 19 56 54 50
22 19 58 56 53
23 19 59 58 56
24 19 59 60 57
25 19 120 115 108
26 19 184 179 172
27 19 178 178 174
28 19 127 128 125
29 19 36 37 35
30 19 10 10 10
31 19 61 62 60
32 19 148 150 148
33 19 167 169 166
34 19 159 160 157
35 19 168 168 165
36 19 175 175 172
37 19 177 177 174
38 19 176 176 172
39 19 173 173 169
40 19 167 167 162
41 19 154 153 147
42 19 136 134 128
43 19 149 146 141
44 19 162 160 155
45 19 172 171 166
22 20 55 52 48
23 20 57 55 53
24 20 60 60 57
25 20 69 68 65
26 20 170 166 158
27 20 170 169 165
28 20 94 94 91
29 20 8 8 8
30 20 32 33 32
31 20 110 111 108
32 20 165 166 163
33 20 180 180 177
34 20 179 179 176
35 20 178 177 174
36 20 177 177 174
37 20 175 174 171
38 20 173 173 169
39 20 168 168 164
40 20 146 146 141
41 20 94 93 89
42 20 50 49 46
43 20 119 117 111
44 20 155 153 148
45 20 164 161 156
22 21 51 47 43
23 21 54 52 49
24 21 58 57 55
25 21 59 59 56
26 21 141 138 131
27 21 166 163 158
28 21 117 117 115
29 21 75 75 73
30 21 112 113 110
31 21 156 156 153
32 21 176 176 173
33 21 180 180 177
34 21 177 177 174
35 21 176 176 173
36 21 174 174 170
37 21 169 169 165
38 21 165 165 161
39 21 154 154 150
40 21 93 93 90
41 21 18 18 17
42 21 32 31 29
43 21 113 110 105
44 21 149 145 139
45 21 150 145 139
23 22 52 50 46
24 22 55 54 51
25 22 57 56 54
26 22 93 92 88
27 22 170 167 161
28 22 167 166 163
29 22 159 159 156
30 22 166 166 163
31 22 175 175 172
32 22 179 178 175
33 22 177 177 173
34 22 176 176 172
35 22 172 172 169
36 22 159 160 156
37 22 139 139 135
38 22 126 126 122
39 22 142 142 138
40 22 82 83 80
41 22 40 39 37
42 22 93 90 85
43 22 134 130 123
44 22 139 133 126
45 22 127 120 112
46 22 142 134 126
24 23 52 50 47
25 23 53 53 50
26 23 55 55 52
27 23 154 150 143
28 23 178 176 172
29 23 178 178 175
30 23 178 178 175
31 23 177 177 174
32 23 177 176 173
33 23 175 174 171
34 23 173 173 170
35 23 160 160 156
36 23 114 114 110
37 23 56 56 53
38 23 51 51 49
39 23 131 131 127
40 23 128 127 123
41 23 121 118 113
42 23 134 130 124
43 23 133 128 121
44 23 109 103 96
45 23 74 68 63
24 24 52 51 48
25 24 52 50 48
26 24 48 47 45
27 24 107 104 99
28 24 174 170 165
29 24 178 177 173
30 24 177 177 174
31 24 176 175 172
32 24 173 173 170
33 24 170 170 166
34 24 166 166 163
35 24 136 136 133
36 24 40 40 39
37 24 8 8 7
38 24 77 76 73
39 24 139 138 133
40 24 150 148 142
41 24 141 137 132
42 24 128 123 117
43 24 46 43 39
25 25 52 50 48
26 25 46 44 42
27 25 51 51 49
28 25 160 156 149
29 25 176 174 169
30 25 175 174 171
31 25 165 165 162
32 25 148 148 145
33 25 136 136 132
34 25 142 142 138
35 25 135 135 133
36 25 60 60 58
37 25 76 75 71
38 25 126 124 119
39 25 148 145 139
40 25 140 137 131
41 25 118 113 107
26 26 47 46 43
27 26 41 40 38
28 26 119 115 110
29 26 173 170 164
30 26 167 166 163
31 26 132 132 129
32 26 71 71 69
33 26 45 44 42
34 26 105 105 102
35 26 149 148 145
36 26 133 132 128
37 26 138 136 130
38 26 142 139 133
39 26 135 131 125
40 26 48 46 42
27 27 43 41 38
28 27 64 62 59
29 27 160 156 149
30 27 148 146 143
31 27 68 68 65
32 27 4 4 4
33 27 45 45 43
34 27 130 128 125
35 27 156 155 151
36 27 153 150 145
37 27 141 137 132
38 27 121 117 111
28 28 41 39 36
29 28 127 121 114
30 28 130 125 119
31 28 62 60 58
32 28 62 61 58
33 28 114 112 108
34 28 146 144 140
35 28 150 147 142
36 28 138 134 128
37 28 49 47 44
28 29 45 41 39
29 29 97 90 84
30 29 147 140 133
31 29 137 134 129
32 29 137 135 130
33 29 146 143 138
34 29 140 137 132
35 29 114 110 105
29 30 86 83 79
30 30 152 143 135
31 30 154 148 140
32 30 147 142 136
33 30 130 125 120
34 30 47 44 41
30 31 150 139 130
31 31 141 130 120
32 31 53 48 43
