30 1 151 140 130
31 1 156 147 139
32 1 163 155 149
33 1 174 168 163
29 2 162 155 146
30 2 166 160 151
31 2 170 165 158
32 2 175 171 165
33 2 179 175 170
34 2 182 179 174
35 2 185 182 178
27 3 166 160 152
28 3 168 163 155
29 3 172 167 160
30 3 175 171 164
31 3 177 174 168
32 3 178 174 168
33 3 180 177 171
34 3 184 182 177
35 3 188 187 183
36 3 192 190 188
25 4 167 161 154
26 4 171 166 160
27 4 173 169 163
28 4 177 174 168
29 4 179 177 171
30 4 180 177 172
31 4 180 177 172
32 4 181 178 173
33 4 182 180 175
34 4 184 182 178
35 4 189 188 185
36 4 193 192 190
37 4 195 195 193
38 4 195 194 193
23 5 166 160 153
24 5 172 167 160
25 5 174 170 164
26 5 178 175 170
27 5 180 178 173
28 5 182 180 175
29 5 183 181 176
30 5 183 181 177
31 5 184 182 178
32 5 183 182 178
33 5 185 184 180
34 5 186 186 182
35 5 188 188 184
36 5 192 192 188
37 5 194 195 192
38 5 196 197 195
39 5 196 197 196
22 6 170 166 159
23 6 174 171 165
24 6 178 176 170
25 6 181 179 175
26 6 182 181 176
27 6 183 182 178
28 6 184 184 180
29 6 185 184 180
30 6 186 185 182
31 6 186 186 183
32 6 187 187 184
33 6 188 188 184
34 6 188 188 185
35 6 190 190 187
36 6 192 191 188
37 6 194 194 191
38 6 196 196 193
39 6 199 200 198
40 6 200 201 200
41 6 199 201 200
20 7 170 164 158
21 7 171 167 161
22 7 171 169 164
23 7 171 170 165
24 7 173 172 168
25 7 180 180 176
26 7 184 183 179
27 7 185 185 182
28 7 185 185 182
29 7 181 181 178
30 7 176 176 173
31 7 174 174 171
32 7 184 184 182
33 7 190 190 187
34 7 191 191 189
35 7 192 193 190
36 7 190 190 188
37 7 185 185 182
38 7 180 181 177
39 7 189 189 187
40 7 198 200 198
41 7 202 204 202
42 7 201 204 203
18 8 166 153 143
19 8 173 167 160
20 8 174 171 166
21 8 164 162 158
22 8 140 139 136
23 8 118 117 113
24 8 120 119 115
25 8 161 160 157
26 8 183 183 180
27 8 185 186 183
28 8 174 175 172
29 8 143 144 141
30 8 110 111 108
31 8 100 100 98
32 8 150 151 148
33 8 186 187 184
34 8 193 194 191
35 8 188 189 187
36 8 165 167 165
37 8 125 126 124
38 8 103 104 101
39 8 130 131 128
40 8 182 183 181
41 8 201 202 201
42 8 203 205 204
43 8 202 204 204
44 8 194 196 195
17 9 159 142 130
18 9 172 160 150
19 9 180 175 169
20 9 174 173 169
21 9 133 133 130
22 9 57 57 55
23 9 19 19 18
24 9 64 64 62
25 9 152 152 150
26 9 184 184 181
27 9 185 186 183
28 9 158 159 156
29 9 77 78 76
30 9 18 18 17
31 9 43 44 43
32 9 132 133 131
33 9 183 184 182
34 9 193 194 192
35 9 182 184 182
36 9 124 127 125
37 9 36 37 37
38 9 20 20 20
39 9 83 85 83
40 9 168 170 168
41 9 200 201 199
42 9 203 205 203
43 9 202 204 203
44 9 196 198 198
17 10 49 46 42
18 10 147 138 129
19 10 177 171 164
20 10 177 174 170
21 10 142 142 139
22 10 105 106 103
23 10 101 101 98
24 10 144 145 142
25 10 177 177 175
26 10 188 188 185
27 10 187 188 185
28 10 174 175 172
29 10 141 142 140
30 10 116 118 115
31 10 146 148 145
32 10 179 180 178
33 10 193 194 192
34 10 196 197 195
35 10 190 191 190
36 10 165 167 166
37 10 135 138 136
38 10 134 136 134
39 10 165 166 165
40 10 191 192 191
41 10 201 202 201
42 10 202 203 201
43 10 199 201 200
44 10 195 197 197
18 11 53 51 47
19 11 128 123 116
20 11 177 172 166
21 11 179 177 173
22 11 175 174 171
23 11 176 176 173
24 11 184 184 181
25 11 189 189 186
26 11 191 191 189
27 11 191 191 189
28 11 189 189 187
29 11 186 187 184
30 11 183 184 182
31 11 190 191 189
32 11 195 196 194
33 11 197 198 196
34 11 198 199 197
35 11 197 198 196
36 11 194 196 194
37 11 192 194 192
38 11 194 195 193
39 11 197 198 196
40 11 199 200 199
41 11 193 194 192
42 11 185 186 184
43 11 192 193 191
44 11 192 195 194
18 12 50 49 46
19 12 44 43 40
20 12 121 117 111
21 12 178 174 168
22 12 190 187 183
23 12 191 191 187
24 12 192 191 188
25 12 193 192 189
26 12 193 193 190
27 12 193 193 191
28 12 193 193 191
29 12 195 195 192
30 12 196 196 193
31 12 197 197 195
32 12 198 198 196
33 12 198 198 196
34 12 199 200 198
35 12 200 201 199
36 12 201 202 200
37 12 202 203 201
38 12 201 202 200
39 12 200 200 199
40 12 180 182 179
41 12 134 136 133
42 12 139 139 136
43 12 185 185 183
44 12 190 192 191
18 13 51 49 46
19 13 43 42 40
20 13 29 29 28
21 13 117 114 108
22 13 181 177 171
23 13 192 190 185
24 13 194 193 189
25 13 193 193 189
26 13 194 194 191
27 13 195 195 192
28 13 195 195 193
29 13 197 197 194
30 13 197 197 194
31 13 198 199 196
32 13 198 199 196
33 13 199 199 197
34 13 200 200 198
35 13 201 202 199
36 13 201 202 200
37 13 201 201 199
38 13 197 198 196
39 13 173 174 172
40 13 96 97 95
41 13 21 21 20
42 13 109 109 106
43 13 182 182 180
44 13 186 188 186
18 14 53 51 47
19 14 49 47 44
20 14 33 32 31
21 14 41 41 40
22 14 113 110 105
23 14 178 174 168
24 14 193 191 186
25 14 195 194 191
26 14 195 195 192
27 14 196 196 193
28 14 197 197 195
29 14 198 198 195
30 14 197 198 195
31 14 199 200 197
32 14 200 201 198
33 14 201 202 199
34 14 201 202 200
35 14 201 201 199
36 14 196 197 195
37 14 184 185 183
38 14 180 181 180
39 14 148 150 149
40 14 30 31 30
41 14 47 47 46
42 14 140 139 136
43 14 181 181 178
44 14 182 183 181
19 15 55 53 50
20 15 49 48 46
21 15 39 39 38
22 15 56 56 54
23 15 104 102 97
24 15 176 171 165
25 15 194 191 187
26 15 196 195 192
27 15 197 197 194
28 15 197 197 195
29 15 198 199 196
30 15 199 199 196
31 15 200 200 198
32 15 201 201 199
33 15 201 202 199
34 15 199 200 198
35 15 188 189 187
36 15 148 150 147
37 15 104 105 103
38 15 145 148 147
39 15 144 147 146
40 15 78 79 77
41 15 129 130 127
42 15 171 171 167
43 15 181 180 177
44 15 176 177 174
45 15 187 188 186
19 16 57 54 50
20 16 58 56 53
21 16 53 52 50
22 16 56 57 55
23 16 61 61 59
24 16 99 97 94
25 16 174 169 163
26 16 195 192 187
27 16 197 196 193
28 16 199 199 196
29 16 199 199 197
30 16 200 201 198
31 16 200 201 198
32 16 200 200 198
33 16 199 200 198
34 16 186 187 185
35 16 136 137 135
36 16 42 43 42
37 16 32 33 32
38 16 136 139 137
39 16 167 169 168
40 16 159 159 156
41 16 170 170 166
42 16 176 176 172
43 16 175 175 170
44 16 172 172 168
45 16 184 185 182
19 17 55 52 48
20 17 58 56 52
21 17 59 58 56
22 17 59 59 57
23 17 60 61 58
24 17 61 61 59
25 17 89 89 86
26 17 171 166 160
27 17 196 193 187
28 17 199 197 193
29 17 199 199 195
30 17 199 199 196
31 17 196 196 194
32 17 186 187 184
33 17 176 178 175
34 17 169 171 169
35 17 85 88 86
36 17 16 16 16
37 17 92 93 90
38 17 162 163 160
39 17 179 179 176
40 17 177 177 174
41 17 176 175 171
42 17 174 172 168
43 17 171 170 165
44 17 168 166 162
45 17 178 177 173
20 18 57 54 51
21 18 60 58 55
22 18 60 60 57
23 18 59 59 57
24 18 60 61 58
25 18 61 62 59
26 18 86 86 83
27 18 164 160 153
28 18 191 187 180
29 18 195 193 189
30 18 190 190 187
31 18 161 162 159
32 18 111 113 110
33 18 111 112 110
34 18 148 152 150
35 18 106 109 107
36 18 102 103 100
37 18 153 154 150
38 18 176 177 173
39 18 177 177 174
40 18 176 176 172
41 18 172 172 167
42 18 168 166 161
43 18 165 163 157
44 18 160 159 154
45 18 172 170 165
20 19 55 51 47
21 19 59 57 53
22 19 60 59 57
23 19 60 59 57
24 19 60 60 57
25 19 60 60 58
26 19 61 61 59
27 19 74 74 72
28 19 167 163 157
29 19 189 186 181
30 19 157 157 153
31 19 74 75 73
32 19 14 15 14
33 19 82 84 82
34 19 162 163 161
35 19 166 167 164
36 19 166 166 163
37 19 175 175 172
38 19 178 177 174
39 19 175 175 171
40 19 170 170 166
41 19 156 155 150
42 19 133 131 126
43 19 146 144 138
44 19 155 154 148
45 19 169 167 162
20 20 54 49 45
21 20 56 53 49
22 20 59 58 55
23 20 59 59 56
24 20 60 60 57
25 20 59 59 57
26 20 60 60 57
27 20 61 62 59
28 20 155 153 149
29 20 178 176 170
30 20 124 124 121
31 20 14 14 13
32 20 47 47 46
33 20 136 137 133
34 20 176 177 174
35 20 181 181 178
36 20 179 179 176
37 20 176 176 173
38 20 175 175 171
39 20 171 171 167
40 20 154 154 150
41 20 102 102 97
42 20 51 50 47
43 20 129 126 120
44 20 150 147 142
45 20 163 160 155
21 21 51 46 42
22 21 56 53 50
23 21 59 58 55
24 21 59 58 56
25 21 59 59 57
26 21 59 59 57
27 21 60 60 58
28 21 132 132 129
29 21 170 166 160
30 21 127 127 124
31 21 82 83 80
32 21 129 130 127
33 21 170 170 167
34 21 180 179 176
35 21 179 179 176
36 21 177 177 173
37 21 173 173 169
38 21 167 167 163
39 21 160 160 156
40 21 114 114 110
41 21 23 23 21
42 21 54 52 49
43 21 130 127 120
44 21 140 135 129
45 21 148 142 136
21 22 45 41 36
22 22 52 48 45
23 22 57 55 52
24 22 59 58 56
25 22 58 58 56
26 22 58 58 56
27 22 60 59 57
28 22 97 98 95
29 22 174 170 164
30 22 169 168 165
31 22 163 163 161
32 22 172 172 169
33 22 179 179 176
34 22 179 178 175
35 22 177 177 174
36 22 170 170 166
37 22 151 151 147
38 22 124 124 120
39 22 134 134 131
40 22 103 103 100
41 22 59 57 54
42 22 113 109 104
43 22 136 131 125
44 22 115 108 101
45 22 148 140 132
22 23 45 43 40
23 23 53 51 48
24 23 56 55 52
25 23 57 57 54
26 23 56 56 54
27 23 56 56 54
28 23 70 70 68
29 23 169 167 161
30 23 180 179 175
31 23 180 180 177
32 23 179 179 176
33 23 178 178 175
34 23 177 176 173
35 23 173 173 169
36 23 148 148 145
37 23 82 82 79
38 23 40 40 38
39 23 119 119 115
40 23 133 132 127
41 23 129 125 120
42 23 134 129 123
43 23 122 116 109
44 23 43 40 36
23 24 48 46 43
24 24 52 51 48
25 24 55 54 51
26 24 52 52 49
27 24 47 47 45
28 24 56 55 53
29 24 153 150 145
30 24 180 177 173
31 24 180 179 176
32 24 178 178 175
33 24 174 174 171
34 24 170 170 167
35 24 163 163 160
36 24 102 102 99
37 24 11 12 11
38 24 72 71 67
39 24 138 136 131
40 24 147 144 139
41 24 134 130 124
42 24 111 105 99
24 25 46 44 41
25 25 52 51 48
26 25 51 50 48
27 25 34 34 33
28 25 42 42 40
29 25 131 128 124
30 25 176 172 167
31 25 178 177 173
32 25 168 168 165
33 25 147 147 144
34 25 134 133 130
35 25 144 144 141
36 25 104 104 102
37 25 78 77 73
38 25 128 125 120
39 25 144 141 135
40 25 134 130 124
41 25 48 45 42
25 26 46 45 42
26 26 49 47 44
27 26 36 35 33
28 26 25 25 24
29 26 93 93 89
30 26 171 166 160
31 26 169 168 165
32 26 134 134 131
33 26 60 61 59
34 26 62 61 59
35 26 138 138 134
36 26 144 143 139
37 26 139 137 132
38 26 138 135 129
39 26 114 110 105
26 27 43 41 38
27 27 41 39 37
28 27 30 28 27
29 27 57 57 55
30 27 160 156 150
31 27 149 147 143
32 27 61 61 58
33 27 14 14 13
34 27 100 99 96
35 27 152 150 146
36 27 153 151 146
37 27 137 134 128
38 27 52 50 47
27 28 40 38 36
28 28 37 36 33
29 28 42 41 38
30 28 134 130 124
31 28 123 119 113
32 28 58 57 54
33 28 95 94 90
34 28 140 138 133
35 28 149 146 141
36 28 134 130 124
37 28 48 46 42
28 29 39 37 34
29 29 43 41 38
30 29 116 111 105
31 29 148 142 135
32 29 138 135 130
33 29 144 141 136
34 29 140 137 132
35 29 117 113 107
29 30 41 38 35
30 30 105 98 91
31 30 154 145 136
32 30 152 146 139
33 30 139 135 129
34 30 50 47 44
30 31 116 103 93
31 31 149 135 124
32 31 122 113 105
