31 0 175 170 161
32 0 177 170 160
33 0 174 166 156
30 1 183 183 180
31 1 188 187 183
32 1 190 186 179
33 1 188 182 175
34 1 187 181 178
28 2 180 180 177
29 2 185 186 183
30 2 186 187 185
31 2 186 187 184
32 2 193 192 188
33 2 193 188 183
34 2 191 183 179
27 3 180 181 179
28 3 184 185 182
29 3 178 179 177
30 3 156 157 155
31 3 139 140 138
32 3 179 179 177
33 3 195 192 188
34 3 195 187 183
35 3 191 181 179
25 4 178 179 176
26 4 183 184 181
27 4 186 187 185
28 4 178 179 176
29 4 134 135 133
30 4 61 61 60
31 4 52 53 51
32 4 158 159 157
33 4 194 193 190
34 4 198 191 186
35 4 197 185 182
36 4 186 174 171
23 5 170 171 168
24 5 180 180 177
25 5 184 184 182
26 5 188 189 186
27 5 188 189 187
28 5 173 174 172
29 5 87 87 85
30 5 52 52 51
31 5 122 123 121
32 5 174 175 172
33 5 195 194 192
34 5 198 195 191
35 5 199 188 184
36 5 191 176 174
37 5 175 168 164
22 6 173 174 171
23 6 180 180 178
24 6 185 186 183
25 6 188 188 186
26 6 189 189 187
27 6 189 189 187
28 6 182 182 180
29 6 144 145 142
30 6 150 151 148
31 6 179 179 177
32 6 193 193 190
33 6 198 197 195
34 6 198 196 193
35 6 200 192 188
36 6 197 182 179
37 6 185 174 171
20 7 167 169 166
21 7 175 176 174
22 7 178 179 177
23 7 183 184 181
24 7 186 187 184
25 7 187 188 185
26 7 188 188 186
27 7 189 189 187
28 7 188 189 186
29 7 184 185 182
30 7 188 188 186
31 7 193 193 191
32 7 196 196 194
33 7 197 197 195
34 7 199 198 195
35 7 200 196 192
36 7 200 188 185
37 7 189 174 172
38 7 167 161 157
19 8 172 174 171
20 8 172 174 172
21 8 165 167 165
22 8 157 159 157
23 8 168 170 168
24 8 184 185 182
25 8 186 187 184
26 8 186 186 184
27 8 185 185 183
28 8 186 186 184
29 8 189 190 188
30 8 193 193 191
31 8 194 194 191
32 8 195 195 193
33 8 198 197 195
34 8 198 198 196
35 8 199 197 194
36 8 201 193 189
37 8 196 179 178
38 8 175 167 164
39 8 159 158 154
17 9 160 162 160
18 9 171 173 172
19 9 175 177 175
20 9 158 160 158
21 9 108 110 108
22 9 68 70 68
23 9 130 131 129
24 9 179 180 177
25 9 183 184 181
26 9 170 171 169
27 9 148 149 147
28 9 151 152 151
29 9 179 181 179
30 9 192 193 190
31 9 194 194 192
32 9 193 194 191
33 9 189 189 186
34 9 187 187 185
35 9 194 193 191
36 9 200 195 191
37 9 199 185 181
38 9 184 170 168
39 9 165 163 159
17 10 172 176 175
18 10 175 178 177
19 10 173 175 173
20 10 126 128 125
21 10 31 32 31
22 10 63 64 63
23 10 145 147 145
24 10 178 179 176
25 10 169 170 167
26 10 117 118 115
27 10 45 45 44
28 10 64 65 64
29 10 160 161 159
30 10 190 191 189
31 10 190 191 188
32 10 171 171 168
33 10 136 136 134
34 10 126 127 125
35 10 165 165 163
36 10 192 189 185
37 10 199 189 185
38 10 192 173 170
39 10 166 160 156
40 10 154 152 147
18 11 180 182 181
19 11 170 172 170
20 11 118 119 116
21 11 86 86 85
22 11 131 133 131
23 11 171 172 170
24 11 180 180 178
25 11 157 158 154
26 11 63 64 61
27 11 27 27 26
28 11 100 102 99
29 11 167 168 166
30 11 189 189 187
31 11 181 181 178
32 11 123 123 120
33 11 37 38 36
34 11 26 26 25
35 11 136 135 134
36 11 191 189 186
37 11 200 194 189
38 11 197 181 177
39 11 177 159 156
40 11 163 160 156
41 11 152 149 144
18 12 181 184 183
19 12 179 181 178
20 12 168 168 165
21 12 162 162 160
22 12 170 170 168
23 12 181 181 178
24 12 180 180 177
25 12 159 160 157
26 12 104 104 101
27 12 104 104 100
28 12 155 155 152
29 12 185 185 182
30 12 190 190 187
31 12 165 165 162
32 12 60 60 58
33 12 10 11 10
34 12 59 59 58
35 12 158 158 156
36 12 195 194 191
37 12 200 195 190
38 12 195 183 177
39 12 186 161 157
40 12 169 162 158
41 12 161 159 154
18 13 182 184 183
19 13 183 184 182
20 13 181 181 178
21 13 179 178 175
22 13 181 180 177
23 13 181 181 178
24 13 181 182 179
25 13 176 176 174
26 13 168 168 165
27 13 169 169 166
28 13 181 180 178
29 13 190 189 186
30 13 190 190 187
31 13 176 176 173
32 13 113 113 109
33 13 98 98 96
34 13 137 137 134
35 13 184 183 181
36 13 197 194 191
37 13 190 184 179
38 13 178 168 160
39 13 185 169 163
40 13 180 168 164
41 13 166 164 160
42 13 158 157 153
18 14 182 184 183
19 14 183 184 182
20 14 184 183 180
21 14 181 180 177
22 14 180 180 177
23 14 181 181 178
24 14 180 181 178
25 14 181 182 179
26 14 182 182 180
27 14 184 184 182
28 14 188 188 185
29 14 190 189 187
30 14 190 190 186
31 14 189 189 185
32 14 181 181 177
33 14 179 179 175
34 14 187 185 182
35 14 192 190 186
36 14 180 175 171
37 14 143 137 131
38 14 113 107 100
39 14 163 154 147
40 14 184 172 167
41 14 174 170 166
42 14 165 163 158
19 15 183 184 183
20 15 184 184 181
21 15 181 181 178
22 15 178 178 175
23 15 172 173 170
24 15 165 166 163
25 15 166 167 164
26 15 180 180 178
27 15 186 185 182
28 15 187 187 184
29 15 190 189 186
30 15 191 189 186
31 15 192 191 187
32 15 193 192 188
33 15 193 192 188
34 15 184 181 177
35 15 157 153 148
36 15 103 99 94
37 15 71 68 63
38 15 77 74 70
39 15 120 116 110
40 15 172 164 159
41 15 180 173 169
42 15 172 169 165
43 15 164 161 156
19 16 183 184 183
20 16 184 184 182
21 16 181 181 178
22 16 172 172 169
23 16 141 141 137
24 16 103 103 100
25 16 107 108 105
26 16 167 168 165
27 16 185 184 181
28 16 188 187 183
29 16 190 188 184
30 16 191 189 186
31 16 192 190 187
32 16 190 187 184
33 16 173 171 166
34 16 123 119 114
35 16 72 70 66
36 16 31 30 28
37 16 23 22 20
38 16 38 37 35
39 16 91 88 84
40 16 139 134 128
41 16 176 170 165
42 16 175 171 167
43 16 169 166 160
19 17 182 183 181
20 17 183 183 181
21 17 179 178 175
22 17 151 151 148
23 17 80 79 77
24 17 23 23 22
25 17 73 73 70
26 17 161 160 156
27 17 185 184 180
28 17 188 186 182
29 17 189 187 182
30 17 189 187 183
31 17 181 179 175
32 17 151 148 144
33 17 102 100 96
34 17 63 62 58
35 17 19 18 17
36 17 1 1 1
37 17 10 10 10
38 17 44 44 42
39 17 83 81 77
40 17 97 95 90
41 17 148 143 137
42 17 176 171 166
43 17 171 168 163
44 17 163 159 154
19 18 180 181 179
20 18 181 181 178
21 18 176 176 172
22 18 140 139 135
23 18 40 39 37
24 18 17 17 16
25 18 115 114 111
26 18 174 173 169
27 18 185 183 178
28 18 187 185 181
29 18 184 182 179
30 18 159 157 153
31 18 116 115 111
32 18 96 96 92
33 18 91 91 87
34 18 61 61 58
35 18 32 32 31
36 18 33 33 32
37 18 53 52 51
38 18 78 77 74
39 18 91 90 86
40 18 94 92 87
41 18 104 102 96
42 18 159 155 148
43 18 174 171 165
44 18 167 162 156
20 19 179 178 174
21 19 177 176 172
22 19 156 155 150
23 19 110 108 103
24 19 116 114 109
25 19 162 160 155
26 19 182 180 176
27 19 181 180 176
28 19 169 168 165
29 19 130 130 126
30 19 105 104 100
31 19 97 97 93
32 19 97 97 93
33 19 96 96 93
34 19 85 84 82
35 19 79 78 76
36 19 77 77 75
37 19 85 85 82
38 19 92 92 88
39 19 94 93 88
40 19 95 94 89
41 19 99 97 92
42 19 114 111 106
43 19 161 157 151
44 19 171 167 162
45 19 161 155 148
20 20 178 176 172
21 20 179 177 173
22 20 175 173 168
23 20 167 164 159
24 20 173 171 165
25 20 179 178 174
26 20 175 175 172
27 20 143 144 141
28 20 107 107 104
29 20 97 97 93
30 20 98 98 94
31 20 97 97 94
32 20 97 96 93
33 20 97 97 94
34 20 96 96 93
35 20 95 94 91
36 20 93 93 90
37 20 93 93 90
38 20 91 91 87
39 20 94 93 89
40 20 94 93 89
41 20 83 81 78
42 20 86 85 81
43 20 123 120 115
44 20 163 159 153
45 20 161 155 148
20 21 175 172 169
21 21 178 176 172
22 21 179 177 172
23 21 180 178 174
24 21 176 176 172
25 21 149 150 147
26 21 97 98 95
27 21 65 66 63
28 21 65 65 63
29 21 82 82 80
30 21 96 96 93
31 21 97 97 94
32 21 97 97 94
33 21 97 96 94
34 21 96 95 93
35 21 96 95 92
36 21 95 94 91
37 21 93 93 90
38 21 93 93 90
39 21 85 84 81
40 21 66 65 62
41 21 51 50 47
42 21 45 44 42
43 21 76 75 72
44 21 133 129 123
45 21 162 156 149
46 21 161 156 150
20 22 169 166 162
21 22 174 172 169
22 22 175 174 170
23 22 161 162 159
24 22 122 123 120
25 22 64 65 63
26 22 29 29 27
27 22 13 13 13
28 22 21 21 21
29 22 67 69 68
30 22 93 94 91
31 22 96 96 93
32 22 97 96 94
33 22 96 95 93
34 22 96 95 92
35 22 96 95 93
36 22 95 94 92
37 22 94 94 91
38 22 89 89 86
39 22 66 65 62
40 22 25 24 22
41 22 9 9 8
42 22 15 15 15
43 22 65 65 62
44 22 94 89 85
45 22 140 128 119
46 22 166 153 144
21 23 160 160 158
22 23 141 143 141
23 23 107 108 106
24 23 81 82 80
25 23 32 33 32
26 23 10 10 10
27 23 18 19 19
28 23 45 47 46
29 23 83 84 83
30 23 95 95 93
31 23 96 96 93
32 23 95 95 92
33 23 95 95 92
34 23 95 94 92
35 23 95 95 92
36 23 93 92 90
37 23 94 93 91
38 23 86 85 83
39 23 54 53 51
40 23 25 25 24
41 23 29 28 27
42 23 54 52 49
43 23 80 76 72
44 23 91 85 80
45 23 58 52 47
22 24 130 132 129
23 24 104 105 103
24 24 90 91 89
25 24 65 67 65
26 24 61 63 61
27 24 70 73 72
28 24 82 84 82
29 24 93 94 92
30 24 95 96 93
31 24 95 96 93
32 24 95 95 92
33 24 94 94 91
34 24 94 94 91
35 24 95 94 91
36 24 94 93 91
37 24 94 93 90
38 24 91 90 87
39 24 79 78 76
40 24 75 73 70
41 24 70 67 63
42 24 72 68 64
43 24 94 88 82
23 25 148 150 148
24 25 109 110 108
25 25 94 96 93
26 25 93 94 92
27 25 94 95 93
28 25 95 95 93
29 25 95 95 93
30 25 94 95 92
31 25 92 92 90
32 25 88 88 85
33 25 87 87 84
34 25 91 90 88
35 25 93 93 90
36 25 94 94 91
37 25 93 92 89
38 25 93 91 89
39 25 93 90 86
40 25 89 86 81
41 25 93 88 83
42 25 59 54 50
24 26 64 65 64
25 26 104 105 103
26 26 99 100 98
27 26 96 97 94
28 26 95 95 93
29 26 94 95 92
30 26 85 86 83
31 26 64 65 63
32 26 48 48 46
33 26 47 48 46
34 26 71 72 70
35 26 91 91 88
36 26 93 92 89
37 26 94 92 88
38 26 86 83 79
39 26 101 96 90
40 26 61 57 53
26 27 101 102 99
27 27 103 103 101
28 27 96 96 93
29 27 91 91 89
30 27 58 58 56
31 27 19 19 18
32 27 6 6 6
33 27 23 24 24
34 27 70 71 69
35 27 91 89 87
36 27 91 88 84
37 27 98 94 89
38 27 63 59 55
27 28 126 127 124
28 28 100 100 98
29 28 88 89 87
30 28 55 55 53
31 28 35 36 35
32 28 41 42 41
33 28 60 60 58
34 28 78 77 74
35 28 89 86 82
36 28 62 59 55
28 29 142 143 140
29 29 102 103 101
30 29 85 85 83
31 29 80 79 77
32 29 78 76 73
33 29 74 72 69
34 29 96 92 86
29 30 65 65 63
30 30 98 96 92
31 30 87 84 79
32 30 93 89 84
33 30 60 56 51
31 31 52 48 43
