30 1 157 147 137
31 1 158 149 142
32 1 168 161 156
33 1 176 170 166
28 2 161 153 143
29 2 165 159 150
30 2 169 163 155
31 2 173 168 161
32 2 176 172 166
33 2 178 175 170
34 2 181 177 173
35 2 185 181 178
27 3 168 162 154
28 3 171 166 158
29 3 174 169 163
30 3 176 173 166
31 3 178 174 168
32 3 178 174 168
33 3 179 176 170
34 3 182 180 175
35 3 185 184 180
36 3 189 187 185
25 4 172 167 159
26 4 173 168 161
27 4 176 172 166
28 4 179 176 171
29 4 181 178 173
30 4 181 178 173
31 4 180 178 172
32 4 180 178 173
33 4 181 178 173
34 4 182 180 176
35 4 186 185 181
36 4 189 188 185
37 4 191 191 189
38 4 191 191 189
23 5 170 164 156
24 5 175 170 163
25 5 177 174 168
26 5 181 178 173
27 5 182 180 175
28 5 184 182 177
29 5 184 182 178
30 5 184 182 177
31 5 184 182 178
32 5 183 182 177
33 5 184 182 178
34 5 185 184 180
35 5 185 185 181
36 5 188 188 184
37 5 190 190 187
38 5 192 192 190
39 5 192 193 191
40 5 192 193 192
22 6 175 170 163
23 6 177 173 167
24 6 181 178 173
25 6 184 182 178
26 6 184 183 179
27 6 185 184 180
28 6 186 185 181
29 6 186 185 182
30 6 186 186 182
31 6 186 186 183
32 6 186 186 183
33 6 187 187 184
34 6 187 187 183
35 6 187 187 184
36 6 188 188 185
37 6 190 189 186
38 6 191 191 188
39 6 194 194 192
40 6 195 196 194
41 6 194 196 195
42 6 194 196 195
20 7 174 168 160
21 7 177 172 166
22 7 177 174 168
23 7 174 172 168
24 7 172 171 167
25 7 172 171 167
26 7 180 180 176
27 7 186 186 182
28 7 187 187 184
29 7 187 187 184
30 7 184 184 181
31 7 178 178 175
32 7 173 173 170
33 7 181 181 178
34 7 188 188 185
35 7 190 191 188
36 7 191 191 188
37 7 190 190 188
38 7 187 187 184
39 7 183 183 180
40 7 187 188 185
41 7 195 196 194
42 7 197 198 197
43 7 196 198 197
18 8 159 139 125
19 8 175 163 153
20 8 180 174 168
21 8 181 179 174
22 8 168 167 164
23 8 133 133 129
24 8 104 104 100
25 8 104 103 100
26 8 144 144 140
27 8 181 181 178
28 8 187 188 185
29 8 184 184 181
30 8 161 161 158
31 8 120 120 118
32 8 97 98 95
33 8 128 128 125
34 8 172 172 170
35 8 190 190 188
36 8 192 193 190
37 8 182 184 181
38 8 151 152 150
39 8 120 120 117
40 8 131 132 129
41 8 170 171 168
42 8 192 194 192
43 8 198 200 198
44 8 197 200 199
45 8 193 195 194
18 9 168 157 145
19 9 177 166 156
20 9 187 180 174
21 9 183 181 177
22 9 155 154 152
23 9 73 74 72
24 9 21 21 20
25 9 26 26 25
26 9 109 109 106
27 9 177 177 174
28 9 189 189 186
29 9 183 184 181
30 9 141 142 140
31 9 56 57 56
32 9 16 16 16
33 9 50 50 49
34 9 147 148 146
35 9 188 188 186
36 9 193 194 192
37 9 174 176 174
38 9 103 106 104
39 9 28 29 28
40 9 20 21 20
41 9 108 110 107
42 9 179 180 178
43 9 199 200 198
44 9 199 201 200
45 9 194 196 195
46 9 180 180 178
18 10 59 54 48
19 10 129 124 117
20 10 176 171 166
21 10 188 184 179
22 10 173 171 167
23 10 137 137 134
24 10 118 119 116
25 10 122 122 119
26 10 161 162 159
27 10 185 185 183
28 10 192 192 189
29 10 189 189 187
30 10 173 174 172
31 10 145 147 145
32 10 121 122 120
33 10 140 142 140
34 10 179 180 178
35 10 194 195 192
36 10 195 196 194
37 10 187 189 187
38 10 160 163 161
39 10 127 129 128
40 10 114 116 115
41 10 154 156 155
42 10 188 189 188
43 10 198 200 198
44 10 197 198 197
45 10 184 186 185
46 10 187 187 186
18 11 58 54 49
19 11 60 58 54
20 11 95 95 92
21 11 164 162 158
22 11 186 182 178
23 11 184 181 177
24 11 181 180 177
25 11 182 182 179
26 11 190 190 187
27 11 192 192 190
28 11 193 193 191
29 11 194 194 191
30 11 191 192 189
31 11 189 190 187
32 11 185 186 183
33 11 189 190 187
34 11 195 196 194
35 11 196 197 195
36 11 197 198 196
37 11 197 198 196
38 11 193 195 193
39 11 188 190 188
40 11 188 189 187
41 11 193 195 193
42 11 196 197 196
43 11 192 193 191
44 11 186 187 185
45 11 174 176 175
18 12 56 53 49
19 12 54 53 50
20 12 35 35 34
21 12 35 36 34
22 12 144 143 139
23 12 183 180 176
24 12 193 190 185
25 12 194 193 189
26 12 195 194 191
27 12 195 195 192
28 12 195 195 192
29 12 196 196 193
30 12 196 196 193
31 12 196 196 193
32 12 196 197 194
33 12 197 197 194
34 12 198 198 196
35 12 198 199 196
36 12 198 199 197
37 12 200 200 198
38 12 199 200 198
39 12 201 202 200
40 12 200 201 199
41 12 198 199 197
42 12 180 181 179
43 12 146 147 144
44 12 175 176 174
45 12 175 176 175
18 13 57 54 50
19 13 55 53 50
20 13 28 29 28
21 13 6 7 6
22 13 35 36 35
23 13 110 111 108
24 13 175 172 168
25 13 193 190 185
26 13 195 193 189
27 13 197 196 193
28 13 197 197 193
29 13 198 197 194
30 13 197 197 194
31 13 198 198 195
32 13 197 198 195
33 13 198 198 195
34 13 198 198 196
35 13 199 199 197
36 13 200 200 198
37 13 200 201 199
38 13 201 202 200
39 13 202 202 200
40 13 199 199 197
41 13 180 181 179
42 13 105 106 104
43 13 117 118 115
44 13 172 172 170
45 13 179 180 178
18 14 56 53 48
19 14 57 55 52
20 14 45 45 43
21 14 16 16 16
22 14 20 20 19
23 14 54 54 53
24 14 76 76 74
25 14 155 154 149
26 14 189 186 181
27 14 196 194 189
28 14 198 197 193
29 14 198 198 195
30 14 197 197 195
31 14 199 199 196
32 14 199 200 197
33 14 200 200 198
34 14 200 200 197
35 14 200 201 198
36 14 201 201 199
37 14 202 202 200
38 14 201 202 200
39 14 195 196 193
40 14 180 181 179
41 14 137 139 138
42 14 68 68 66
43 14 146 146 142
44 14 167 167 165
45 14 175 176 173
18 15 57 53 49
19 15 59 57 53
20 15 58 58 56
21 15 42 42 41
22 15 28 28 27
23 15 50 50 48
24 15 61 61 59
25 15 62 62 60
26 15 121 121 118
27 15 180 178 173
28 15 196 193 189
29 15 198 197 193
30 15 198 198 195
31 15 199 199 197
32 15 199 200 197
33 15 200 201 198
34 15 200 201 198
35 15 202 202 200
36 15 202 203 200
37 15 201 201 199
38 15 189 190 187
39 15 139 140 137
40 15 137 140 138
41 15 117 120 119
42 15 129 129 126
43 15 167 167 163
44 15 156 156 153
45 15 180 180 177
18 16 57 52 48
19 16 59 56 52
20 16 61 60 57
21 16 58 58 56
22 16 54 54 52
23 16 57 58 55
24 16 61 61 59
25 16 62 62 60
26 16 62 62 60
27 16 91 91 89
28 16 161 159 155
29 16 193 190 185
30 16 199 196 192
31 16 200 199 196
32 16 201 201 198
33 16 202 202 199
34 16 202 202 200
35 16 203 203 201
36 16 200 200 198
37 16 190 190 188
38 16 130 131 129
39 16 66 67 65
40 16 143 145 143
41 16 153 154 151
42 16 162 161 158
43 16 167 166 162
44 16 156 155 152
18 17 55 49 45
19 17 58 55 51
20 17 60 59 56
21 17 60 60 58
22 17 60 60 58
23 17 60 60 58
24 17 60 61 58
25 17 61 61 59
26 17 61 61 59
27 17 62 62 60
28 17 62 63 61
29 17 134 134 131
30 17 185 182 177
31 17 198 195 190
32 17 200 199 194
33 17 202 201 198
34 17 201 201 198
35 17 197 197 195
36 17 181 182 179
37 17 162 164 162
38 17 65 67 65
39 17 116 117 114
40 17 167 167 164
41 17 169 169 166
42 17 166 165 160
43 17 161 160 155
44 17 156 154 150
19 18 58 54 50
20 18 60 59 56
21 18 61 60 58
22 18 60 60 58
23 18 59 59 57
24 18 60 60 58
25 18 60 61 58
26 18 61 61 59
27 18 60 61 58
28 18 61 61 59
29 18 62 62 60
30 18 101 102 100
31 18 173 172 167
32 18 194 191 186
33 18 197 194 189
34 18 192 191 188
35 18 152 153 150
36 18 115 117 115
37 18 135 138 137
38 18 115 116 113
39 18 159 160 156
40 18 172 172 168
41 18 166 165 161
42 18 157 155 150
43 18 152 150 145
44 18 156 154 149
19 19 57 53 49
20 19 59 57 54
21 19 61 60 57
22 19 60 59 57
23 19 60 59 57
24 19 59 59 57
25 19 59 59 57
26 19 60 61 58
27 19 60 60 58
28 19 60 60 58
29 19 61 61 59
30 19 62 62 60
31 19 64 65 62
32 19 167 168 165
33 19 187 185 179
34 19 142 141 137
35 19 44 45 44
36 19 118 120 117
37 19 162 164 161
38 19 165 165 161
39 19 171 171 168
40 19 166 165 161
41 19 144 143 138
42 19 129 128 122
43 19 140 138 133
44 19 160 158 153
19 20 55 51 46
20 20 59 57 54
21 20 60 59 56
22 20 60 59 57
23 20 59 59 56
24 20 60 60 57
25 20 59 59 56
26 20 59 59 57
27 20 60 60 58
28 20 60 60 58
29 20 60 60 58
30 20 62 62 59
31 20 63 64 61
32 20 165 167 165
33 20 172 169 164
34 20 81 80 77
35 20 85 85 83
36 20 160 160 157
37 20 175 175 172
38 20 174 173 170
39 20 168 168 164
40 20 145 145 141
41 20 86 86 81
42 20 116 113 108
43 20 130 127 122
44 20 154 151 146
19 21 53 46 41
20 21 56 52 48
21 21 60 58 55
22 21 59 58 55
23 21 59 58 56
24 21 59 58 56
25 21 59 59 57
26 21 59 59 57
27 21 59 59 57
28 21 59 59 57
29 21 59 59 57
30 21 60 60 58
31 21 75 76 74
32 21 168 169 167
33 21 156 154 149
34 21 101 101 99
35 21 152 152 149
36 21 175 174 171
37 21 174 174 171
38 21 165 165 161
39 21 151 151 147
40 21 101 101 97
41 21 65 63 59
42 21 118 114 108
43 21 120 115 109
19 22 45 38 33
20 22 52 47 43
21 22 56 53 50
22 22 58 57 54
23 22 59 58 55
24 22 59 58 56
25 22 58 58 56
26 22 59 59 56
27 22 59 59 57
28 22 59 58 56
29 22 59 59 57
30 22 60 60 57
31 22 77 77 75
32 22 171 171 168
33 22 170 168 164
34 22 163 163 160
35 22 175 174 171
36 22 175 174 171
37 22 164 164 160
38 22 129 130 126
39 22 116 116 112
40 22 84 83 79
41 22 100 96 90
42 22 103 97 91
43 22 108 103 97
20 23 43 40 36
21 23 50 48 45
22 23 55 53 50
23 23 58 57 54
24 23 58 57 54
25 23 58 57 55
26 23 58 58 56
27 23 57 57 55
28 23 58 58 55
29 23 58 58 56
30 23 60 59 57
31 23 80 81 78
32 23 174 173 170
33 23 179 178 174
34 23 179 178 175
35 23 176 175 172
36 23 167 166 163
37 23 130 130 127
38 23 73 73 70
39 23 118 116 112
40 23 112 108 103
41 23 103 98 92
42 23 38 36 33
22 24 50 47 44
23 24 54 52 49
24 24 56 55 52
25 24 57 57 54
26 24 56 56 53
27 24 50 50 49
28 24 47 47 46
29 24 54 54 52
30 24 59 58 56
31 24 83 83 81
32 24 174 173 169
33 24 178 176 173
34 24 175 174 171
35 24 166 166 163
36 24 147 147 143
37 24 75 75 72
38 24 97 95 91
39 24 129 126 121
40 24 105 101 95
41 24 39 36 33
23 25 47 45 42
24 25 52 50 47
25 25 55 54 51
26 25 56 55 53
27 25 40 40 39
28 25 19 20 19
29 25 34 34 33
30 25 54 54 51
31 25 85 85 83
32 25 173 171 167
33 25 175 173 169
34 25 153 153 150
35 25 128 128 124
36 25 125 126 123
37 25 95 93 89
38 25 117 113 108
39 25 113 109 103
40 25 42 40 37
24 26 45 43 40
25 26 50 48 45
26 26 53 51 48
27 26 45 44 42
28 26 17 16 16
29 26 13 13 12
30 26 41 41 39
31 26 95 96 93
32 26 170 168 164
33 26 157 155 151
34 26 92 91 89
35 26 95 94 91
36 26 133 132 128
37 26 123 120 115
38 26 103 98 93
39 26 40 38 35
26 27 48 46 43
27 27 49 47 44
28 27 35 34 32
29 27 13 12 12
30 27 26 26 25
31 27 106 106 103
32 27 162 159 154
33 27 112 110 106
34 27 63 62 60
35 27 128 126 122
36 27 135 132 127
37 27 108 105 99
27 28 45 43 40
28 28 44 42 39
29 28 36 35 33
30 28 36 35 33
31 28 106 105 101
32 28 148 143 138
33 28 88 85 81
34 28 112 109 105
35 28 129 126 121
36 28 110 106 100
28 29 43 40 37
29 29 45 43 40
30 29 50 47 44
31 29 117 114 109
32 29 147 141 134
33 29 132 128 122
34 29 123 120 114
35 29 44 42 39
29 30 40 37 34
30 30 46 43 39
31 30 119 114 108
32 30 148 140 132
33 30 129 123 117
34 30 47 44 41
31 31 124 117 111
32 31 136 124 114
33 31 50 44 40
