34 0 164 157 147
33 1 181 180 177
34 1 182 178 172
35 1 173 167 158
32 2 173 173 171
33 2 192 193 190
34 2 189 189 186
35 2 182 179 174
36 2 177 171 163
30 3 138 137 134
31 3 167 167 165
32 3 192 193 190
33 3 193 194 192
34 3 174 174 172
35 3 163 162 158
36 3 178 174 169
37 3 182 173 166
29 4 130 129 126
30 4 158 157 154
31 4 190 191 189
32 4 198 199 197
33 4 192 193 191
34 4 147 148 146
35 4 74 76 74
36 4 152 151 147
37 4 181 175 170
38 4 183 173 167
28 5 123 122 119
29 5 151 151 148
30 5 187 187 185
31 5 200 201 199
32 5 199 199 197
33 5 196 196 194
34 5 177 178 175
35 5 101 102 100
36 5 78 78 76
37 5 163 162 158
38 5 183 178 173
39 5 182 171 164
27 6 123 122 119
28 6 142 142 138
29 6 182 182 180
30 6 200 201 199
31 6 200 201 199
32 6 199 200 197
33 6 198 198 196
34 6 193 193 191
35 6 170 171 169
36 6 120 121 119
37 6 165 166 163
38 6 184 183 179
39 6 184 179 174
40 6 182 170 163
26 7 116 115 112
27 7 138 137 135
28 7 178 178 176
29 7 200 201 200
30 7 198 200 198
31 7 188 190 188
32 7 192 193 191
33 7 197 197 195
34 7 195 196 193
35 7 192 192 190
36 7 181 182 179
37 7 184 185 182
38 7 186 186 183
39 7 184 183 179
40 7 182 177 172
41 7 180 170 162
25 8 118 118 115
26 8 126 126 123
27 8 163 162 160
28 8 195 196 195
29 8 202 203 202
30 8 183 185 183
31 8 118 120 118
32 8 141 143 141
33 8 183 184 181
34 8 195 196 193
35 8 193 194 191
36 8 189 190 188
37 8 188 189 186
38 8 188 188 185
39 8 186 186 184
40 8 184 181 178
41 8 181 176 171
42 8 178 166 159
24 9 115 114 111
25 9 130 128 126
26 9 144 143 140
27 9 165 166 165
28 9 188 191 190
29 9 202 205 204
30 9 187 189 187
31 9 100 102 100
32 9 33 34 34
33 9 137 139 136
34 9 188 188 186
35 9 191 191 189
36 9 166 167 164
37 9 161 163 161
38 9 181 181 179
39 9 187 187 184
40 9 184 184 181
41 9 181 179 175
42 9 177 171 166
43 9 176 164 157
23 10 108 108 104
24 10 127 125 122
25 10 147 145 143
26 10 151 152 150
27 10 97 99 97
28 10 132 136 135
29 10 191 194 194
30 10 197 199 198
31 10 155 156 154
32 10 55 56 54
33 10 92 94 93
34 10 178 179 177
35 10 188 189 186
36 10 140 140 137
37 10 58 59 58
38 10 139 141 139
39 10 180 181 179
40 10 183 183 180
41 10 165 165 163
42 10 165 162 159
43 10 171 163 158
22 11 118 117 113
23 11 128 126 124
24 11 148 147 144
25 11 149 149 147
26 11 95 96 94
27 11 57 57 56
28 11 64 64 63
29 11 134 137 136
30 11 191 193 192
31 11 193 195 193
32 11 162 163 161
33 11 146 147 144
34 11 179 180 178
35 11 191 191 189
36 11 171 171 169
37 11 87 87 84
38 11 56 58 56
39 11 158 159 156
40 11 180 180 177
41 11 136 136 133
42 11 103 103 100
43 11 150 145 141
44 11 170 162 157
21 12 126 125 122
22 12 138 137 133
23 12 151 149 146
24 12 147 148 145
25 12 84 85 83
26 12 31 31 30
27 12 14 15 14
28 12 23 23 22
29 12 56 57 55
30 12 138 140 139
31 12 192 194 193
32 12 198 199 197
33 12 191 191 189
34 12 191 191 188
35 12 193 193 191
36 12 187 187 185
37 12 154 155 152
38 12 102 102 100
39 12 152 152 149
40 12 181 181 179
41 12 156 156 153
42 12 57 56 54
43 12 103 101 99
44 12 165 160 155
45 12 169 160 153
20 13 125 124 120
21 13 126 124 121
22 13 155 154 151
23 13 143 144 141
24 13 79 80 78
25 13 43 44 43
26 13 11 12 11
27 13 1 1 1
28 13 1 1 1
29 13 17 17 17
30 13 52 52 50
31 13 141 143 141
32 13 193 194 193
33 13 199 200 198
34 13 196 195 192
35 13 193 192 190
36 13 192 192 189
37 13 185 186 183
38 13 173 174 171
39 13 173 173 170
40 13 183 183 180
41 13 178 177 175
42 13 136 135 132
43 13 83 83 81
44 13 152 150 147
45 13 170 164 159
46 13 164 152 144
19 14 145 144 140
20 14 144 143 139
21 14 152 152 149
22 14 133 134 131
23 14 70 70 68
24 14 51 52 51
25 14 47 48 47
26 14 22 23 23
27 14 2 3 2
28 14 1 1 1
29 14 7 7 7
30 14 36 35 34
31 14 59 59 56
32 14 144 146 143
33 14 193 194 193
34 14 199 199 197
35 14 195 195 192
36 14 192 192 189
37 14 190 190 187
38 14 186 187 184
39 14 184 185 182
40 14 186 185 183
41 14 184 184 181
42 14 176 176 172
43 14 158 157 153
44 14 163 162 158
45 14 173 170 165
46 14 168 161 155
18 15 136 134 131
19 15 135 134 131
20 15 150 150 147
21 15 125 126 123
22 15 59 60 58
23 15 21 21 21
24 15 20 20 19
25 15 31 32 32
26 15 38 40 40
27 15 22 23 23
28 15 9 9 9
29 15 21 22 21
30 15 43 43 42
31 15 61 60 58
32 15 60 60 57
33 15 148 149 146
34 15 192 193 191
35 15 198 198 196
36 15 194 194 191
37 15 189 189 186
38 15 180 180 177
39 15 171 172 169
40 15 179 179 177
41 15 184 184 181
42 15 184 183 179
43 15 181 180 176
44 15 177 176 172
45 15 174 172 168
46 15 171 167 162
17 16 131 130 126
18 16 142 142 138
19 16 146 147 144
20 16 117 117 114
21 16 63 64 62
22 16 29 30 29
23 16 3 3 3
24 16 1 1 1
25 16 7 8 8
26 16 33 35 34
27 16 46 48 47
28 16 43 44 42
29 16 47 47 45
30 16 54 54 52
31 16 58 58 55
32 16 63 62 59
33 16 73 73 70
34 16 147 147 144
35 16 192 192 190
36 16 196 196 194
37 16 191 191 188
38 16 168 168 165
39 16 109 109 106
40 16 138 139 136
41 16 177 176 173
42 16 183 182 178
43 16 182 180 176
44 16 179 177 173
45 16 177 175 171
17 17 136 135 131
18 17 141 141 138
19 17 103 104 101
20 17 53 54 52
21 17 47 48 47
22 17 36 38 37
23 17 12 13 13
25 17 3 3 3
26 17 27 27 26
27 17 53 54 52
28 17 58 59 57
29 17 58 58 56
30 17 59 59 56
31 17 59 59 56
32 17 58 58 55
33 17 61 60 57
34 17 73 71 68
35 17 147 146 141
36 17 191 191 188
37 17 194 194 191
38 17 173 172 169
39 17 82 81 78
40 17 47 47 46
41 17 147 146 142
42 17 180 179 175
43 17 182 180 175
44 17 179 177 172
45 17 179 176 172
16 18 139 134 127
17 18 127 123 115
18 18 94 94 90
19 18 36 37 35
20 18 13 14 13
21 18 16 17 16
22 18 27 29 28
23 18 30 32 31
24 18 18 18 18
25 18 19 19 19
26 18 38 39 37
27 18 55 56 53
28 18 59 59 57
29 18 60 60 57
30 18 59 59 56
31 18 59 58 56
32 18 58 57 54
33 18 60 59 55
34 18 62 61 57
35 18 66 65 61
36 18 146 145 140
37 18 189 188 185
38 18 185 185 182
39 18 141 140 136
40 18 51 50 48
41 18 109 108 105
42 18 175 173 169
43 18 181 179 174
44 18 180 177 172
16 19 58 52 45
17 19 86 81 74
18 19 58 56 53
19 19 26 26 25
20 19 1 1 1
21 19 1 1 1
22 19 11 12 11
23 19 41 42 41
24 19 50 50 49
25 19 49 50 48
26 19 54 54 52
27 19 59 59 56
28 19 59 59 57
29 19 60 60 57
30 19 59 59 56
31 19 58 58 55
32 19 58 57 54
33 19 55 54 51
34 19 50 50 46
35 19 49 48 45
36 19 54 53 49
37 19 142 141 136
38 19 185 184 181
39 19 178 176 172
40 19 144 142 138
41 19 126 124 119
42 19 173 170 166
43 19 180 178 173
44 19 179 177 171
17 20 61 57 51
18 20 57 54 50
19 20 41 40 37
20 20 16 16 15
21 20 2 2 2
22 20 12 12 12
23 20 41 42 40
24 20 59 60 57
25 20 60 60 58
26 20 60 60 58
27 20 60 60 58
28 20 60 60 58
29 20 59 59 57
30 20 59 59 56
31 20 58 58 55
32 20 56 55 53
33 20 47 47 44
34 20 29 29 27
35 20 17 16 15
36 20 22 21 19
37 20 50 48 45
38 20 142 141 135
39 20 184 182 178
40 20 182 180 176
41 20 175 172 167
42 20 180 178 173
43 20 181 178 173
18 21 57 52 46
19 21 52 49 45
20 21 44 42 40
21 21 31 31 30
22 21 35 35 34
23 21 50 51 49
24 21 60 60 58
25 21 62 61 59
26 21 61 61 58
27 21 60 60 58
28 21 60 60 57
29 21 59 59 56
30 21 57 57 54
31 21 56 56 54
32 21 53 53 51
33 21 38 38 36
34 21 9 9 9
36 21 1 1 1
37 21 20 19 18
38 21 48 47 44
39 21 142 139 134
40 21 181 178 174
41 21 184 182 178
42 21 182 180 174
43 21 180 177 172
19 22 54 50 46
20 22 59 56 52
21 22 57 56 53
22 22 57 57 55
23 22 60 60 57
24 22 62 62 60
25 22 61 61 59
26 22 61 61 58
27 22 61 60 58
28 22 59 59 57
29 22 56 56 53
30 22 48 48 46
31 22 42 42 40
32 22 40 40 39
33 22 39 39 37
34 22 18 18 17
35 22 2 2 1
37 22 7 7 6
38 22 36 35 32
39 22 60 58 54
40 22 137 133 127
41 22 173 169 164
42 22 180 178 173
43 22 179 176 171
20 23 60 55 50
21 23 60 57 53
22 23 61 60 57
23 23 62 61 59
24 23 61 61 59
25 23 61 61 59
26 23 61 61 59
27 23 60 59 57
28 23 59 59 57
29 23 52 52 49
30 23 29 29 27
31 23 11 12 11
32 23 11 11 10
33 23 27 27 26
34 23 35 35 34
35 23 21 21 20
36 23 11 11 11
37 23 21 21 19
38 23 41 40 37
39 23 52 50 46
40 23 58 54 50
41 23 129 120 112
42 23 166 157 150
21 24 56 52 48
22 24 61 57 53
23 24 61 60 57
24 24 62 61 59
25 24 61 61 59
26 24 59 59 56
27 24 58 58 55
28 24 56 56 54
29 24 48 48 46
30 24 20 20 19
31 24 1 1 1
32 24 1 1 1
33 24 8 8 8
34 24 35 35 33
35 24 45 45 42
36 24 41 40 38
37 24 45 44 41
38 24 49 47 44
39 24 50 47 43
40 24 53 49 45
41 24 46 42 38
22 25 59 54 49
23 25 60 57 52
24 25 61 59 56
25 25 60 60 58
26 25 50 50 49
27 25 37 37 36
28 25 34 34 32
29 25 38 38 37
30 25 35 35 34
31 25 15 15 15
32 25 3 3 3
33 25 8 8 8
34 25 34 34 32
35 25 51 50 47
36 25 53 51 48
37 25 51 49 45
38 25 49 46 43
39 25 48 44 41
23 26 56 52 47
24 26 60 56 52
25 26 58 56 53
26 26 39 39 37
27 26 9 9 9
28 26 4 4 4
29 26 11 11 10
30 26 34 34 33
31 26 41 41 39
32 26 29 29 27
33 26 33 32 30
34 26 47 46 43
35 26 53 51 47
36 26 52 50 46
37 26 51 48 44
38 26 49 46 43
24 27 58 53 48
25 27 56 52 48
26 27 40 37 35
27 27 10 10 9
28 27 1 1 1
29 27 3 3 3
30 27 28 27 26
31 27 51 50 48
32 27 53 52 49
33 27 52 51 48
34 27 53 51 48
35 27 51 49 46
36 27 51 48 45
25 28 50 45 41
26 28 43 38 34
27 28 31 28 25
28 28 19 18 17
29 28 16 16 15
30 28 36 35 34
31 28 52 51 49
32 28 56 54 51
33 28 54 52 48
34 28 52 49 46
35 28 50 47 44
26 29 51 45 40
27 29 47 42 38
28 29 49 46 43
29 29 47 45 42
30 29 53 51 48
31 29 54 52 49
32 29 54 52 48
33 29 55 52 49
27 30 51 45 41
28 30 53 47 42
29 30 54 48 44
30 30 53 49 45
31 30 52 49 46
32 30 50 47 44
29 31 49 41 36
30 31 53 46 41
