33 0 182 177 169
34 0 176 168 157
31 1 187 187 185
32 1 191 191 187
33 1 191 190 185
34 1 188 183 175
35 1 183 176 166
30 2 192 193 191
31 2 194 194 192
32 2 193 194 191
33 2 188 188 186
34 2 189 188 184
35 2 190 186 180
36 2 186 179 172
28 3 191 192 190
29 3 193 194 192
30 3 194 195 193
31 3 190 191 189
32 3 168 169 167
33 3 135 136 134
34 3 152 153 150
35 3 185 185 181
36 3 191 187 182
37 3 192 182 175
26 4 191 192 190
27 4 193 194 192
28 4 195 196 193
29 4 196 197 195
30 4 193 194 192
31 4 169 170 168
32 4 90 91 89
33 4 22 23 22
34 4 46 47 46
35 4 145 147 144
36 4 188 187 184
37 4 194 189 184
38 4 191 182 175
24 5 188 189 187
25 5 192 193 191
26 5 195 196 193
27 5 195 196 193
28 5 196 196 194
29 5 196 196 194
30 5 194 195 192
31 5 181 182 179
32 5 119 120 118
33 5 21 21 20
34 5 32 32 31
35 5 119 120 117
36 5 181 182 179
37 5 194 193 190
38 5 193 188 183
39 5 192 183 176
23 6 190 191 189
24 6 193 194 192
25 6 195 196 193
26 6 195 196 193
27 6 195 196 193
28 6 195 196 193
29 6 195 196 193
30 6 195 195 193
31 6 192 192 190
32 6 176 176 174
33 6 132 133 131
34 6 145 146 143
35 6 177 178 175
36 6 191 191 189
37 6 195 194 192
38 6 194 193 190
39 6 194 189 183
40 6 193 183 176
21 7 189 190 189
22 7 190 192 190
23 7 191 193 191
24 7 188 190 188
25 7 186 187 185
26 7 189 191 188
27 7 193 194 192
28 7 195 195 193
29 7 194 195 192
30 7 195 195 192
31 7 193 194 191
32 7 192 192 190
33 7 187 187 185
34 7 188 189 186
35 7 192 193 190
36 7 194 194 192
37 7 195 195 192
38 7 195 194 192
39 7 194 193 189
40 7 193 188 183
41 7 193 184 177
19 8 178 180 179
20 8 188 190 189
21 8 192 194 193
22 8 192 194 192
23 8 176 178 176
24 8 139 141 139
25 8 121 124 122
26 8 143 145 143
27 8 175 177 174
28 8 192 192 190
29 8 193 194 191
30 8 194 194 192
31 8 191 191 189
32 8 187 188 186
33 8 190 191 189
34 8 192 192 190
35 8 193 194 191
36 8 194 195 192
37 8 195 195 192
38 8 195 194 192
39 8 195 195 192
40 8 195 193 190
41 8 194 189 184
42 8 192 182 175
19 9 159 160 159
20 9 186 189 188
21 9 194 196 195
22 9 189 191 189
23 9 140 142 140
24 9 42 43 42
25 9 13 14 14
26 9 42 44 43
27 9 136 138 136
28 9 185 186 183
29 9 192 193 190
30 9 189 189 187
31 9 168 169 166
32 9 136 138 135
33 9 147 148 147
34 9 168 169 167
35 9 190 191 189
36 9 194 195 192
37 9 194 195 192
38 9 194 194 192
39 9 192 191 189
40 9 189 189 186
41 9 192 190 187
42 9 192 186 181
43 9 192 182 175
19 10 59 60 59
20 10 161 164 163
21 10 193 195 194
22 10 189 191 189
23 10 140 142 139
24 10 49 50 48
25 10 10 10 9
26 10 44 45 45
27 10 139 141 140
28 10 185 186 184
29 10 191 191 189
30 10 177 178 175
31 10 115 116 113
32 10 25 25 25
33 10 28 28 28
34 10 89 90 89
35 10 170 171 169
36 10 192 192 190
37 10 193 194 191
38 10 187 187 185
39 10 159 159 156
40 10 143 144 142
41 10 162 162 160
42 10 180 178 175
43 10 190 183 178
44 10 191 181 174
19 11 57 57 56
20 11 83 84 82
21 11 164 166 165
22 11 192 194 193
23 11 175 176 173
24 11 141 141 138
25 11 118 119 116
26 11 133 134 133
27 11 168 169 168
28 11 188 188 186
29 11 191 191 189
30 11 182 182 180
31 11 132 132 129
32 11 31 31 30
33 11 5 5 4
34 11 57 58 56
35 11 152 153 151
36 11 189 190 187
37 11 192 192 190
38 11 175 176 173
39 11 92 92 89
40 11 34 34 34
41 11 61 61 60
42 11 135 134 132
43 11 184 181 178
44 11 191 185 180
45 11 190 178 171
19 12 54 55 53
20 12 72 73 71
21 12 70 70 69
22 12 168 170 169
23 12 193 195 193
24 12 188 188 185
25 12 182 182 179
26 12 182 182 179
27 12 185 186 183
28 12 189 189 187
29 12 191 191 188
30 12 187 187 184
31 12 164 165 162
32 12 122 123 120
33 12 93 93 89
34 12 124 123 120
35 12 171 172 169
36 12 190 190 188
37 12 192 192 190
38 12 174 174 171
39 12 89 89 87
40 12 7 7 6
41 12 8 8 8
42 12 98 98 96
43 12 177 176 174
44 12 193 190 186
45 12 189 181 174
46 12 183 169 159
19 13 57 57 55
20 13 70 71 69
21 13 19 19 18
22 13 85 86 84
23 13 177 179 178
24 13 195 196 193
25 13 192 192 188
26 13 190 189 186
27 13 190 189 186
28 13 190 190 187
29 13 191 191 188
30 13 189 189 186
31 13 185 186 183
32 13 179 179 177
33 13 173 173 170
34 13 174 174 171
35 13 185 185 182
36 13 191 190 188
37 13 192 191 189
38 13 187 187 184
39 13 157 157 153
40 13 93 93 90
41 13 89 89 86
42 13 126 126 123
43 13 180 179 176
44 13 192 190 187
45 13 188 181 176
46 13 177 163 155
18 14 56 56 55
19 14 54 54 52
20 14 65 65 64
21 14 25 26 25
22 14 20 20 19
23 14 102 103 101
24 14 182 183 181
25 14 195 196 193
26 14 192 191 188
27 14 190 189 186
28 14 190 190 187
29 14 190 189 187
30 14 188 188 185
31 14 188 188 185
32 14 187 188 185
33 14 188 188 185
34 14 188 188 186
35 14 190 190 187
36 14 190 190 187
37 14 192 191 188
38 14 192 191 188
39 14 187 186 183
40 14 176 176 172
41 14 173 172 169
42 14 177 176 172
43 14 188 187 183
44 14 182 179 175
45 14 157 150 144
46 14 148 138 131
18 15 57 57 55
19 15 52 52 51
20 15 48 49 47
21 15 26 27 27
22 15 22 23 22
23 15 42 42 40
24 15 125 125 122
25 15 185 185 183
26 15 194 194 192
27 15 192 192 189
28 15 190 189 186
29 15 189 189 186
30 15 184 184 181
31 15 176 177 174
32 15 172 173 170
33 15 172 173 171
34 15 184 184 182
35 15 190 189 187
36 15 190 190 187
37 15 191 190 187
38 15 192 190 187
39 15 191 190 187
40 15 192 191 187
41 15 191 190 187
42 15 190 188 184
43 15 174 171 166
44 15 134 129 123
45 15 106 99 93
46 15 80 74 69
18 16 55 55 53
19 16 52 52 50
20 16 48 48 47
21 16 19 19 19
22 16 33 34 33
23 16 46 46 44
24 16 57 57 55
25 16 135 135 132
26 16 189 189 187
27 16 194 194 191
28 16 191 191 188
29 16 188 187 184
30 16 172 172 169
31 16 131 131 128
32 16 97 98 95
33 16 91 91 89
34 16 156 156 154
35 16 185 185 183
36 16 190 189 185
37 16 191 189 186
38 16 191 190 186
39 16 191 190 186
40 16 191 190 186
41 16 187 185 181
42 16 157 153 148
43 16 93 89 84
44 16 95 91 85
45 16 112 107 101
18 17 51 50 48
19 17 48 48 46
20 17 44 45 43
21 17 20 20 20
22 17 28 28 27
23 17 51 52 50
24 17 58 58 55
25 17 59 58 55
26 17 148 147 144
27 17 190 190 187
28 17 192 192 189
29 17 186 186 183
30 17 157 157 154
31 17 62 62 60
32 17 10 10 10
33 17 4 4 4
34 17 87 87 85
35 17 171 171 167
36 17 189 187 184
37 17 190 189 185
38 17 190 188 184
39 17 190 188 184
40 17 183 180 176
41 17 139 135 131
42 17 77 74 70
43 17 95 92 87
44 17 104 100 94
45 17 142 138 132
18 18 51 49 45
19 18 48 46 43
20 18 33 33 31
21 18 20 20 20
22 18 30 30 29
23 18 49 49 47
24 18 58 58 56
25 18 58 58 55
26 18 57 56 53
27 18 157 156 153
28 18 188 188 185
29 18 189 188 185
30 18 165 164 160
31 18 86 84 82
32 18 7 7 7
33 18 8 8 8
34 18 82 82 79
35 18 168 168 164
36 18 188 186 182
37 18 189 187 182
38 18 187 185 180
39 18 176 173 169
40 18 135 133 128
41 18 81 80 77
42 18 95 93 89
43 18 105 102 96
44 18 130 126 120
19 19 51 49 45
20 19 41 39 36
21 19 21 21 19
22 19 37 37 36
23 19 53 53 51
24 19 59 59 56
25 19 57 57 54
26 19 53 53 50
27 19 64 62 58
28 19 158 157 153
29 19 188 187 183
30 19 180 179 174
31 19 156 154 150
32 19 104 102 98
33 19 86 84 80
34 19 133 131 126
35 19 177 175 171
36 19 186 184 179
37 19 181 179 175
38 19 162 160 156
39 19 129 128 124
40 19 106 106 102
41 19 106 105 101
42 19 102 99 95
43 19 111 107 101
44 19 141 137 131
20 20 45 42 39
21 20 34 32 30
22 20 35 35 33
23 20 54 54 52
24 20 60 60 58
25 20 57 57 55
26 20 51 51 48
27 20 32 31 29
28 20 63 62 58
29 20 162 160 156
30 20 187 186 181
31 20 184 183 178
32 20 172 170 165
33 20 168 166 161
34 20 179 177 172
35 20 184 182 177
36 20 174 172 168
37 20 145 144 141
38 20 127 127 124
39 20 117 116 113
40 20 105 105 101
41 20 92 90 86
42 20 94 90 85
43 20 122 117 111
21 21 45 43 40
22 21 45 44 42
23 21 55 55 53
24 21 60 60 58
25 21 58 58 56
26 21 52 52 49
27 21 31 31 29
28 21 12 12 11
29 21 81 78 74
30 21 169 166 162
31 21 187 185 181
32 21 186 184 180
33 21 185 182 177
34 21 180 178 174
35 21 156 155 151
36 21 114 115 112
37 21 118 118 115
38 21 117 117 114
39 21 106 106 102
40 21 78 76 73
41 21 91 86 82
42 21 100 94 89
22 22 54 52 49
23 22 59 58 55
24 22 61 61 59
25 22 57 57 54
26 22 46 46 44
27 22 32 32 30
28 22 17 17 16
29 22 17 17 16
30 22 94 91 86
31 22 170 167 162
32 22 185 184 180
33 22 175 173 168
34 22 131 131 126
35 22 89 89 87
36 22 110 110 107
37 22 116 116 113
38 22 107 106 103
39 22 78 77 74
40 22 78 74 71
41 22 79 74 70
42 22 115 109 105
22 23 56 53 49
23 23 60 58 55
24 23 61 60 57
25 23 57 57 55
26 23 44 44 42
27 23 20 20 19
28 23 23 23 22
29 23 20 20 19
30 23 36 34 32
31 23 101 96 90
32 23 156 154 150
33 23 115 116 113
34 23 75 77 75
35 23 110 110 108
36 23 116 116 113
37 23 113 113 110
38 23 94 93 90
39 23 75 71 68
40 23 65 61 58
23 24 59 56 53
24 24 59 57 54
25 24 54 54 51
26 24 43 43 41
27 24 24 24 23
28 24 17 17 16
29 24 34 33 31
30 24 42 40 38
31 24 69 65 60
32 24 110 111 108
33 24 94 96 94
34 24 110 111 109
35 24 115 115 112
36 24 112 111 108
37 24 108 107 103
38 24 87 85 82
39 24 46 44 43
24 25 57 54 50
25 25 51 49 47
26 25 35 34 33
27 25 24 24 23
28 25 19 19 18
29 25 32 32 30
30 25 52 51 47
31 25 110 110 106
32 25 117 119 116
33 25 116 117 114
34 25 105 105 103
35 25 105 104 101
36 25 111 109 105
37 25 93 89 86
38 25 58 55 52
25 26 48 46 43
26 26 35 34 31
27 26 16 16 15
28 26 28 28 27
29 26 37 36 34
30 26 70 67 63
31 26 122 122 120
32 26 114 115 112
33 26 87 87 85
34 26 92 91 89
35 26 102 100 96
36 26 90 87 84
26 27 37 34 31
27 27 23 21 19
28 27 28 28 27
29 27 45 44 42
30 27 93 90 85
31 27 112 113 110
32 27 80 80 78
33 27 77 76 73
34 27 89 87 84
35 27 54 53 51
27 28 35 32 29
28 28 34 32 29
29 28 44 43 40
30 28 104 103 100
31 28 89 90 87
32 28 83 82 80
33 28 79 77 75
34 28 52 50 48
27 29 46 42 38
28 29 46 43 39
29 29 69 65 61
30 29 109 108 105
31 29 92 91 88
32 29 77 76 73
28 30 46 41 37
29 30 90 83 77
30 30 89 87 84
31 30 57 56 54
29 31 149 141 135
30 31 49 45 42
