29 0 184 188 186
30 0 187 191 189
31 0 190 193 192
28 1 187 190 188
29 1 192 194 192
30 1 195 196 194
31 1 195 196 194
32 1 194 196 194
33 1 192 194 192
28 2 192 194 192
29 2 196 195 193
30 2 203 192 190
31 2 202 191 189
32 2 198 195 193
33 2 194 195 193
34 2 193 195 192
27 3 191 194 192
28 3 196 196 194
29 3 199 195 193
30 3 206 181 179
31 3 210 167 165
32 3 206 180 179
33 3 201 190 189
34 3 197 194 192
35 3 195 195 194
36 3 194 195 194
26 4 192 194 192
27 4 195 195 194
28 4 200 194 192
29 4 204 183 181
30 4 204 182 181
31 4 207 174 173
32 4 211 152 152
33 4 209 164 163
34 4 206 178 176
35 4 202 189 187
36 4 198 194 192
37 4 196 195 193
38 4 193 194 192
25 5 192 194 192
26 5 195 196 194
27 5 198 194 193
28 5 203 183 182
29 5 207 161 160
30 5 207 162 162
31 5 207 162 163
32 5 208 155 157
33 5 210 146 146
34 5 210 137 136
35 5 209 152 151
36 5 206 179 177
37 5 199 193 190
38 5 195 196 193
39 5 194 196 194
40 5 194 196 194
24 6 190 192 190
25 6 195 196 194
26 6 197 196 194
27 6 200 189 187
28 6 205 167 166
29 6 206 160 161
30 6 205 173 175
31 6 206 163 165
32 6 206 158 159
33 6 206 168 168
34 6 204 176 174
35 6 204 182 181
36 6 202 188 186
37 6 198 194 191
38 6 194 196 193
39 6 195 197 195
40 6 195 198 195
41 6 193 196 193
42 6 192 193 190
24 7 193 194 192
25 7 197 195 193
26 7 199 188 186
27 7 202 173 172
28 7 204 148 148
29 7 206 150 150
30 7 206 168 169
31 7 204 174 174
32 7 200 184 183
33 7 198 190 188
34 7 195 193 190
35 7 194 195 192
36 7 194 196 193
37 7 195 196 193
38 7 194 196 193
39 7 194 196 193
40 7 194 196 194
41 7 195 197 195
42 7 195 197 194
43 7 195 196 194
23 8 191 192 190
24 8 195 195 193
25 8 197 189 186
26 8 199 169 167
27 8 202 162 162
28 8 201 162 162
29 8 203 149 148
30 8 203 176 176
31 8 197 187 186
32 8 193 191 189
33 8 191 192 189
34 8 188 191 188
35 8 191 193 190
36 8 193 195 193
37 8 194 196 193
38 8 194 196 193
39 8 195 197 194
40 8 195 197 194
41 8 196 197 194
42 8 195 197 194
43 8 195 197 194
44 8 194 195 191
45 8 190 188 181
22 9 190 191 189
23 9 193 193 190
24 9 196 190 187
25 9 197 176 174
26 9 199 145 143
27 9 201 157 157
28 9 199 175 175
29 9 199 175 175
30 9 197 186 185
31 9 192 190 189
32 9 181 182 180
33 9 164 167 164
34 9 151 154 151
35 9 166 169 166
36 9 186 189 186
37 9 193 196 193
38 9 195 196 194
39 9 195 196 193
40 9 195 197 194
41 9 196 197 194
42 9 195 196 193
43 9 195 197 193
44 9 195 194 190
45 9 187 183 175
46 9 173 165 155
21 10 189 189 186
22 10 192 192 189
23 10 193 189 186
24 10 195 176 173
25 10 196 139 136
26 10 197 107 105
27 10 198 119 118
28 10 200 155 155
29 10 197 173 172
30 10 194 188 186
31 10 187 188 186
32 10 157 159 157
33 10 89 91 89
34 10 49 50 49
35 10 78 81 79
36 10 156 159 156
37 10 189 191 188
38 10 195 196 194
39 10 195 196 193
40 10 195 197 193
41 10 195 197 193
42 10 195 196 193
43 10 195 196 192
44 10 193 192 187
45 10 187 181 173
46 10 172 164 153
21 11 189 189 185
22 11 191 188 185
23 11 193 176 173
24 11 193 151 148
25 11 194 114 112
26 11 195 98 97
27 11 195 101 100
28 11 198 141 141
29 11 197 179 178
30 11 192 190 188
31 11 188 189 187
32 11 155 157 154
33 11 55 57 55
34 11 3 3 3
35 11 21 22 22
36 11 119 123 120
37 11 183 186 183
38 11 194 196 194
39 11 194 196 193
40 11 195 196 193
41 11 194 196 193
42 11 195 196 193
43 11 194 195 191
44 11 191 188 182
45 11 188 182 173
20 12 181 176 170
21 12 187 185 180
22 12 189 185 181
23 12 192 173 168
24 12 194 146 143
25 12 194 133 133
26 12 194 110 110
27 12 193 101 101
28 12 195 120 119
29 12 197 175 174
30 12 192 191 189
31 12 190 191 188
32 12 174 175 173
33 12 116 119 116
34 12 67 70 68
35 12 70 73 72
36 12 144 147 145
37 12 188 191 188
38 12 193 195 192
39 12 195 197 194
40 12 194 196 193
41 12 195 197 193
42 12 195 195 192
43 12 192 191 186
44 12 190 186 178
45 12 187 181 171
20 13 136 127 118
21 13 171 166 159
22 13 184 181 176
23 13 187 181 176
24 13 191 172 168
25 13 193 148 145
26 13 194 122 119
27 13 194 131 130
28 13 195 126 125
29 13 196 167 166
30 13 192 189 187
31 13 192 193 190
32 13 188 189 187
33 13 175 176 174
34 13 162 164 162
35 13 165 168 166
36 13 182 184 182
37 13 192 194 191
38 13 194 196 192
39 13 195 196 193
40 13 194 196 192
41 13 194 195 192
42 13 193 194 189
43 13 191 188 181
44 13 189 183 175
19 14 53 50 46
20 14 53 50 46
21 14 95 88 82
22 14 151 146 139
23 14 177 174 169
24 14 185 182 178
25 14 189 179 175
26 14 192 164 161
27 14 194 149 147
28 14 194 132 131
29 14 194 153 150
30 14 191 185 183
31 14 191 192 190
32 14 192 193 190
33 14 192 193 190
34 14 190 192 189
35 14 191 193 190
36 14 192 194 191
37 14 193 195 192
38 14 194 195 192
39 14 194 195 192
40 14 194 196 192
41 14 193 194 190
42 14 192 191 185
43 14 189 184 175
44 14 187 180 169
19 15 55 53 50
20 15 54 52 48
21 15 46 44 41
22 15 36 34 31
23 15 108 103 97
24 15 162 159 153
25 15 182 180 176
26 15 187 184 181
27 15 191 180 177
28 15 193 164 161
29 15 195 154 151
30 15 193 181 178
31 15 191 191 188
32 15 191 192 189
33 15 192 193 190
34 15 192 193 190
35 15 193 195 191
36 15 193 195 192
37 15 193 194 191
38 15 193 195 191
39 15 193 195 191
40 15 194 195 191
41 15 193 193 188
42 15 191 187 181
43 15 188 182 172
19 16 59 57 54
20 16 56 54 51
21 16 40 39 36
22 16 12 11 10
23 16 13 12 12
24 16 51 49 46
25 16 135 131 125
26 16 171 169 164
27 16 185 183 179
28 16 189 185 182
29 16 192 178 175
30 16 193 183 180
31 16 191 190 187
32 16 192 192 189
33 16 192 193 190
34 16 192 194 190
35 16 193 195 192
36 16 193 194 191
37 16 193 195 191
38 16 194 195 191
39 16 193 194 190
40 16 194 193 189
41 16 192 189 183
42 16 189 183 175
19 17 61 61 58
20 17 59 58 55
21 17 49 48 46
22 17 26 25 24
23 17 5 5 4
24 17 8 8 7
25 17 35 34 32
26 17 91 88 83
27 17 150 147 141
28 17 179 177 172
29 17 187 186 182
30 17 190 189 186
31 17 190 191 187
32 17 191 192 189
33 17 192 193 190
34 17 192 193 190
35 17 193 194 191
36 17 193 194 191
37 17 194 194 191
38 17 193 194 190
39 17 193 193 189
40 17 193 191 186
41 17 190 185 177
42 17 189 181 171
19 18 62 62 60
20 18 61 61 58
21 18 58 58 55
22 18 49 49 47
23 18 31 31 29
24 18 19 19 18
25 18 35 35 34
26 18 52 52 49
27 18 56 54 51
28 18 107 104 98
29 18 164 161 156
30 18 184 183 178
31 18 189 189 186
32 18 191 191 188
33 18 192 193 189
34 18 193 193 190
35 18 193 194 190
36 18 193 194 191
37 18 193 194 190
38 18 193 193 189
39 18 192 191 187
40 18 191 187 180
41 18 189 180 171
18 19 63 64 62
19 19 63 63 61
20 19 61 61 58
21 19 60 60 57
22 19 58 58 56
23 19 55 55 53
24 19 50 50 48
25 19 51 51 49
26 19 56 55 53
27 19 57 56 53
28 19 57 56 52
29 19 71 70 65
30 19 138 135 129
31 19 172 170 165
32 19 188 187 182
33 19 191 191 187
34 19 192 192 188
35 19 193 193 190
36 19 192 193 189
37 19 192 192 188
38 19 192 192 188
39 19 191 188 182
40 19 189 181 173
41 19 189 180 171
18 20 62 64 62
19 20 62 63 61
20 20 57 57 55
21 20 50 51 49
22 20 55 55 53
23 20 58 58 56
24 20 60 59 57
25 20 58 58 56
26 20 58 58 56
27 20 59 58 56
28 20 58 58 55
29 20 58 57 54
30 20 58 57 54
31 20 82 80 75
32 20 143 140 134
33 20 181 179 174
34 20 189 188 184
35 20 191 191 187
36 20 192 192 188
37 20 191 191 187
38 20 191 190 184
39 20 189 183 176
40 20 187 178 168
18 21 61 62 61
19 21 61 63 61
20 21 46 47 45
21 21 21 21 20
22 21 27 27 26
23 21 48 49 47
24 21 59 59 57
25 21 60 60 58
26 21 60 60 58
27 21 59 59 57
28 21 59 59 57
29 21 59 58 56
30 21 56 56 53
31 21 47 46 43
32 21 39 38 36
33 21 102 99 94
34 21 161 158 153
35 21 183 181 176
36 21 189 187 182
37 21 190 188 183
38 21 189 183 177
39 21 186 176 166
40 21 185 173 161
18 22 54 55 53
19 22 58 59 58
20 22 53 54 52
21 22 31 31 30
22 22 10 11 10
23 22 27 27 27
24 22 54 54 53
25 22 60 60 58
26 22 61 61 59
27 22 61 60 58
28 22 60 60 58
29 22 60 60 58
30 22 57 57 55
31 22 42 41 39
32 22 15 15 14
33 22 10 10 9
34 22 29 29 27
35 22 122 118 112
36 22 171 166 159
37 22 184 177 169
38 22 182 171 161
39 22 183 169 158
20 23 57 58 56
21 23 50 51 49
22 23 38 39 38
23 23 35 37 36
24 23 52 53 52
25 23 60 61 59
26 23 62 62 60
27 23 61 61 59
28 23 61 61 59
29 23 61 61 59
30 23 60 60 58
31 23 53 53 51
32 23 31 30 29
33 23 8 8 8
34 23 5 5 5
35 23 30 30 29
36 23 71 68 64
37 23 154 142 133
38 23 170 155 143
21 24 55 56 54
22 24 55 56 54
23 24 56 57 56
24 24 60 61 59
25 24 62 63 61
26 24 62 62 60
27 24 62 62 60
28 24 62 62 59
29 24 61 61 59
30 24 61 61 59
31 24 61 61 59
32 24 55 55 53
33 24 40 40 38
34 24 28 28 27
35 24 31 31 30
36 24 106 102 97
37 24 118 108 101
38 24 70 60 53
23 25 59 60 58
24 25 62 62 61
25 25 63 64 62
26 25 64 64 62
27 25 63 63 61
28 25 61 61 59
29 25 56 56 54
30 25 56 56 54
31 25 60 60 58
32 25 62 62 60
33 25 61 60 58
34 25 58 57 56
35 25 78 76 73
36 25 146 140 134
37 25 101 93 86
25 26 62 62 60
26 26 63 63 61
27 26 63 63 61
28 26 58 58 56
29 26 37 37 36
30 26 27 27 26
31 26 40 40 39
32 26 57 57 55
33 26 62 62 60
34 26 65 64 62
35 26 136 132 127
36 26 100 95 89
37 26 61 56 51
26 27 59 59 58
27 27 62 62 60
28 27 61 61 59
29 27 46 46 45
30 27 18 18 17
31 27 10 11 10
32 27 35 35 34
33 27 57 58 56
34 27 102 98 95
35 27 137 131 125
36 27 62 58 53
28 28 59 59 57
29 28 55 55 53
30 28 45 45 44
31 28 30 31 30
32 28 30 31 30
33 28 63 63 61
34 28 140 136 131
35 28 100 94 88
30 29 59 59 58
31 29 55 55 54
32 29 57 57 55
33 29 112 109 104
34 29 116 112 106
35 29 60 57 54
31 30 56 56 54
32 30 80 77 73
33 30 133 128 121
34 30 59 56 52
33 31 152 145 137
