29 1 158 147 136
30 1 159 149 141
31 1 168 161 155
32 1 174 167 163
28 2 167 159 149
29 2 168 161 152
30 2 172 167 160
31 2 176 171 165
32 2 177 173 168
33 2 178 174 169
34 2 180 176 172
27 3 173 165 157
28 3 174 168 161
29 3 177 173 166
30 3 179 175 169
31 3 179 175 169
32 3 177 174 168
33 3 178 175 169
34 3 180 178 173
35 3 183 180 177
26 4 177 170 162
27 4 178 173 166
28 4 182 179 173
29 4 184 181 176
30 4 183 181 175
31 4 181 179 173
32 4 180 178 172
33 4 179 177 171
34 4 179 178 173
35 4 183 181 178
36 4 185 183 181
37 4 186 185 183
25 5 180 174 167
26 5 183 178 172
27 5 185 182 177
28 5 187 185 181
29 5 187 186 181
30 5 186 184 180
31 5 185 184 179
32 5 183 182 177
33 5 183 181 177
34 5 182 181 177
35 5 182 181 177
36 5 184 183 179
37 5 184 184 181
38 5 185 185 183
39 5 184 184 183
24 6 182 175 168
25 6 185 181 174
26 6 187 185 180
27 6 189 187 183
28 6 189 188 183
29 6 189 188 184
30 6 188 188 184
31 6 188 187 184
32 6 187 187 183
33 6 187 186 183
34 6 185 185 181
35 6 185 184 181
36 6 184 183 180
37 6 184 184 180
38 6 185 185 182
39 6 186 186 184
40 6 186 187 185
41 6 184 185 184
23 7 181 172 164
24 7 186 181 175
25 7 187 185 180
26 7 179 178 175
27 7 171 170 166
28 7 171 171 166
29 7 182 182 178
30 7 189 189 186
31 7 190 190 187
32 7 187 187 185
33 7 182 182 179
34 7 176 176 173
35 7 182 182 179
36 7 186 186 183
37 7 186 186 183
38 7 185 185 182
39 7 184 184 181
40 7 182 183 180
41 7 184 186 184
42 7 185 186 185
43 7 183 185 184
22 8 179 166 153
23 8 185 174 165
24 8 191 186 181
25 8 187 186 182
26 8 155 155 152
27 8 89 89 86
28 8 81 80 77
29 8 129 129 125
30 8 176 176 173
31 8 189 189 187
32 8 184 185 182
33 8 153 154 151
34 8 105 106 103
35 8 130 131 128
36 8 168 169 166
37 8 186 186 184
38 8 186 187 184
39 8 173 173 171
40 8 144 145 142
41 8 157 158 155
42 8 177 178 176
43 8 184 186 185
44 8 184 187 185
22 9 138 130 118
23 9 180 172 163
24 9 195 190 184
25 9 192 189 184
26 9 167 166 163
27 9 95 95 93
28 9 35 36 35
29 9 43 44 42
30 9 145 145 143
31 9 187 188 185
32 9 189 189 186
33 9 157 158 155
34 9 75 76 74
35 9 25 25 25
36 9 100 101 98
37 9 171 172 169
38 9 187 188 186
39 9 165 166 164
40 9 83 85 84
41 9 48 49 47
42 9 119 121 118
43 9 172 174 172
44 9 187 189 187
45 9 184 186 185
46 9 175 176 175
21 10 62 57 51
22 10 63 60 54
23 10 87 84 80
24 10 157 155 151
25 10 189 186 182
26 10 191 188 183
27 10 170 167 163
28 10 146 146 143
29 10 132 133 130
30 10 164 165 162
31 10 192 192 189
32 10 194 194 192
33 10 187 187 185
34 10 162 163 161
35 10 128 129 127
36 10 120 122 119
37 10 175 176 174
38 10 192 193 191
39 10 185 187 185
40 10 155 157 156
41 10 103 105 104
42 10 84 86 85
43 10 160 161 160
44 10 187 189 187
45 10 187 189 188
46 10 181 183 182
21 11 61 57 52
22 11 60 58 54
23 11 56 56 54
24 11 57 57 55
25 11 112 113 110
26 11 171 170 166
27 11 191 188 184
28 11 192 189 185
29 11 190 189 185
30 11 193 193 190
31 11 197 197 194
32 11 197 196 194
33 11 196 196 194
34 11 193 193 191
35 11 187 188 185
36 11 184 185 183
37 11 192 193 191
38 11 195 196 193
39 11 193 194 192
40 11 189 191 188
41 11 180 181 179
42 11 173 175 173
43 11 183 184 183
44 11 189 190 189
45 11 189 190 189
20 12 59 54 49
21 12 60 57 52
22 12 55 55 52
23 12 34 35 34
24 12 17 17 17
25 12 23 23 22
26 12 46 46 45
27 12 130 130 127
28 12 182 181 177
29 12 197 195 191
30 12 199 196 192
31 12 199 198 195
32 12 199 198 196
33 12 198 198 195
34 12 198 198 195
35 12 197 197 194
36 12 196 197 194
37 12 197 197 195
38 12 196 197 194
39 12 197 197 195
40 12 195 196 193
41 12 195 196 194
42 12 194 196 193
43 12 194 195 193
44 12 193 194 193
45 12 190 190 189
20 13 59 56 51
21 13 60 57 53
22 13 53 53 51
23 13 20 20 20
24 13 1 1 1
26 13 19 20 19
27 13 51 52 50
28 13 78 78 76
29 13 158 158 155
30 13 188 186 182
31 13 200 197 194
32 13 199 197 194
33 13 199 198 195
34 13 199 198 195
35 13 198 198 195
36 13 198 198 195
37 13 198 198 195
38 13 198 198 195
39 13 198 198 196
40 13 197 197 195
41 13 197 197 195
42 13 197 198 196
43 13 196 197 195
44 13 194 195 193
20 14 60 57 52
21 14 61 60 56
22 14 56 57 55
23 14 34 35 34
24 14 9 9 9
25 14 1 1 1
26 14 14 15 14
27 14 48 49 47
28 14 62 62 60
29 14 67 68 66
30 14 101 102 99
31 14 163 162 159
32 14 195 193 189
33 14 200 198 193
34 14 200 198 195
35 14 200 199 197
36 14 199 199 196
37 14 199 199 197
38 14 199 200 197
39 14 198 199 196
40 14 199 199 197
41 14 199 199 197
42 14 199 199 197
43 14 197 198 195
19 15 59 54 49
20 15 60 57 53
21 15 61 60 57
22 15 60 60 58
23 15 53 53 52
24 15 35 36 35
25 15 22 22 22
26 15 30 31 30
27 15 52 52 51
28 15 60 60 58
29 15 62 62 60
30 15 63 64 62
31 15 67 67 65
32 15 123 123 121
33 15 179 178 175
34 15 196 194 190
35 15 201 199 195
36 15 201 200 197
37 15 200 200 197
38 15 200 200 198
39 15 200 200 197
40 15 200 201 198
41 15 200 201 198
42 15 200 200 198
43 15 199 199 197
19 16 59 54 49
20 16 60 57 53
21 16 61 60 58
22 16 61 61 59
23 16 60 60 58
24 16 57 57 55
25 16 53 53 52
26 16 54 55 52
27 16 59 59 57
28 16 61 61 59
29 16 61 61 59
30 16 62 62 60
31 16 62 62 60
32 16 63 63 61
33 16 65 66 64
34 16 138 139 136
35 16 186 185 181
36 16 199 197 192
37 16 200 198 194
38 16 201 201 197
39 16 201 201 198
40 16 201 202 199
41 16 201 202 199
42 16 200 200 198
19 17 58 54 49
20 17 60 58 54
21 17 60 60 57
22 17 61 61 58
23 17 61 61 58
24 17 60 60 58
25 17 60 60 58
26 17 60 60 58
27 17 60 61 58
28 17 60 61 58
29 17 60 61 59
30 17 61 61 59
31 17 61 61 59
32 17 61 62 60
33 17 62 62 60
34 17 63 63 61
35 17 88 88 86
36 17 161 161 158
37 17 190 188 184
38 17 200 197 192
39 17 200 199 194
40 17 202 201 198
41 17 201 201 198
42 17 200 200 198
18 18 57 52 47
19 18 59 55 50
20 18 60 59 56
21 18 61 60 57
22 18 61 60 58
23 18 60 60 57
24 18 60 60 58
25 18 60 60 58
26 18 60 60 58
27 18 60 60 58
28 18 59 60 57
29 18 61 61 59
30 18 60 61 58
31 18 61 61 59
32 18 61 61 58
33 18 61 62 59
34 18 62 62 60
35 18 62 62 60
36 18 66 66 64
37 18 111 112 109
38 18 170 169 165
39 18 193 192 188
40 18 197 195 190
41 18 199 198 194
18 19 57 52 47
19 19 59 55 51
20 19 60 59 56
21 19 61 60 57
22 19 60 60 57
23 19 60 60 57
24 19 60 59 57
25 19 59 59 57
26 19 60 60 58
27 19 59 60 57
28 19 59 60 57
29 19 60 61 58
30 19 60 60 58
31 19 60 61 58
32 19 60 61 58
33 19 61 61 59
34 19 60 61 58
35 19 61 61 59
36 19 61 62 59
37 19 64 65 62
38 19 67 68 66
39 19 141 144 143
40 19 174 175 173
41 19 185 178 170
18 20 57 52 47
19 20 59 56 52
20 20 61 59 57
21 20 60 59 57
22 20 60 59 57
23 20 59 59 56
24 20 60 59 57
25 20 58 58 56
26 20 59 59 57
27 20 59 60 57
28 20 59 60 57
29 20 59 60 57
30 20 60 60 58
31 20 60 60 58
32 20 59 59 57
33 20 60 60 58
34 20 60 61 58
35 20 61 61 58
36 20 62 62 59
37 20 62 63 60
38 20 90 92 90
39 20 146 149 149
40 20 64 67 67
17 21 54 45 39
18 21 56 50 45
19 21 59 56 53
20 21 59 58 55
21 21 60 59 56
22 21 59 58 56
23 21 59 59 56
24 21 59 58 56
25 21 59 59 56
26 21 59 59 57
27 21 59 58 56
28 21 59 59 57
29 21 59 59 57
30 21 59 59 57
31 21 59 59 57
32 21 59 59 57
33 21 60 59 57
34 21 59 59 57
35 21 60 60 58
36 21 61 61 59
37 21 71 72 69
38 21 157 159 158
39 21 106 108 108
17 22 47 38 33
18 22 51 44 39
19 22 55 52 48
20 22 58 57 54
21 22 59 58 55
22 22 59 58 55
23 22 59 59 56
24 22 59 58 56
25 22 58 58 55
26 22 58 58 56
27 22 59 59 56
28 22 59 58 56
29 22 59 59 57
30 22 58 58 56
31 22 58 58 56
32 22 59 59 57
33 22 59 58 56
34 22 59 59 57
35 22 61 61 58
36 22 62 62 60
37 22 119 120 118
38 22 143 146 144
39 22 65 67 66
18 23 44 39 35
19 23 50 47 43
20 23 54 51 48
21 23 56 55 52
22 23 58 57 54
23 23 59 58 55
24 23 58 57 54
25 23 58 57 55
26 23 58 58 56
27 23 57 57 55
28 23 58 58 56
29 23 58 58 56
30 23 58 58 55
31 23 58 57 55
32 23 58 58 56
33 23 58 58 56
34 23 59 59 57
35 23 61 61 58
36 23 84 84 82
37 23 157 159 158
38 23 104 106 105
20 24 46 44 40
21 24 50 48 45
22 24 55 53 50
23 24 57 56 53
24 24 58 57 54
25 24 58 57 54
26 24 57 57 54
27 24 57 57 54
28 24 56 56 54
29 24 51 51 49
30 24 48 48 47
31 24 51 51 49
32 24 56 56 54
33 24 57 57 55
34 24 59 59 56
35 24 62 61 59
36 24 141 142 140
37 24 114 116 114
38 24 65 67 66
22 25 48 46 43
23 25 51 49 46
24 25 55 53 50
25 25 57 56 53
26 25 58 57 54
27 25 57 56 54
28 25 50 50 48
29 25 28 28 27
30 25 18 19 18
31 25 22 23 22
32 25 42 42 40
33 25 56 55 53
34 25 59 59 56
35 25 97 97 94
36 25 150 151 149
37 25 64 65 64
23 26 45 43 40
24 26 49 47 44
25 26 52 50 47
26 26 55 53 50
27 26 55 54 52
28 26 47 47 45
29 26 23 23 22
30 26 3 3 3
31 26 3 4 3
32 26 23 23 22
33 26 49 49 46
34 26 66 66 63
35 26 143 144 141
36 26 116 117 115
37 26 63 64 63
25 27 45 43 40
26 27 48 46 43
27 27 53 51 48
28 27 51 50 48
29 27 34 34 32
30 27 12 12 11
31 27 5 5 4
32 27 15 15 14
33 27 42 41 39
34 27 109 110 107
35 27 141 142 140
36 27 65 65 64
27 28 46 43 40
28 28 48 45 42
29 28 44 43 40
30 28 36 35 32
31 28 30 29 27
32 28 35 34 32
33 28 63 62 59
34 28 142 142 139
35 28 93 93 91
28 29 42 40 37
29 29 45 43 39
30 29 47 44 41
31 29 48 46 43
32 29 51 50 46
33 29 116 114 109
34 29 117 116 112
35 29 61 61 58
30 30 41 39 35
31 30 45 42 38
32 30 72 69 64
33 30 130 126 121
34 30 58 56 53
32 31 81 76 70
33 31 94 89 84
34 31 53 51 47
