29 0 178 181 180
28 1 172 175 173
29 1 185 187 185
30 1 190 192 190
27 2 175 173 170
28 2 182 177 175
29 2 188 186 183
30 2 192 193 191
31 2 193 194 192
26 3 171 170 168
27 3 185 175 172
28 3 197 168 165
29 3 196 175 174
30 3 192 187 185
31 3 194 194 192
32 3 194 194 193
25 4 173 171 168
26 4 180 173 171
27 4 189 175 173
28 4 201 148 146
29 4 204 149 148
30 4 200 171 170
31 4 196 187 186
32 4 197 196 195
33 4 195 197 194
24 5 171 169 167
25 5 180 170 168
26 5 192 161 159
27 5 196 155 155
28 5 199 152 154
29 5 204 129 127
30 5 204 147 145
31 5 200 178 176
32 5 194 194 191
33 5 197 199 196
34 5 194 195 193
23 6 175 174 172
24 6 178 168 166
25 6 190 162 161
26 6 194 155 156
27 6 197 144 145
28 6 197 158 158
29 6 196 173 171
30 6 196 183 181
31 6 195 190 188
32 6 193 195 192
33 6 198 200 197
34 6 198 200 198
35 6 191 192 189
22 7 173 171 169
23 7 175 167 165
24 7 187 161 159
25 7 193 149 149
26 7 192 160 161
27 7 190 172 172
28 7 188 179 177
29 7 187 187 184
30 7 189 191 188
31 7 191 193 190
32 7 194 196 193
33 7 196 197 195
34 7 200 202 199
35 7 202 203 200
36 7 194 193 190
21 8 172 168 166
22 8 174 163 161
23 8 183 157 155
24 8 190 137 136
25 8 190 157 157
26 8 185 171 170
27 8 181 179 177
28 8 182 184 181
29 8 185 187 184
30 8 189 191 188
31 8 191 193 190
32 8 194 196 193
33 8 197 199 196
34 8 198 200 197
35 8 202 202 198
36 8 197 194 187
37 8 184 180 173
20 9 174 172 169
21 9 170 160 158
22 9 181 155 153
23 9 184 155 154
24 9 186 158 157
25 9 180 168 166
26 9 164 163 161
27 9 150 153 150
28 9 169 172 169
29 9 185 188 185
30 9 189 191 188
31 9 192 193 190
32 9 194 196 192
33 9 196 197 194
34 9 196 197 193
35 9 198 195 188
36 9 200 195 186
37 9 198 196 191
38 9 192 192 189
19 10 172 169 166
20 10 168 156 153
21 10 179 145 142
22 10 184 130 129
23 10 182 154 153
24 10 176 167 166
25 10 155 154 152
26 10 100 102 100
27 10 79 83 80
28 10 154 158 155
29 10 185 187 184
30 10 190 192 189
31 10 192 194 191
32 10 193 195 192
33 10 196 196 193
34 10 197 195 189
35 10 200 196 190
36 10 194 192 187
37 10 193 193 189
38 10 199 199 196
39 10 188 188 186
18 11 170 165 161
19 11 165 152 149
20 11 175 141 139
21 11 180 101 98
22 11 183 122 121
23 11 180 162 161
24 11 167 164 162
25 11 115 117 115
26 11 28 30 29
27 11 90 93 91
28 11 165 168 165
29 11 186 189 186
30 11 190 191 188
31 11 193 194 191
32 11 194 194 191
33 11 196 194 188
34 11 198 195 189
35 11 186 184 180
36 11 173 174 171
37 11 174 175 172
38 11 191 192 190
39 11 194 195 192
40 11 193 193 191
17 12 162 157 152
18 12 161 153 148
19 12 171 145 141
20 12 178 114 112
21 12 180 89 88
22 12 181 140 139
23 12 176 171 169
24 12 158 160 157
25 12 94 97 94
26 12 83 85 83
27 12 150 153 150
28 12 181 183 180
29 12 188 190 187
30 12 190 192 189
31 12 192 192 189
32 12 194 192 186
33 12 196 192 187
34 12 178 177 174
35 12 124 125 123
36 12 86 87 86
37 12 94 95 93
38 12 168 168 166
39 12 190 190 188
40 12 195 195 193
41 12 192 192 189
17 13 151 146 140
18 13 162 155 149
19 13 173 138 134
20 13 178 110 109
21 13 178 113 112
22 13 179 158 156
23 13 175 174 172
24 13 167 168 165
25 13 148 150 148
26 13 159 162 159
27 13 179 181 178
28 13 186 188 185
29 13 189 191 187
30 13 190 190 187
31 13 193 191 185
32 13 196 192 187
33 13 184 183 180
34 13 125 126 125
35 13 25 25 25
36 13 4 4 4
37 13 53 54 52
38 13 154 155 153
39 13 184 185 182
40 13 187 188 185
41 13 193 194 191
42 13 192 193 191
17 14 157 153 147
18 14 159 155 150
19 14 169 150 145
20 14 178 124 122
21 14 179 135 133
22 14 175 168 165
23 14 175 176 174
24 14 177 178 175
25 14 178 180 177
26 14 180 182 179
27 14 184 186 182
28 14 187 189 185
29 14 188 189 185
30 14 189 187 182
31 14 194 191 185
32 14 190 189 185
33 14 176 176 174
34 14 108 109 108
35 14 17 17 17
36 14 19 19 19
37 14 108 108 106
38 14 173 174 171
39 14 185 185 183
40 14 185 186 183
41 14 184 185 182
42 14 192 193 190
43 14 193 193 191
17 15 161 158 153
18 15 158 156 151
19 15 166 160 156
20 15 176 147 144
21 15 177 151 148
22 15 174 172 169
23 15 176 177 174
24 15 178 180 176
25 15 180 182 178
26 15 183 184 181
27 15 185 186 182
28 15 186 186 182
29 15 189 187 181
30 15 192 188 182
31 15 188 186 182
32 15 184 184 181
33 15 178 179 177
34 15 149 149 148
35 15 107 107 106
36 15 116 117 114
37 15 159 160 157
38 15 180 181 178
39 15 182 183 180
40 15 184 184 182
41 15 182 183 180
42 15 184 184 182
43 15 189 189 187
44 15 193 194 192
18 16 161 160 155
19 16 163 161 157
20 16 171 163 160
21 16 175 166 163
22 16 175 175 172
23 16 177 178 175
24 16 179 181 177
25 16 181 183 179
26 16 183 184 180
27 16 185 185 181
28 16 188 185 179
29 16 192 187 181
30 16 188 186 182
31 16 183 183 180
32 16 182 182 180
33 16 181 181 178
34 16 174 174 172
35 16 172 172 170
36 16 173 173 170
37 16 178 179 176
38 16 180 180 177
39 16 180 181 178
40 16 180 181 178
41 16 181 182 179
42 16 180 180 177
43 16 179 179 177
44 16 185 185 183
45 16 192 192 190
19 17 161 159 155
20 17 168 168 164
21 17 173 173 169
22 17 176 176 173
23 17 178 178 175
24 17 180 181 177
25 17 182 183 179
26 17 184 183 179
27 17 186 183 177
28 17 190 185 179
29 17 186 183 179
30 17 181 180 177
31 17 180 180 177
32 17 180 180 177
33 17 180 180 177
34 17 179 180 176
35 17 179 179 176
36 17 178 178 175
37 17 178 179 176
38 17 178 178 175
39 17 178 179 176
40 17 178 178 176
41 17 178 178 175
42 17 178 178 175
43 17 177 177 175
44 17 177 178 175
45 17 182 183 180
46 17 190 191 189
19 18 165 163 158
20 18 167 167 162
21 18 174 174 170
22 18 177 177 173
23 18 178 179 175
24 18 180 181 177
25 18 182 182 178
26 18 184 181 175
27 18 188 183 176
28 18 184 182 177
29 18 180 179 175
30 18 179 178 175
31 18 180 179 176
32 18 178 178 175
33 18 178 177 174
34 18 178 178 175
35 18 177 177 174
36 18 177 177 174
37 18 177 177 174
38 18 175 175 172
39 18 175 176 173
40 18 176 176 173
41 18 175 175 172
42 18 175 176 173
43 18 175 175 172
44 18 174 175 172
45 18 172 173 170
46 18 175 177 175
47 18 183 185 184
20 19 166 165 160
21 19 173 173 168
22 19 176 177 173
23 19 179 179 175
24 19 180 179 175
25 19 182 178 172
26 19 187 181 174
27 19 184 181 177
28 19 178 176 173
29 19 178 177 173
30 19 177 177 173
31 19 176 176 173
32 19 177 176 173
33 19 176 176 172
34 19 175 175 172
35 19 175 175 172
36 19 173 174 170
37 19 173 174 171
38 19 174 175 172
39 19 173 174 171
40 19 172 172 169
41 19 173 174 170
42 19 172 172 169
43 19 173 173 170
44 19 175 175 172
45 19 174 176 174
46 19 161 163 162
47 19 173 176 175
20 20 167 165 160
21 20 171 170 165
22 20 176 176 171
23 20 178 177 172
24 20 181 177 170
25 20 184 177 170
26 20 182 178 174
27 20 177 175 171
28 20 176 175 171
29 20 176 175 171
30 20 175 175 171
31 20 174 174 171
32 20 173 173 170
33 20 174 174 171
34 20 173 174 170
35 20 173 173 170
36 20 172 173 169
37 20 171 171 168
38 20 172 172 169
39 20 172 172 169
40 20 170 171 167
41 20 170 170 167
42 20 170 170 166
43 20 171 172 168
44 20 171 172 170
45 20 158 160 158
46 20 71 73 72
21 21 172 169 163
22 21 173 170 164
23 21 179 173 166
24 21 183 175 167
25 21 180 176 170
26 21 175 173 169
27 21 173 172 168
28 21 173 172 168
29 21 173 172 168
30 21 172 171 167
31 21 172 172 169
32 21 171 171 168
33 21 171 171 168
34 21 170 170 167
35 21 170 170 167
36 21 170 170 167
37 21 170 170 167
38 21 169 169 166
39 21 168 167 164
40 21 169 168 165
41 21 169 169 165
42 21 169 169 166
43 21 170 171 169
44 21 158 160 158
45 21 63 65 63
21 22 158 150 142
22 22 169 159 149
23 22 178 166 157
24 22 179 173 167
25 22 173 170 166
26 22 173 171 168
27 22 172 171 167
28 22 171 170 166
29 22 170 170 166
30 22 169 169 165
31 22 169 169 165
32 22 170 170 166
33 22 169 168 165
34 22 169 169 166
35 22 169 168 165
36 22 168 168 165
37 22 168 167 164
38 22 166 166 163
39 22 167 167 164
40 22 167 167 163
41 22 168 168 165
42 22 168 169 167
43 22 154 155 153
44 22 66 67 66
22 23 166 148 135
23 23 174 162 152
24 23 168 163 156
25 23 170 167 163
26 23 171 169 165
27 23 170 168 164
28 23 170 168 164
29 23 168 168 164
30 23 167 167 162
31 23 167 167 163
32 23 167 166 163
33 23 166 166 162
34 23 166 166 163
35 23 165 165 162
36 23 164 164 161
37 23 165 165 161
38 23 164 163 160
39 23 164 164 160
40 23 165 165 161
41 23 166 167 164
42 23 152 153 151
43 23 62 63 62
23 24 165 156 146
24 24 169 163 156
25 24 166 162 157
26 24 166 164 160
27 24 168 166 162
28 24 168 166 162
29 24 166 165 161
30 24 165 165 160
31 24 165 165 160
32 24 164 164 160
33 24 161 161 158
34 24 152 152 149
35 24 145 146 143
36 24 148 148 145
37 24 160 160 157
38 24 162 162 158
39 24 164 164 160
40 24 165 165 162
41 24 148 149 146
42 24 61 62 60
25 25 165 160 153
26 25 166 162 157
27 25 163 160 156
28 25 165 163 159
29 25 164 163 159
30 25 163 162 158
31 25 162 161 157
32 25 159 159 155
33 25 135 135 132
34 25 83 84 83
35 25 66 66 65
36 25 100 101 98
37 25 150 150 146
38 25 160 160 156
39 25 163 162 159
40 25 145 145 142
41 25 60 61 59
26 26 162 157 151
27 26 165 160 155
28 26 161 158 152
29 26 161 159 155
30 26 161 159 155
31 26 159 158 154
32 26 147 146 142
33 26 78 79 77
34 26 19 19 19
35 26 18 18 17
36 26 92 92 88
37 26 149 149 145
38 26 159 159 156
39 26 140 141 138
40 26 60 60 58
28 27 161 156 149
29 27 160 156 150
30 27 156 153 149
31 27 156 154 150
32 27 140 139 135
33 27 67 66 64
34 27 39 38 36
35 27 67 66 63
36 27 124 122 118
37 27 152 152 148
38 27 135 136 133
39 27 60 60 58
29 28 157 151 145
30 28 157 152 146
31 28 152 148 142
32 28 145 143 138
33 28 118 116 112
34 28 116 113 108
35 28 129 127 122
36 28 145 144 139
37 28 133 132 128
38 28 56 56 54
30 29 153 147 139
31 29 150 144 137
32 29 148 143 137
33 29 143 139 133
34 29 145 142 136
35 29 146 144 138
36 29 128 126 121
37 29 55 54 51
32 30 144 137 129
33 30 145 139 131
34 30 140 135 128
35 30 126 122 117
36 30 53 51 48
33 31 139 131 123
34 31 126 118 111
35 31 45 42 38
