29 0 177 180 178
28 1 175 177 175
29 1 186 189 187
30 1 192 194 192
27 2 181 179 176
28 2 189 182 180
29 2 191 188 185
30 2 193 194 192
31 2 195 197 194
26 3 178 177 175
27 3 189 179 177
28 3 200 169 167
29 3 200 176 175
30 3 195 188 186
31 3 195 195 193
32 3 197 198 197
25 4 178 176 174
26 4 185 178 176
27 4 192 179 177
28 4 203 155 154
29 4 207 147 145
30 4 203 169 168
31 4 199 184 183
32 4 198 196 195
33 4 200 201 199
24 5 177 175 173
25 5 185 175 173
26 5 195 163 162
27 5 198 156 156
28 5 201 159 160
29 5 207 135 134
30 5 206 144 142
31 5 204 171 168
32 5 198 193 190
33 5 199 201 198
34 5 202 204 202
35 5 204 206 204
23 6 175 173 171
24 6 184 175 173
25 6 194 165 164
26 6 197 160 160
27 6 199 148 149
28 6 200 157 158
29 6 199 173 172
30 6 199 183 181
31 6 198 190 188
32 6 196 196 193
33 6 197 199 197
34 6 201 203 200
35 6 204 206 204
36 6 206 207 205
22 7 174 171 169
23 7 180 171 170
24 7 190 162 161
25 7 195 151 151
26 7 196 162 163
27 7 193 174 174
28 7 191 181 179
29 7 190 188 186
30 7 191 193 190
31 7 193 195 192
32 7 194 196 194
33 7 198 199 197
34 7 199 201 198
35 7 203 205 202
36 7 206 207 204
37 7 206 205 201
21 8 172 168 166
22 8 181 168 166
23 8 187 160 159
24 8 193 138 138
25 8 193 158 158
26 8 188 173 172
27 8 184 180 178
28 8 183 184 182
29 8 187 189 187
30 8 191 193 190
31 8 192 194 192
32 8 195 197 194
33 8 198 199 196
34 8 199 201 198
35 8 201 202 199
36 8 204 203 199
37 8 199 195 188
38 8 198 192 182
20 9 173 170 167
21 9 176 166 164
22 9 185 156 155
23 9 187 158 158
24 9 189 162 161
25 9 185 171 170
26 9 170 169 167
27 9 154 156 153
28 9 158 161 158
29 9 183 186 183
30 9 191 193 190
31 9 194 195 192
32 9 196 198 195
33 9 198 199 196
34 9 199 201 197
35 9 200 200 196
36 9 200 197 190
37 9 200 195 187
38 9 202 199 194
39 9 207 206 203
19 10 170 166 164
20 10 174 161 159
21 10 183 145 142
22 10 188 130 129
23 10 186 155 155
24 10 182 172 170
25 10 166 165 162
26 10 117 119 117
27 10 70 73 71
28 10 123 126 124
29 10 178 181 178
30 10 191 193 190
31 10 194 196 193
32 10 196 197 194
33 10 197 199 195
34 10 198 199 195
35 10 199 197 191
36 10 201 197 191
37 10 194 192 187
38 10 196 196 192
39 10 202 202 200
40 10 206 206 204
18 11 168 162 158
19 11 173 159 155
20 11 179 141 138
21 11 184 98 96
22 11 186 121 120
23 11 184 164 163
24 11 175 172 169
25 11 139 141 138
26 11 48 49 48
27 11 42 44 43
28 11 140 144 141
29 11 183 186 183
30 11 191 193 190
31 11 195 196 193
32 11 195 197 193
33 11 197 197 193
34 11 197 195 189
35 11 198 194 189
36 11 185 185 181
37 11 175 175 173
38 11 182 183 180
39 11 192 192 190
40 11 200 201 198
41 11 204 205 202
17 12 161 156 151
18 12 167 159 154
19 12 176 145 141
20 12 181 114 113
21 12 183 88 87
22 12 184 138 137
23 12 181 174 172
24 12 170 171 169
25 12 124 126 124
26 12 68 70 69
27 12 125 128 125
28 12 173 175 172
29 12 189 191 188
30 12 192 194 191
31 12 194 195 192
32 12 195 195 192
33 12 195 193 187
34 12 196 193 188
35 12 176 175 172
36 12 120 121 119
37 12 87 88 87
38 12 120 121 119
39 12 181 182 179
40 12 192 193 190
41 12 201 201 199
42 12 203 203 201
16 13 156 149 142
17 13 157 152 146
18 13 168 160 154
19 13 177 140 135
20 13 181 114 113
21 13 182 112 111
22 13 183 157 155
23 13 178 177 174
24 13 175 177 174
25 13 157 159 156
26 13 156 158 156
27 13 174 176 173
28 13 187 189 185
29 13 191 193 189
30 13 192 193 190
31 13 193 194 190
32 13 194 191 186
33 13 196 193 187
34 13 182 181 178
35 13 113 115 113
36 13 16 16 16
37 13 8 8 8
38 13 92 93 91
39 13 174 174 172
40 13 187 188 185
41 13 189 190 187
42 13 199 199 197
17 14 157 153 147
18 14 164 161 156
19 14 173 154 150
20 14 181 129 127
21 14 182 132 131
22 14 179 167 165
23 14 178 179 176
24 14 180 181 179
25 14 181 182 179
26 14 182 184 181
27 14 186 187 184
28 14 189 190 187
29 14 190 192 188
30 14 191 191 187
31 14 193 190 184
32 14 195 192 186
33 14 191 190 186
34 14 171 172 170
35 14 86 87 86
36 14 5 6 6
37 14 44 44 43
38 14 141 141 139
39 14 181 182 179
40 14 187 187 184
41 14 185 185 182
42 14 189 189 187
43 14 195 196 194
17 15 164 162 156
18 15 162 160 155
19 15 169 165 161
20 15 179 153 150
21 15 182 149 146
22 15 178 173 170
23 15 179 180 177
24 15 180 182 179
25 15 183 184 181
26 15 185 187 183
27 15 187 189 185
28 15 189 190 186
29 15 190 190 186
30 15 191 188 182
31 15 194 190 184
32 15 190 189 185
33 15 186 186 184
34 15 176 177 175
35 15 141 142 141
36 15 100 101 99
37 15 135 136 133
38 15 171 172 169
39 15 182 183 180
40 15 184 184 182
41 15 184 184 182
42 15 183 184 181
43 15 185 186 183
44 15 194 194 192
18 16 162 160 155
19 16 167 165 161
20 16 173 167 164
21 16 178 167 164
22 16 178 177 174
23 16 179 180 177
24 16 182 183 180
25 16 184 185 182
26 16 185 186 183
27 16 187 188 184
28 16 189 188 184
29 16 190 186 180
30 16 193 188 182
31 16 189 188 184
32 16 185 185 182
33 16 185 185 183
34 16 182 182 179
35 16 175 176 173
36 16 172 172 170
37 16 177 178 175
38 16 181 182 179
39 16 181 181 179
40 16 182 182 179
41 16 182 182 179
42 16 180 181 178
43 16 180 180 178
44 16 183 184 181
45 16 192 192 190
19 17 166 165 160
20 17 171 170 166
21 17 175 175 171
22 17 179 179 175
23 17 180 181 178
24 17 182 183 180
25 17 184 185 181
26 17 186 187 183
27 17 187 187 182
28 17 189 184 178
29 17 191 186 180
30 17 188 186 182
31 17 184 184 180
32 17 183 183 180
33 17 183 183 180
34 17 182 182 179
35 17 181 181 178
36 17 180 181 178
37 17 181 181 178
38 17 180 181 178
39 17 179 179 177
40 17 179 180 177
41 17 178 179 176
42 17 177 177 175
43 17 177 178 175
44 17 177 178 175
45 17 180 181 178
46 17 189 190 188
19 18 153 152 146
20 18 168 168 163
21 18 176 176 172
22 18 179 179 176
23 18 180 181 177
24 18 183 183 180
25 18 185 185 181
26 18 185 185 180
27 18 187 182 176
28 18 189 184 177
29 18 186 184 179
30 18 182 181 177
31 18 182 182 178
32 18 180 180 177
33 18 181 181 178
34 18 181 181 178
35 18 179 180 176
36 18 179 179 176
37 18 179 179 176
38 18 178 178 175
39 18 177 177 174
40 18 178 178 175
41 18 176 176 173
42 18 176 176 173
43 18 176 176 173
44 18 175 176 173
45 18 175 176 173
46 18 172 174 172
47 18 180 182 180
20 19 170 169 164
21 19 174 173 169
22 19 178 178 174
23 19 181 182 178
24 19 182 183 179
25 19 183 182 177
26 19 185 181 174
27 19 187 182 175
28 19 184 181 177
29 19 181 180 176
30 19 180 179 176
31 19 180 180 176
32 19 179 178 175
33 19 179 179 175
34 19 178 178 175
35 19 177 177 174
36 19 176 177 173
37 19 175 176 172
38 19 176 176 173
39 19 174 175 172
40 19 174 174 171
41 19 174 174 171
42 19 173 173 170
43 19 173 173 170
44 19 175 175 172
45 19 173 174 172
46 19 156 159 157
47 19 153 155 154
21 20 172 171 165
22 20 177 177 172
23 20 181 181 176
24 20 182 181 176
25 20 182 177 170
26 20 185 179 172
27 20 183 180 175
28 20 180 178 175
29 20 179 178 175
30 20 179 179 175
31 20 177 177 174
32 20 176 176 173
33 20 177 177 173
34 20 177 177 174
35 20 175 175 172
36 20 175 175 172
37 20 173 173 170
38 20 174 174 171
39 20 173 173 170
40 20 172 172 169
41 20 171 171 168
42 20 171 171 168
43 20 172 173 170
44 20 171 172 170
45 20 156 158 156
46 20 63 64 63
21 21 160 158 151
22 21 173 171 165
23 21 179 176 170
24 21 181 174 167
25 21 184 177 169
26 21 182 179 174
27 21 176 174 171
28 21 177 176 172
29 21 176 175 171
30 21 176 176 172
31 21 175 175 172
32 21 175 174 171
33 21 175 174 171
34 21 173 173 170
35 21 173 173 170
36 21 172 172 169
37 21 171 171 168
38 21 171 171 168
39 21 170 169 167
40 21 170 169 166
41 21 170 169 166
42 21 170 170 167
43 21 170 172 169
44 21 155 156 154
45 21 100 102 100
22 22 172 165 156
23 22 174 163 153
24 22 181 170 161
25 22 178 173 167
26 22 176 174 170
27 22 176 174 170
28 22 175 174 170
29 22 174 173 169
30 22 172 172 168
31 22 173 172 168
32 22 172 172 169
33 22 172 172 169
34 22 172 172 169
35 22 172 172 169
36 22 169 169 166
37 22 169 169 166
38 22 169 168 165
39 22 169 169 165
40 22 169 168 165
41 22 169 169 166
42 22 169 169 167
43 22 153 154 152
44 22 62 64 62
23 23 171 154 142
24 23 175 165 156
25 23 171 167 162
26 23 174 171 167
27 23 173 171 167
28 23 173 172 168
29 23 173 172 167
30 23 171 170 166
31 23 170 170 166
32 23 170 169 166
33 23 169 168 165
34 23 169 169 166
35 23 168 168 165
36 23 165 165 162
37 23 166 166 163
38 23 166 166 163
39 23 166 166 163
40 23 166 166 162
41 23 167 167 164
42 23 156 157 155
43 23 62 63 61
24 24 171 162 154
25 24 171 166 160
26 24 169 166 161
27 24 170 168 164
28 24 171 169 165
29 24 170 169 164
30 24 169 168 164
31 24 168 167 163
32 24 167 167 163
33 24 165 165 161
34 24 157 157 154
35 24 148 149 146
36 24 146 147 143
37 24 160 160 157
38 24 164 164 160
39 24 166 165 162
40 24 165 165 162
41 24 149 150 147
42 24 61 62 60
25 25 171 165 158
26 25 173 168 162
27 25 168 164 159
28 25 168 166 162
29 25 168 166 162
30 25 167 166 162
31 25 165 164 160
32 25 163 163 158
33 25 148 148 145
34 25 107 107 105
35 25 75 76 74
36 25 92 92 89
37 25 146 146 142
38 25 162 161 158
39 25 164 164 161
40 25 148 148 145
41 25 60 60 58
27 26 167 162 156
28 26 165 161 156
29 26 164 162 157
30 26 164 163 158
31 26 163 162 157
32 26 156 156 152
33 26 113 113 109
34 26 33 33 32
35 26 14 14 14
36 26 81 81 78
37 26 147 147 143
38 26 161 160 157
39 26 148 148 145
40 26 60 60 58
28 27 168 163 156
29 27 165 161 155
30 27 160 157 152
31 27 159 157 153
32 27 151 150 146
33 27 94 94 91
34 27 42 41 39
35 27 64 63 59
36 27 121 119 115
37 27 152 152 148
38 27 144 144 141
39 27 59 59 57
29 28 162 157 151
30 28 162 157 150
31 28 154 150 144
32 28 151 149 144
33 28 127 125 120
34 28 118 115 110
35 28 131 129 124
36 28 146 144 139
37 28 140 139 135
38 28 56 56 54
31 29 154 148 141
32 29 151 146 140
33 29 147 143 137
34 29 148 144 138
35 29 149 146 140
36 29 135 133 128
37 29 55 54 51
32 30 148 142 134
33 30 150 143 135
34 30 142 137 130
35 30 129 126 120
36 30 52 51 47
34 31 131 123 116
35 31 45 41 38
