28 0 168 171 168
29 0 178 181 179
27 1 180 181 179
28 1 185 186 184
29 1 189 191 189
30 1 192 194 192
31 1 193 195 193
26 2 180 182 179
27 2 188 187 184
28 2 194 187 185
29 2 198 190 188
30 2 196 194 192
31 2 195 196 194
32 2 195 197 195
25 3 180 182 179
26 3 186 186 184
27 3 192 188 185
28 3 203 178 175
29 3 207 170 168
30 3 203 185 183
31 3 199 193 191
32 3 197 196 194
33 3 197 198 196
34 3 198 199 197
24 4 180 182 179
25 4 186 184 182
26 4 192 184 182
27 4 196 183 182
28 4 202 178 177
29 4 210 148 147
30 4 210 155 154
31 4 207 172 171
32 4 205 185 184
33 4 201 196 194
34 4 200 199 197
35 4 201 203 200
23 5 180 181 179
24 5 186 184 182
25 5 191 183 181
26 5 200 173 172
27 5 203 157 157
28 5 204 165 165
29 5 207 160 162
30 5 210 139 138
31 5 211 147 145
32 5 209 160 158
33 5 206 187 185
34 5 201 200 197
35 5 201 203 200
36 5 202 204 202
37 5 202 205 202
22 6 179 180 178
23 6 184 183 181
24 6 191 183 181
25 6 199 171 170
26 6 202 163 163
27 6 202 165 167
28 6 204 153 154
29 6 205 163 163
30 6 204 176 175
31 6 203 185 183
32 6 202 191 190
33 6 201 197 194
34 6 199 200 197
35 6 200 202 200
36 6 202 204 201
37 6 203 205 202
38 6 204 205 203
21 7 179 178 177
22 7 183 180 179
23 7 188 180 178
24 7 196 170 168
25 7 200 153 152
26 7 202 160 161
27 7 200 170 171
28 7 198 181 180
29 7 196 186 185
30 7 194 192 190
31 7 194 195 193
32 7 195 197 195
33 7 197 199 196
34 7 198 200 198
35 7 201 202 200
36 7 202 204 201
37 7 203 205 202
38 7 204 206 203
39 7 205 206 203
40 7 205 205 202
20 8 177 177 175
21 8 183 179 177
22 8 189 177 175
23 8 193 168 167
24 8 197 153 153
25 8 199 141 140
26 8 197 172 172
27 8 194 182 181
28 8 189 187 185
29 8 186 188 185
30 8 190 192 190
31 8 192 195 192
32 8 194 197 194
33 8 197 199 196
34 8 199 201 198
35 8 200 202 199
36 8 202 204 201
37 8 203 205 202
38 8 204 206 203
39 8 205 206 202
40 8 203 200 194
41 8 193 186 177
19 9 175 174 171
20 9 181 177 175
21 9 185 175 173
22 9 192 160 158
23 9 194 158 158
24 9 194 170 169
25 9 194 171 170
26 9 190 182 181
27 9 180 180 178
28 9 163 165 163
29 9 149 152 149
30 9 167 170 167
31 9 189 192 189
32 9 195 197 195
33 9 197 199 196
34 9 198 200 197
35 9 200 202 199
36 9 202 204 201
37 9 203 204 201
38 9 204 205 202
39 9 203 202 197
40 9 200 196 187
41 9 199 195 187
42 9 203 201 196
18 10 175 172 169
19 10 179 174 172
20 10 184 170 168
21 10 190 150 147
22 10 193 122 120
23 10 193 143 143
24 10 192 165 165
25 10 189 181 179
26 10 178 178 176
27 10 138 140 138
28 10 77 80 78
29 10 52 54 52
30 10 119 123 121
31 10 182 186 183
32 10 195 197 194
33 10 197 199 196
34 10 198 200 197
35 10 200 202 198
36 10 201 202 199
37 10 202 203 200
38 10 203 202 197
39 10 200 197 190
40 10 200 197 192
41 10 196 195 192
42 10 204 204 201
17 11 172 168 164
18 11 177 171 167
19 11 182 167 164
20 11 186 147 144
21 11 189 103 101
22 11 191 93 91
23 11 193 144 144
24 11 189 174 173
25 11 184 183 181
26 11 167 169 166
27 11 87 89 87
28 11 8 9 8
29 11 19 20 20
30 11 124 128 126
31 11 185 188 185
32 11 195 197 194
33 11 198 199 196
34 11 199 200 197
35 11 199 200 197
36 11 200 201 198
37 11 201 200 196
38 11 199 196 190
39 11 193 191 186
40 11 183 183 180
41 11 189 190 187
42 11 195 196 193
43 11 202 202 200
16 12 164 158 152
17 12 172 169 164
18 12 178 169 165
19 12 184 151 147
20 12 188 128 127
21 12 188 98 98
22 12 189 92 91
23 12 192 151 150
24 12 187 181 180
25 12 183 184 182
26 12 164 166 163
27 12 95 98 95
28 12 60 63 61
29 12 108 111 108
30 12 172 174 172
31 12 192 194 191
32 12 196 198 194
33 12 197 198 195
34 12 199 200 197
35 12 199 200 197
36 12 199 199 194
37 12 198 195 189
38 12 187 184 179
39 12 143 143 140
40 12 106 107 105
41 12 166 167 165
42 12 189 190 188
43 12 198 199 197
16 13 164 158 151
17 13 170 167 161
18 13 176 170 165
19 13 183 154 149
20 13 187 123 121
21 13 187 119 119
22 13 189 116 115
23 13 189 161 159
24 13 186 184 181
25 13 184 186 183
26 13 178 180 177
27 13 161 163 160
28 13 162 165 162
29 13 176 179 176
30 13 190 192 189
31 13 195 196 193
32 13 195 197 194
33 13 196 198 194
34 13 197 198 195
35 13 197 197 192
36 13 196 194 188
37 13 192 189 185
38 13 142 142 140
39 13 42 43 42
40 13 64 65 63
41 13 162 162 160
42 13 187 188 185
43 13 190 191 189
44 13 195 196 194
17 14 169 166 160
18 14 171 169 164
19 14 177 169 165
20 14 185 153 150
21 14 188 135 133
22 14 188 128 127
23 14 187 169 166
24 14 185 184 182
25 14 186 187 185
26 14 186 188 185
27 14 186 188 185
28 14 189 191 188
29 14 191 192 189
30 14 192 194 190
31 14 195 196 193
32 14 196 197 194
33 14 197 198 194
34 14 196 196 191
35 14 195 192 186
36 14 195 193 189
37 14 179 180 177
38 14 96 97 95
39 14 33 33 32
40 14 129 130 127
41 14 180 180 178
42 14 187 187 184
43 14 184 185 182
44 14 190 191 189
18 15 165 163 157
19 15 173 171 167
20 15 179 173 170
21 15 185 161 157
22 15 188 145 142
23 15 186 174 171
24 15 184 184 182
25 15 185 187 184
26 15 187 189 185
27 15 189 191 187
28 15 190 191 188
29 15 192 193 190
30 15 192 194 190
31 15 194 195 192
32 15 195 196 192
33 15 196 195 190
34 15 194 190 185
35 15 196 193 188
36 15 190 190 187
37 15 178 178 176
38 15 136 136 135
39 15 128 129 126
40 15 169 170 167
41 15 184 185 182
42 15 184 185 182
43 15 183 183 181
44 15 182 182 180
45 15 189 189 187
19 16 162 160 156
20 16 174 173 169
21 16 180 176 172
22 16 186 171 168
23 16 185 180 176
24 16 185 186 183
25 16 186 187 184
26 16 188 189 186
27 16 189 190 187
28 16 191 192 189
29 16 192 193 189
30 16 193 194 190
31 16 194 194 190
32 16 195 193 189
33 16 194 190 184
34 16 194 191 186
35 16 191 190 187
36 16 188 187 185
37 16 183 183 181
38 16 177 177 175
39 16 176 177 174
40 16 182 182 179
41 16 183 183 180
42 16 181 181 178
43 16 179 179 176
44 16 178 178 176
45 16 182 183 180
20 17 160 158 153
21 17 175 174 169
22 17 181 180 177
23 17 184 184 180
24 17 185 186 183
25 17 187 188 184
26 17 188 189 186
27 17 190 191 188
28 17 191 192 188
29 17 192 192 189
30 17 193 193 189
31 17 193 191 186
32 17 192 188 181
33 17 193 190 185
34 17 189 188 184
35 17 186 186 183
36 17 186 186 183
37 17 184 184 181
38 17 183 183 180
39 17 181 182 179
40 17 180 181 178
41 17 180 180 177
42 17 178 178 175
43 17 176 176 174
44 17 175 175 172
45 17 173 173 171
46 17 180 181 179
21 18 162 161 156
22 18 176 175 171
23 18 182 183 179
24 18 185 186 182
25 18 187 188 184
26 18 189 189 186
27 18 189 190 187
28 18 190 191 187
29 18 192 192 188
30 18 192 190 185
31 18 191 186 179
32 18 192 188 182
33 18 187 186 182
34 18 185 185 182
35 18 185 185 182
36 18 183 183 180
37 18 182 182 179
38 18 181 181 178
39 18 178 179 175
40 18 179 179 176
41 18 177 177 174
42 18 175 176 172
43 18 173 174 170
44 18 172 172 169
45 18 169 170 168
46 18 166 168 166
22 19 156 155 150
23 19 177 176 172
24 19 184 184 181
25 19 186 187 183
26 19 189 189 185
27 19 189 190 186
28 19 189 190 185
29 19 191 189 184
30 19 189 184 177
31 19 190 186 181
32 19 185 183 179
33 19 185 184 181
34 19 183 183 179
35 19 182 182 179
36 19 180 180 177
37 19 179 179 176
38 19 178 178 175
39 19 177 177 174
40 19 175 175 172
41 19 174 174 171
42 19 172 172 169
43 19 171 171 168
44 19 171 172 169
45 19 161 163 162
46 19 136 139 137
23 20 153 152 147
24 20 176 175 170
25 20 185 185 180
26 20 187 188 183
27 20 189 189 184
28 20 189 187 181
29 20 188 182 175
30 20 190 185 179
31 20 184 182 179
32 20 183 182 179
33 20 182 181 178
34 20 181 181 177
35 20 179 179 176
36 20 179 178 175
37 20 176 176 173
38 20 176 177 174
39 20 175 175 172
40 20 172 172 169
41 20 171 171 168
42 20 171 171 167
43 20 170 171 168
44 20 161 162 160
45 20 61 62 61
24 21 146 144 139
25 21 175 174 168
26 21 186 184 179
27 21 187 183 177
28 21 186 179 171
29 21 188 182 176
30 21 183 181 177
31 21 181 180 176
32 21 180 179 175
33 21 179 179 175
34 21 177 177 174
35 21 177 176 174
36 21 176 176 173
37 21 174 174 171
38 21 174 174 171
39 21 171 170 167
40 21 170 170 167
41 21 170 170 166
42 21 168 169 166
43 21 161 162 160
44 21 127 129 127
25 22 141 137 129
26 22 173 166 158
27 22 182 171 162
28 22 185 177 170
29 22 182 179 174
30 22 180 179 175
31 22 179 178 174
32 22 178 177 173
33 22 176 175 171
34 22 175 175 171
35 22 175 175 172
36 22 173 173 170
37 22 172 172 169
38 22 170 170 167
39 22 169 168 165
40 22 168 168 164
41 22 168 168 165
42 22 161 162 159
43 22 125 126 124
26 23 130 118 108
27 23 168 155 144
28 23 177 171 165
29 23 178 175 171
30 23 178 176 173
31 23 177 176 172
32 23 175 174 170
33 23 173 173 169
34 23 173 172 169
35 23 172 172 168
36 23 169 169 166
37 23 168 168 165
38 23 167 167 163
39 23 166 166 162
40 23 166 166 162
41 23 161 162 159
42 23 133 134 133
27 24 144 135 128
28 24 167 161 155
29 24 175 172 167
30 24 176 174 170
31 24 175 173 169
32 24 174 173 168
33 24 171 170 166
34 24 169 169 165
35 24 161 161 157
36 24 145 145 143
37 24 149 149 146
38 24 164 163 160
39 24 165 164 160
40 24 162 162 159
41 24 133 134 131
28 25 143 137 131
29 25 165 161 156
30 25 171 169 165
31 25 172 171 167
32 25 171 169 165
33 25 168 167 163
34 25 155 155 152
35 25 107 107 105
36 25 68 69 67
37 25 124 124 120
38 25 161 160 157
39 25 161 161 158
40 25 134 134 131
29 26 152 147 142
30 26 164 160 154
31 26 168 165 161
32 26 168 167 163
33 26 162 161 157
34 26 120 120 116
35 26 29 30 29
36 26 54 54 52
37 26 139 139 135
38 26 158 158 155
39 26 143 143 140
30 27 151 147 141
31 27 161 157 152
32 27 163 161 156
33 27 153 152 148
34 27 94 94 91
35 27 61 59 56
36 27 118 116 112
37 27 149 149 145
38 27 141 141 138
39 27 55 55 53
31 28 155 150 144
32 28 156 151 145
33 28 152 150 145
34 28 129 126 122
35 28 135 133 128
36 28 146 144 140
37 28 139 138 134
38 28 52 52 50
32 29 149 143 136
33 29 149 145 138
34 29 150 147 141
35 29 150 147 141
36 29 135 133 127
37 29 52 51 48
33 30 148 142 135
34 30 143 137 130
35 30 130 127 121
36 30 50 48 45
34 31 129 121 113
35 31 41 36 33
