32 0 144 129 123
30 1 154 144 134
31 1 157 149 141
32 1 165 158 152
33 1 176 170 166
29 2 163 156 147
30 2 167 161 152
31 2 171 165 158
32 2 176 171 166
33 2 179 175 170
34 2 182 178 174
35 2 185 182 178
27 3 167 160 152
28 3 169 164 157
29 3 173 168 162
30 3 175 172 165
31 3 177 174 168
32 3 178 174 168
33 3 179 176 171
34 3 183 181 176
35 3 187 185 182
36 3 190 189 186
25 4 170 164 157
26 4 171 166 159
27 4 174 170 163
28 4 178 175 169
29 4 180 177 172
30 4 180 178 172
31 4 180 177 172
32 4 180 178 173
33 4 181 179 174
34 4 183 182 177
35 4 188 187 183
36 4 191 191 188
37 4 194 193 191
38 4 193 193 191
23 5 169 163 155
24 5 173 169 162
25 5 175 172 166
26 5 179 177 171
27 5 181 179 174
28 5 182 181 176
29 5 183 182 177
30 5 183 182 177
31 5 184 182 178
32 5 183 182 178
33 5 184 183 179
34 5 186 185 181
35 5 187 187 183
36 5 190 190 187
37 5 193 193 190
38 5 194 195 192
39 5 195 196 195
40 5 196 197 196
22 6 172 167 161
23 6 175 172 166
24 6 180 177 172
25 6 182 181 176
26 6 183 181 177
27 6 184 183 179
28 6 185 184 180
29 6 185 185 181
30 6 186 185 182
31 6 186 186 183
32 6 187 186 183
33 6 188 188 184
34 6 188 187 184
35 6 189 189 185
36 6 190 190 187
37 6 192 192 189
38 6 194 194 191
39 6 197 198 196
40 6 198 199 198
41 6 198 200 199
20 7 172 166 159
21 7 173 169 163
22 7 173 170 165
23 7 172 170 166
24 7 172 171 167
25 7 178 177 173
26 7 184 183 179
27 7 186 185 182
28 7 186 186 183
29 7 183 183 180
30 7 179 179 176
31 7 173 174 171
32 7 178 179 176
33 7 188 188 185
34 7 190 191 188
35 7 192 192 189
36 7 191 192 189
37 7 188 188 186
38 7 182 182 179
39 7 184 184 181
40 7 194 195 192
41 7 200 201 200
42 7 200 202 201
43 7 198 201 200
18 8 169 155 144
19 8 175 167 160
20 8 177 173 168
21 8 171 169 165
22 8 147 146 142
23 8 118 117 114
24 8 109 108 105
25 8 140 139 135
26 8 177 177 174
27 8 187 187 184
28 8 183 184 181
29 8 161 162 159
30 8 126 126 123
31 8 97 98 95
32 8 119 120 117
33 8 170 171 168
34 8 190 191 188
35 8 192 193 190
36 8 183 184 182
37 8 153 154 152
38 8 115 115 112
39 8 114 114 111
40 8 157 158 155
41 8 192 193 191
42 8 201 202 201
43 8 202 204 203
44 8 198 201 200
17 9 162 150 139
18 9 172 159 149
19 9 182 174 167
20 9 181 179 175
21 9 156 156 153
22 9 83 83 82
23 9 24 24 23
24 9 28 29 28
25 9 110 110 108
26 9 175 175 172
27 9 188 188 185
28 9 180 181 178
29 9 133 134 131
30 9 47 48 47
31 9 15 16 15
32 9 64 65 64
33 9 155 156 154
34 9 189 190 187
35 9 193 194 192
36 9 173 174 173
37 9 99 101 100
38 9 24 25 24
39 9 24 24 24
40 9 106 108 106
41 9 181 182 180
42 9 200 201 200
43 9 203 204 203
44 9 198 200 200
45 9 192 194 193
17 10 53 49 44
18 10 128 120 112
19 10 169 162 155
20 10 183 180 174
21 10 166 165 161
22 10 126 126 124
23 10 104 105 102
24 10 122 122 119
25 10 163 164 161
26 10 185 185 183
27 10 189 190 187
28 10 187 188 185
29 10 165 166 164
30 10 135 136 134
31 10 120 121 119
32 10 154 155 153
33 10 184 185 183
34 10 194 195 193
35 10 196 197 195
36 10 186 187 186
37 10 157 159 158
38 10 129 131 129
39 10 132 134 132
40 10 167 169 168
41 10 193 194 193
42 10 201 202 200
43 10 202 203 202
44 10 195 197 196
45 10 198 201 201
18 11 57 54 50
19 11 92 90 86
20 11 163 159 153
21 11 183 179 174
22 11 179 177 174
23 11 178 177 174
24 11 180 180 177
25 11 188 188 185
26 11 192 191 189
27 11 192 192 189
28 11 192 192 189
29 11 189 190 187
30 11 186 187 184
31 11 185 186 183
32 11 191 192 190
33 11 196 197 195
34 11 197 198 196
35 11 197 198 196
36 11 197 198 196
37 11 193 195 193
38 11 191 193 191
39 11 191 193 191
40 11 197 198 196
41 11 198 200 198
42 11 192 193 191
43 11 189 190 188
44 11 185 187 186
45 11 197 199 199
18 12 53 51 48
19 12 46 45 43
20 12 66 66 64
21 12 152 148 143
22 12 187 183 178
23 12 192 190 186
24 12 193 192 189
25 12 193 193 190
26 12 194 193 190
27 12 194 194 191
28 12 194 194 191
29 12 195 195 192
30 12 195 196 193
31 12 196 197 194
32 12 197 198 195
33 12 197 198 195
34 12 199 199 197
35 12 199 200 198
36 12 200 201 198
37 12 201 202 200
38 12 201 202 200
39 12 202 203 201
40 12 198 199 197
41 12 176 177 175
42 12 130 131 128
43 12 167 168 165
44 12 183 185 183
45 12 193 195 194
18 13 54 52 48
19 13 47 45 43
20 13 21 21 20
21 13 41 42 40
22 13 148 145 141
23 13 186 182 177
24 13 194 192 187
25 13 194 193 189
26 13 195 194 191
27 13 196 196 193
28 13 196 196 193
29 13 197 197 194
30 13 197 197 194
31 13 198 198 196
32 13 198 198 196
33 13 198 199 196
34 13 199 199 197
35 13 200 200 198
36 13 201 202 200
37 13 201 202 200
38 13 201 201 199
39 13 197 198 196
40 13 168 169 167
41 13 75 77 75
42 13 48 48 46
43 13 161 161 158
44 13 180 181 179
45 13 192 194 192
18 14 54 52 48
19 14 52 50 47
20 14 34 34 32
21 14 26 26 25
22 14 54 54 52
23 14 127 125 121
24 14 182 179 174
25 14 195 192 188
26 14 195 194 190
27 14 196 196 193
28 14 197 197 195
29 14 197 198 195
30 14 197 198 195
31 14 199 199 197
32 14 200 200 197
33 14 200 201 198
34 14 201 201 199
35 14 202 202 200
36 14 201 202 199
37 14 198 199 196
38 14 186 187 185
39 14 179 181 179
40 14 129 132 130
41 14 19 20 19
42 14 100 100 97
43 14 170 170 166
44 14 175 176 173
45 14 189 190 188
19 15 57 55 51
20 15 52 52 49
21 15 35 35 34
22 15 48 48 47
23 15 60 61 59
24 15 108 108 105
25 15 175 172 167
26 15 195 192 187
27 15 197 196 192
28 15 197 197 194
29 15 198 198 196
30 15 198 199 196
31 15 200 200 197
32 15 200 200 198
33 15 201 202 199
34 15 201 201 199
35 15 201 202 199
36 15 193 194 191
37 15 156 158 155
38 15 105 106 104
39 15 150 153 152
40 15 122 126 125
41 15 100 100 97
42 15 158 158 154
43 15 176 176 172
44 15 173 173 170
45 15 186 187 185
19 16 58 55 51
20 16 59 58 55
21 16 54 54 52
22 16 55 55 53
23 16 60 60 58
24 16 62 62 60
25 16 94 94 91
26 16 168 164 159
27 16 194 191 186
28 16 198 196 192
29 16 199 198 195
30 16 200 200 197
31 16 200 201 198
32 16 201 202 199
33 16 202 202 200
34 16 200 200 198
35 16 194 195 193
36 16 147 149 146
37 16 47 48 46
38 16 52 54 52
39 16 152 155 153
40 16 163 164 162
41 16 163 162 159
42 16 172 172 168
43 16 174 173 169
44 16 165 165 161
45 16 181 181 179
19 17 56 53 49
20 17 59 57 54
21 17 60 59 57
22 17 59 59 57
23 17 60 60 58
24 17 61 61 59
25 17 61 62 60
26 17 67 67 65
27 17 155 153 148
28 17 192 189 183
29 17 198 196 191
30 17 200 200 196
31 17 200 200 197
32 17 199 199 196
33 17 193 194 191
34 17 180 181 179
35 17 173 175 173
36 17 96 99 97
37 17 25 25 24
38 17 117 118 115
39 17 172 172 169
40 17 177 177 174
41 17 175 174 171
42 17 171 170 165
43 17 168 167 162
44 17 160 159 154
45 17 174 174 170
19 18 55 51 47
20 18 58 56 52
21 18 61 60 57
22 18 60 60 58
23 18 59 59 57
24 18 60 60 58
25 18 61 61 59
26 18 61 61 59
27 18 61 62 59
28 18 139 137 133
29 18 186 183 176
30 18 195 192 186
31 18 197 196 192
32 18 180 181 178
33 18 133 134 131
34 18 104 105 103
35 18 146 150 148
36 18 106 109 107
37 18 116 117 114
38 18 163 163 160
39 18 177 177 174
40 18 175 175 172
41 18 171 170 166
42 18 164 163 158
43 18 162 160 155
44 18 157 155 150
19 19 53 48 44
20 19 57 54 50
21 19 60 59 56
22 19 60 59 57
23 19 60 59 57
24 19 60 60 57
25 19 59 60 57
26 19 60 61 58
27 19 61 61 59
28 19 62 62 60
29 19 121 121 118
30 19 184 180 173
31 19 178 177 173
32 19 109 109 106
33 19 22 23 22
34 19 78 79 77
35 19 162 164 162
36 19 165 166 164
37 19 168 168 165
38 19 177 176 173
39 19 175 175 171
40 19 170 170 166
41 19 155 154 149
42 19 129 128 122
43 19 148 146 141
44 19 150 148 143
20 20 56 51 47
21 20 59 56 53
22 20 60 59 56
23 20 59 59 56
24 20 60 60 57
25 20 59 59 57
26 20 59 59 57
27 20 60 60 58
28 20 61 62 59
29 20 108 109 106
30 20 177 174 168
31 20 159 159 155
32 20 43 43 42
33 20 43 44 42
34 20 138 138 135
35 20 177 177 174
36 20 180 180 177
37 20 177 177 174
38 20 175 175 171
39 20 171 171 167
40 20 155 155 151
41 20 99 99 94
42 20 67 66 62
43 20 140 137 131
44 20 142 139 133
20 21 50 44 40
21 21 56 52 48
22 21 59 57 54
23 21 59 58 56
24 21 59 58 56
25 21 59 59 57
26 21 59 59 57
27 21 59 59 57
28 21 60 60 58
29 21 93 94 92
30 21 171 168 163
31 21 145 145 141
32 21 84 84 82
33 21 130 130 127
34 21 171 171 168
35 21 180 180 177
36 21 178 177 174
37 21 174 174 170
38 21 167 167 163
39 21 159 159 155
40 21 116 116 113
41 21 26 25 24
42 21 82 80 75
43 21 135 131 125
44 21 133 128 122
21 22 49 45 42
22 22 55 53 50
23 22 59 58 55
24 22 59 58 56
25 22 58 58 56
26 22 58 58 56
27 22 59 59 56
28 22 60 59 57
29 22 76 76 74
30 22 170 168 164
31 22 172 171 168
32 22 164 164 161
33 22 173 173 170
34 22 180 179 176
35 22 178 178 175
36 22 174 173 170
37 22 158 158 154
38 22 126 126 122
39 22 128 128 124
40 22 100 100 97
41 22 77 75 70
42 22 120 115 109
43 22 126 120 113
44 22 109 102 96
22 23 50 48 45
23 23 55 53 50
24 23 57 56 54
25 23 58 57 55
26 23 57 57 55
27 23 56 56 54
28 23 58 58 56
29 23 68 68 65
30 23 167 165 161
31 23 181 179 175
32 23 180 179 177
33 23 179 179 176
34 23 178 178 174
35 23 176 175 172
36 23 160 160 156
37 23 102 102 99
38 23 44 44 42
39 23 118 117 113
40 23 129 127 122
41 23 127 123 117
42 23 120 115 108
43 23 47 44 41
23 24 49 47 44
24 24 54 52 49
25 24 57 56 53
26 24 54 54 51
27 24 47 47 45
28 24 52 52 50
29 24 60 60 57
30 24 157 156 152
31 24 180 178 173
32 24 180 180 177
33 24 176 176 173
34 24 171 171 168
35 24 167 166 163
36 24 132 132 129
37 24 24 24 23
38 24 77 76 72
39 24 138 136 130
40 24 139 136 130
41 24 120 115 109
42 24 43 40 36
24 25 48 46 43
25 25 53 52 49
26 25 53 53 50
27 25 34 34 32
28 25 32 32 30
29 25 52 52 49
30 25 147 145 141
31 25 177 174 169
32 25 176 176 173
33 25 160 160 157
34 25 137 137 134
35 25 138 138 135
36 25 122 123 120
37 25 82 81 77
38 25 127 124 119
39 25 139 135 130
40 25 111 107 101
25 26 48 46 43
26 26 50 48 45
27 26 39 38 36
28 26 17 17 16
29 26 38 38 36
30 26 133 132 129
31 26 174 170 164
32 26 162 161 158
33 26 98 98 96
34 26 49 49 47
35 26 123 122 119
36 26 146 145 141
37 26 137 135 129
38 26 129 125 120
39 26 49 47 43
26 27 46 44 41
27 27 44 42 40
28 27 30 29 27
29 27 26 25 24
30 27 109 109 105
31 27 164 160 155
32 27 120 119 116
33 27 18 18 17
34 27 79 79 76
35 27 147 145 142
36 27 150 148 143
37 27 134 130 125
38 27 49 47 43
27 28 42 39 37
28 28 40 38 35
29 28 36 35 32
30 28 90 88 84
31 28 147 142 135
32 28 85 83 80
33 28 80 79 75
34 28 133 130 126
35 28 145 142 137
36 28 126 122 117
37 28 46 44 41
28 29 41 39 36
29 29 44 41 38
30 29 77 75 71
31 29 151 145 138
32 29 140 137 132
33 29 141 138 133
34 29 138 135 130
35 29 116 111 106
29 30 40 37 34
30 30 64 61 56
31 30 147 139 131
32 30 153 147 140
33 30 137 132 126
34 30 51 49 45
30 31 38 35 32
31 31 141 130 121
32 31 131 120 111
33 31 47 43 39
