30 1 155 145 136
31 1 159 150 143
32 1 166 158 153
33 1 176 170 165
28 2 158 149 139
29 2 163 156 147
30 2 168 161 153
31 2 171 166 159
32 2 176 171 166
33 2 179 175 170
34 2 181 178 173
35 2 186 183 180
27 3 167 161 153
28 3 170 164 157
29 3 173 168 162
30 3 175 172 165
31 3 178 174 168
32 3 178 174 168
33 3 179 176 171
34 3 183 181 176
35 3 187 185 181
36 3 190 188 186
25 4 169 164 156
26 4 172 167 160
27 4 174 170 164
28 4 178 175 170
29 4 180 178 172
30 4 180 178 172
31 4 180 177 172
32 4 180 178 173
33 4 181 179 174
34 4 183 181 177
35 4 187 186 183
36 4 191 190 187
37 4 193 193 191
38 4 193 193 191
23 5 170 164 156
24 5 174 169 163
25 5 176 172 166
26 5 180 177 172
27 5 181 179 174
28 5 183 181 176
29 5 183 182 177
30 5 183 182 177
31 5 184 182 178
32 5 183 182 177
33 5 184 183 179
34 5 185 185 180
35 5 187 186 182
36 5 190 189 186
37 5 192 192 189
38 5 194 194 192
39 5 195 195 194
40 5 195 197 196
22 6 172 168 161
23 6 176 172 166
24 6 180 177 172
25 6 183 181 176
26 6 183 182 177
27 6 184 183 179
28 6 185 184 180
29 6 185 185 181
30 6 186 185 182
31 6 186 186 183
32 6 187 186 183
33 6 188 187 184
34 6 187 187 184
35 6 189 189 185
36 6 190 190 186
37 6 192 191 188
38 6 194 194 191
39 6 196 197 195
40 6 198 199 197
41 6 197 199 198
20 7 172 166 159
21 7 174 170 164
22 7 173 171 166
23 7 172 170 166
24 7 172 171 167
25 7 177 176 172
26 7 183 183 179
27 7 186 186 182
28 7 187 186 183
29 7 184 184 181
30 7 180 180 177
31 7 174 174 171
32 7 177 177 174
33 7 187 187 184
34 7 190 190 187
35 7 191 192 189
36 7 191 192 189
37 7 189 189 187
38 7 183 183 180
39 7 183 183 180
40 7 192 193 191
41 7 199 200 199
42 7 199 201 200
43 7 198 201 200
18 8 167 152 140
19 8 175 168 160
20 8 178 174 169
21 8 173 171 168
22 8 150 149 145
23 8 119 119 115
24 8 107 106 103
25 8 131 131 127
26 8 174 174 170
27 8 187 187 184
28 8 185 185 182
29 8 167 168 165
30 8 132 132 130
31 8 100 100 98
32 8 111 112 109
33 8 162 163 160
34 8 188 189 186
35 8 192 193 191
36 8 187 188 186
37 8 161 162 160
38 8 122 122 120
39 8 113 114 111
40 8 149 150 147
41 8 187 189 186
42 8 200 201 200
43 8 201 203 202
44 8 199 201 201
17 9 151 138 125
18 9 169 156 144
19 9 182 173 166
20 9 183 180 176
21 9 163 163 160
22 9 96 97 95
23 9 28 28 27
24 9 21 21 20
25 9 92 92 89
26 9 168 169 166
27 9 188 188 185
28 9 184 185 182
29 9 148 149 147
30 9 64 65 64
31 9 17 17 17
32 9 44 45 44
33 9 139 140 137
34 9 185 186 184
35 9 193 194 192
36 9 181 183 181
37 9 119 122 120
38 9 34 35 34
39 9 16 17 16
40 9 82 84 82
41 9 170 172 170
42 9 198 199 197
43 9 202 204 203
44 9 199 201 200
45 9 192 194 193
17 10 53 49 43
18 10 118 112 104
19 10 165 159 152
20 10 184 180 175
21 10 173 171 167
22 10 134 134 132
23 10 110 110 108
24 10 114 114 111
25 10 156 157 154
26 10 183 183 180
27 10 190 190 187
28 10 189 190 187
29 10 172 173 171
30 10 143 144 142
31 10 119 121 118
32 10 143 145 142
33 10 179 180 178
34 10 193 194 192
35 10 196 197 195
36 10 190 191 189
37 10 164 167 165
38 10 134 137 135
39 10 123 124 123
40 10 157 159 157
41 10 188 189 188
42 10 200 201 199
43 10 201 202 201
44 10 195 197 196
45 10 195 198 197
18 11 57 55 51
19 11 83 82 79
20 11 155 151 146
21 11 183 179 174
22 11 180 178 174
23 11 179 178 175
24 11 179 179 176
25 11 187 187 184
26 11 192 191 189
27 11 192 192 189
28 11 192 192 190
29 11 190 191 188
30 11 187 188 185
31 11 185 186 183
32 11 189 190 188
33 11 195 196 194
34 11 197 198 196
35 11 197 198 196
36 11 197 198 196
37 11 194 195 194
38 11 191 193 191
39 11 190 191 189
40 11 196 197 195
41 11 198 199 198
42 11 195 196 194
43 11 189 190 188
44 11 188 190 189
45 11 191 194 193
18 12 54 52 48
19 12 48 47 44
20 12 41 41 39
21 12 142 140 135
22 12 184 180 175
23 12 192 189 185
24 12 193 192 189
25 12 193 193 190
26 12 194 194 191
27 12 194 194 191
28 12 194 194 191
29 12 195 195 193
30 12 195 196 193
31 12 196 196 194
32 12 197 197 195
33 12 197 198 195
34 12 199 199 197
35 12 199 200 197
36 12 199 200 198
37 12 201 202 200
38 12 201 202 200
39 12 202 203 201
40 12 199 200 198
41 12 185 186 184
42 12 139 140 138
43 12 159 159 156
44 12 186 187 185
45 12 188 190 189
18 13 55 52 49
19 13 48 47 44
20 13 20 20 19
21 13 32 32 31
22 13 126 124 119
23 13 178 175 170
24 13 194 191 187
25 13 194 193 189
26 13 195 194 191
27 13 196 196 193
28 13 196 196 193
29 13 197 197 194
30 13 197 197 194
31 13 198 198 195
32 13 198 198 196
33 13 198 198 196
34 13 199 199 197
35 13 200 200 198
36 13 201 202 199
37 13 201 202 200
38 13 202 202 200
39 13 201 201 199
40 13 181 183 181
41 13 108 109 107
42 13 40 40 39
43 13 152 152 149
44 13 180 181 179
45 13 190 191 190
18 14 55 52 48
19 14 53 51 48
20 14 35 35 34
21 14 21 21 20
22 14 50 50 48
23 14 102 102 99
24 14 173 170 165
25 14 194 191 186
26 14 195 194 190
27 14 196 196 193
28 14 198 197 195
29 14 198 197 195
30 14 197 197 195
31 14 199 199 197
32 14 200 200 197
33 14 200 201 198
34 14 200 201 199
35 14 202 202 200
36 14 201 202 200
37 14 200 201 198
38 14 191 192 190
39 14 178 179 177
40 14 153 156 154
41 14 28 29 28
42 14 88 88 85
43 14 165 165 161
44 14 175 176 173
45 14 188 189 188
18 15 55 51 47
19 15 57 55 52
20 15 53 53 51
21 15 35 35 34
22 15 44 44 43
23 15 60 60 58
24 15 82 83 80
25 15 157 155 150
26 15 192 189 184
27 15 197 195 191
28 15 197 197 194
29 15 198 198 196
30 15 198 199 196
31 15 199 200 197
32 15 200 200 198
33 15 201 201 199
34 15 201 201 199
35 15 202 202 200
36 15 198 199 197
37 15 174 176 173
38 15 120 121 119
39 15 138 141 139
40 15 139 142 141
41 15 91 92 90
42 15 152 152 148
43 15 176 175 172
44 15 169 170 167
45 15 185 186 184
19 16 58 55 52
20 16 59 58 55
21 16 55 55 53
22 16 54 55 53
23 16 60 60 58
24 16 62 62 60
25 16 62 62 60
26 16 148 146 142
27 16 188 185 180
28 16 198 195 190
29 16 199 198 194
30 16 200 200 197
31 16 200 201 198
32 16 201 202 199
33 16 202 203 200
34 16 201 201 199
35 16 199 199 197
36 16 172 174 171
37 16 79 80 78
38 16 31 32 31
39 16 136 138 137
40 16 164 165 163
41 16 160 160 157
42 16 169 169 165
43 16 173 172 168
44 16 168 167 164
45 16 179 180 177
19 17 56 53 49
20 17 59 58 55
21 17 60 60 57
22 17 59 60 57
23 17 60 60 58
24 17 60 61 59
25 17 61 62 59
26 17 62 62 60
27 17 119 119 115
28 17 181 178 172
29 17 198 195 189
30 17 200 198 194
31 17 200 200 197
32 17 200 200 197
33 17 197 198 195
34 17 186 187 184
35 17 178 179 177
36 17 137 140 138
37 17 21 21 21
38 17 94 95 92
39 17 164 165 162
40 17 176 176 173
41 17 174 173 170
42 17 171 170 165
43 17 167 165 160
44 17 157 155 151
19 18 56 52 48
20 18 59 56 53
21 18 61 60 57
22 18 60 60 58
23 18 59 59 57
24 18 60 60 58
25 18 61 61 59
26 18 61 61 59
27 18 61 61 59
28 18 96 96 94
29 18 172 169 164
30 18 194 191 185
31 18 197 195 190
32 18 191 191 188
33 18 160 161 158
34 18 106 107 105
35 18 135 138 136
36 18 127 130 128
37 18 102 102 100
38 18 155 156 152
39 18 176 176 172
40 18 176 175 172
41 18 169 169 164
42 18 163 161 156
43 18 161 159 153
44 18 153 151 146
19 19 54 49 45
20 19 57 54 51
21 19 60 59 57
22 19 60 59 57
23 19 60 59 57
24 19 59 60 57
25 19 59 60 57
26 19 60 61 58
27 19 60 61 58
28 19 61 61 59
29 19 70 71 69
30 19 172 171 167
31 19 189 186 180
32 19 150 150 146
33 19 51 52 50
34 19 41 42 41
35 19 145 147 144
36 19 168 169 166
37 19 166 166 163
38 19 175 175 172
39 19 174 174 171
40 19 168 168 164
41 19 153 153 148
42 19 129 127 121
43 19 148 146 141
44 19 149 147 142
19 20 51 45 41
20 20 57 53 49
21 20 59 58 54
22 20 60 59 56
23 20 59 59 56
24 20 60 60 57
25 20 59 59 56
26 20 59 59 57
27 20 60 60 58
28 20 61 61 59
29 20 62 63 60
30 20 166 166 163
31 20 178 176 170
32 20 104 104 101
33 20 20 20 20
34 20 109 110 107
35 20 171 171 168
36 20 180 180 177
37 20 177 177 174
38 20 175 175 171
39 20 170 170 166
40 20 153 153 149
41 20 98 98 94
42 20 76 74 70
43 20 142 139 133
44 20 143 140 135
20 21 52 46 41
21 21 57 53 50
22 21 59 58 55
23 21 59 58 56
24 21 59 58 56
25 21 59 59 57
26 21 59 59 57
27 21 59 59 57
28 21 60 60 58
29 21 61 61 59
30 21 160 161 158
31 21 165 162 157
32 21 99 99 97
33 21 110 110 108
34 21 161 161 159
35 21 179 179 176
36 21 177 177 174
37 21 174 174 170
38 21 167 167 163
39 21 158 158 154
40 21 114 114 110
41 21 32 31 29
42 21 92 89 84
43 21 134 130 124
44 21 131 125 119
20 22 45 39 35
21 22 51 48 44
22 22 56 54 51
23 22 59 58 55
24 22 59 58 56
25 22 58 58 56
26 22 59 58 56
27 22 59 59 56
28 22 59 59 57
29 22 61 61 58
30 22 150 151 148
31 22 176 173 168
32 22 165 165 162
33 22 169 169 166
34 22 178 178 175
35 22 179 179 175
36 22 175 175 171
37 22 159 159 155
38 22 127 127 123
39 22 125 126 122
40 22 95 95 92
41 22 83 80 76
42 22 120 115 109
43 22 119 113 106
44 22 117 110 103
21 23 45 42 39
22 23 51 49 46
23 23 56 54 51
24 23 58 57 54
25 23 58 57 55
26 23 58 58 55
27 23 56 56 54
28 23 58 58 56
29 23 60 60 57
30 23 138 138 135
31 23 180 176 171
32 23 181 180 177
33 23 179 179 176
34 23 178 178 175
35 23 175 175 172
36 23 163 163 159
37 23 109 109 106
38 23 50 50 47
39 23 117 117 113
40 23 127 125 120
41 23 123 119 113
42 23 113 108 102
43 23 44 41 37
23 24 51 48 46
24 24 54 53 50
25 24 57 56 53
26 24 54 54 52
27 24 47 47 45
28 24 51 51 49
29 24 57 57 55
30 24 127 127 124
31 24 178 175 169
32 24 179 178 175
33 24 177 176 173
34 24 172 172 169
35 24 167 167 163
36 24 137 137 134
37 24 36 36 34
38 24 81 80 76
39 24 137 134 129
40 24 134 130 124
41 24 114 109 103
42 24 40 37 34
24 25 49 47 44
25 25 54 52 49
26 25 54 53 51
27 25 35 35 33
28 25 28 28 27
29 25 49 49 47
30 25 113 112 109
31 25 175 171 166
32 25 177 176 173
33 25 164 164 161
34 25 138 139 135
35 25 135 135 131
36 25 126 126 123
37 25 84 83 79
38 25 125 123 117
39 25 135 131 125
40 25 114 110 103
25 26 48 46 43
26 26 51 49 46
27 26 40 39 37
28 26 15 15 15
29 26 33 33 32
30 26 96 96 92
31 26 171 168 163
32 26 167 166 162
33 26 115 115 112
34 26 52 52 50
35 26 116 116 112
36 26 144 143 139
37 26 135 132 127
38 26 125 122 116
39 26 49 47 44
26 27 47 44 42
27 27 45 43 41
28 27 31 30 28
29 27 22 21 20
30 27 83 83 81
31 27 164 160 155
32 27 135 133 129
33 27 29 29 28
34 27 73 72 69
35 27 143 142 138
36 27 147 144 140
37 27 128 125 119
38 27 47 45 42
27 28 42 40 37
28 28 41 39 36
29 28 36 34 32
30 28 66 65 62
31 28 149 145 139
32 28 99 96 92
33 28 75 74 70
34 28 128 126 121
35 28 143 140 135
36 28 121 117 112
37 28 45 43 40
28 29 41 39 36
29 29 44 42 39
30 29 61 59 56
31 29 149 144 138
32 29 141 137 131
33 29 139 136 131
34 29 136 133 127
35 29 105 101 96
29 30 40 37 34
30 30 61 57 53
31 30 144 136 129
32 30 151 145 138
33 30 134 130 124
34 30 51 48 45
30 31 37 34 31
31 31 138 127 118
32 31 134 123 114
33 31 48 43 39
