28 0 172 175 173
29 0 183 186 185
30 0 189 192 191
27 1 182 184 182
28 1 187 190 188
29 1 191 193 192
30 1 193 195 193
31 1 194 196 193
26 2 182 185 183
27 2 189 191 189
28 2 194 190 188
29 2 199 189 187
30 2 199 193 191
31 2 196 196 194
32 2 195 197 194
33 2 195 197 194
25 3 183 185 183
26 3 189 190 188
27 3 192 191 189
28 3 201 185 183
29 3 208 166 163
30 3 206 176 175
31 3 203 189 188
32 3 198 194 192
33 3 196 196 194
34 3 198 198 197
35 3 198 199 197
24 4 183 185 183
25 4 189 189 187
26 4 193 189 187
27 4 198 183 181
28 4 200 184 183
29 4 206 170 169
30 4 211 145 144
31 4 209 160 159
32 4 208 175 174
33 4 204 186 185
34 4 201 195 194
35 4 201 200 198
36 4 199 201 199
37 4 199 201 198
23 5 182 184 182
24 5 188 189 187
25 5 192 188 186
26 5 199 179 178
27 5 204 159 158
28 5 206 158 158
29 5 206 163 164
30 5 208 156 158
31 5 210 138 137
32 5 210 141 140
33 5 209 159 157
34 5 207 185 183
35 5 201 199 196
36 5 200 202 199
37 5 200 202 199
38 5 201 203 200
22 6 182 184 182
23 6 187 188 186
24 6 192 189 187
25 6 198 179 178
26 6 203 159 158
27 6 203 167 168
28 6 204 165 167
29 6 205 154 155
30 6 205 165 165
31 6 204 176 175
32 6 203 184 183
33 6 202 191 189
34 6 201 194 192
35 6 199 199 197
36 6 199 201 198
37 6 200 202 200
38 6 201 203 200
39 6 203 205 202
40 6 203 205 202
21 7 182 183 181
22 7 187 187 185
23 7 190 185 184
24 7 196 178 176
25 7 200 156 155
26 7 203 149 149
27 7 203 165 166
28 7 201 171 172
29 7 198 182 182
30 7 197 188 187
31 7 195 192 190
32 7 194 195 192
33 7 195 197 194
34 7 196 198 196
35 7 198 200 197
36 7 199 201 198
37 7 200 202 200
38 7 201 203 200
39 7 202 204 201
40 7 203 204 202
41 7 204 206 203
42 7 203 202 197
20 8 180 182 180
21 8 186 186 184
22 8 190 184 182
23 8 194 171 169
24 8 198 162 162
25 8 199 146 146
26 8 200 145 144
27 8 199 178 177
28 8 194 184 183
29 8 190 188 186
30 8 188 189 187
31 8 188 190 188
32 8 192 194 192
33 8 195 197 194
34 8 196 198 196
35 8 197 199 197
36 8 199 201 198
37 8 201 202 199
38 8 201 203 200
39 8 203 204 201
40 8 203 205 202
41 8 204 204 201
42 8 201 199 193
43 8 191 185 175
19 9 180 180 178
20 9 185 184 182
21 9 187 182 179
22 9 192 171 168
23 9 195 147 146
24 9 196 165 166
25 9 195 172 172
26 9 195 174 173
27 9 192 186 184
28 9 181 182 180
29 9 167 169 167
30 9 151 154 151
31 9 154 158 155
32 9 182 184 182
33 9 193 196 193
34 9 196 198 195
35 9 198 199 196
36 9 199 201 198
37 9 200 202 199
38 9 201 203 200
39 9 202 203 200
40 9 203 204 200
41 9 203 202 197
42 9 198 193 185
43 9 194 189 181
18 10 179 179 176
19 10 183 181 178
20 10 186 180 177
21 10 190 162 159
22 10 193 129 126
23 10 194 112 111
24 10 195 148 148
25 10 194 168 167
26 10 190 182 181
27 10 183 183 181
28 10 154 156 154
29 10 93 96 94
30 10 50 52 50
31 10 68 70 69
32 10 153 157 154
33 10 190 193 190
34 10 196 198 195
35 10 198 200 197
36 10 199 200 197
37 10 199 201 198
38 10 201 202 199
39 10 201 202 199
40 10 202 201 197
41 10 200 196 190
42 10 199 195 189
43 10 189 188 184
44 10 196 194 191
17 11 177 175 170
18 11 181 179 175
19 11 184 176 172
20 11 187 160 157
21 11 190 124 121
22 11 191 90 88
23 11 193 94 93
24 11 194 144 144
25 11 191 176 175
26 11 188 186 184
27 11 178 180 178
28 11 127 129 127
29 11 27 28 27
30 11 3 3 3
31 11 42 44 43
32 11 148 152 150
33 11 190 193 190
34 11 196 198 195
35 11 197 199 196
36 11 198 200 197
37 11 199 201 198
38 11 200 202 198
39 11 200 200 196
40 11 198 196 190
41 11 194 191 186
42 11 182 182 178
43 11 184 184 181
44 11 194 194 191
16 12 168 163 156
17 12 176 174 168
18 12 180 177 172
19 12 184 165 161
20 12 189 140 137
21 12 190 122 123
22 12 189 99 98
23 12 191 93 92
24 12 193 145 145
25 12 190 181 180
26 12 187 187 185
27 12 180 181 178
28 12 138 140 137
29 12 73 76 74
30 12 66 69 68
31 12 123 126 124
32 12 178 181 178
33 12 193 195 192
34 12 196 198 195
35 12 197 199 196
36 12 198 200 196
37 12 199 201 198
38 12 199 199 195
39 12 198 196 190
40 12 189 186 180
41 12 147 146 142
42 12 144 144 142
43 12 179 179 177
44 12 189 189 186
16 13 154 147 140
17 13 167 163 157
18 13 177 174 169
19 13 181 171 166
20 13 187 151 147
21 13 189 122 120
22 13 190 121 120
23 13 190 116 115
24 13 192 153 151
25 13 188 182 180
26 13 187 188 185
27 13 186 188 185
28 13 174 176 173
29 13 161 164 161
30 13 165 168 165
31 13 180 182 179
32 13 192 193 190
33 13 194 196 193
34 13 195 197 194
35 13 196 198 195
36 13 197 199 195
37 13 198 198 194
38 13 197 195 189
39 13 193 191 185
40 13 152 151 147
41 13 57 57 56
42 13 146 146 144
43 13 180 180 177
44 13 181 182 179
17 14 122 117 110
18 14 153 149 143
19 14 174 172 167
20 14 181 173 169
21 14 187 157 154
22 14 190 140 138
23 14 190 127 126
24 14 190 155 153
25 14 188 184 181
26 14 187 187 185
27 14 188 189 187
28 14 189 191 188
29 14 188 190 187
30 14 189 191 188
31 14 192 194 191
32 14 194 196 192
33 14 195 197 193
34 14 196 197 194
35 14 196 198 194
36 14 196 197 193
37 14 195 194 188
38 14 195 192 187
39 14 180 179 176
40 14 86 87 85
41 14 108 109 106
42 14 172 172 170
43 14 179 179 176
44 14 174 174 171
17 15 47 43 39
18 15 72 67 63
19 15 134 131 126
20 15 173 171 167
21 15 181 177 174
22 15 186 168 165
23 15 189 149 146
24 15 190 161 158
25 15 187 183 181
26 15 187 188 185
27 15 188 190 187
28 15 189 190 187
29 15 190 192 189
30 15 191 193 189
31 15 192 194 191
32 15 193 195 191
33 15 195 196 192
34 15 195 196 192
35 15 197 197 193
36 15 196 193 188
37 15 194 191 185
38 15 192 191 187
39 15 171 171 169
40 15 127 128 125
41 15 161 161 158
42 15 179 179 177
43 15 177 178 175
44 15 165 165 162
45 15 178 178 175
18 16 49 45 42
19 16 42 38 36
20 16 115 112 107
21 16 168 166 161
22 16 182 179 176
23 16 186 175 172
24 16 188 175 172
25 16 187 185 182
26 16 187 188 185
27 16 188 189 186
28 16 190 191 188
29 16 191 192 189
30 16 192 193 190
31 16 193 194 190
32 16 194 195 191
33 16 195 196 192
34 16 195 195 191
35 16 195 193 188
36 16 194 190 183
37 16 192 190 186
38 16 185 185 182
39 16 176 176 174
40 16 172 172 169
41 16 177 178 175
42 16 177 177 175
43 16 174 174 172
44 16 163 163 160
45 16 173 173 170
19 17 50 47 44
20 17 40 38 36
21 17 91 88 84
22 17 160 158 154
23 17 181 180 176
24 17 185 184 180
25 17 187 187 183
26 17 188 188 185
27 17 189 190 186
28 17 190 191 187
29 17 191 192 189
30 17 192 193 190
31 17 192 193 189
32 17 193 194 190
33 17 194 194 190
34 17 194 191 186
35 17 193 188 182
36 17 193 190 186
37 17 187 186 183
38 17 183 183 180
39 17 180 180 177
40 17 178 178 175
41 17 175 176 173
42 17 173 174 171
43 17 170 170 168
44 17 162 162 159
45 17 160 160 157
20 18 54 52 49
21 18 45 44 42
22 18 69 67 63
23 18 151 149 144
24 18 180 180 176
25 18 186 186 182
26 18 188 188 185
27 18 189 189 186
28 18 189 190 186
29 18 191 192 189
30 18 192 192 189
31 18 193 193 189
32 18 193 193 189
33 18 193 191 185
34 18 193 187 180
35 18 191 188 183
36 18 185 185 181
37 18 182 182 179
38 18 180 179 176
39 18 177 177 174
40 18 176 176 173
41 18 173 173 170
42 18 170 171 167
43 18 167 168 165
44 18 158 158 155
45 18 143 144 141
20 19 58 57 54
21 19 55 54 52
22 19 50 49 47
23 19 55 54 52
24 19 135 133 128
25 19 176 175 170
26 19 187 186 183
27 19 188 189 185
28 19 189 190 186
29 19 191 192 188
30 19 191 191 187
31 19 192 192 187
32 19 192 189 184
33 19 191 186 179
34 19 190 186 181
35 19 185 185 181
36 19 182 181 178
37 19 179 179 176
38 19 177 177 174
39 19 174 174 171
40 19 172 172 169
41 19 169 170 166
42 19 167 167 164
43 19 163 163 160
44 19 148 149 147
45 19 131 132 130
21 20 54 53 51
22 20 51 51 49
23 20 51 50 48
24 20 54 53 51
25 20 110 108 103
26 20 169 167 162
27 20 186 186 182
28 20 189 189 185
29 20 190 190 186
30 20 191 190 186
31 20 190 188 182
32 20 188 183 175
33 20 190 186 180
34 20 184 182 179
35 20 181 180 177
36 20 178 178 175
37 20 176 175 172
38 20 175 175 172
39 20 172 172 169
40 20 169 169 166
41 20 166 166 162
42 20 162 163 160
43 20 152 153 151
44 20 59 59 58
22 21 49 49 47
23 21 46 46 44
24 21 51 50 49
25 21 54 53 51
26 21 85 83 78
27 21 157 154 149
28 21 184 183 177
29 21 188 187 182
30 21 189 185 179
31 21 188 180 173
32 21 188 183 178
33 21 182 181 177
34 21 180 179 175
35 21 178 177 174
36 21 175 175 172
37 21 173 173 170
38 21 171 171 168
39 21 168 168 165
40 21 166 166 163
41 21 163 163 160
42 21 152 153 150
43 21 115 117 115
23 22 49 48 46
24 22 45 45 43
25 22 52 52 50
26 22 52 51 49
27 22 54 52 49
28 22 143 138 131
29 22 180 173 165
30 22 183 173 164
31 22 187 180 173
32 22 183 180 176
33 22 179 178 174
34 22 176 175 171
35 22 174 174 170
36 22 172 172 169
37 22 170 170 167
38 22 167 167 164
39 22 165 165 162
40 22 163 162 159
41 22 156 157 154
42 22 128 129 127
24 23 45 45 43
25 23 50 50 49
26 23 58 58 56
27 23 51 51 49
28 23 39 38 36
29 23 127 116 107
30 23 174 162 152
31 23 180 176 171
32 23 178 176 172
33 23 176 175 171
34 23 174 173 169
35 23 171 171 167
36 23 167 167 164
37 23 164 164 161
38 23 163 162 159
39 23 162 161 158
40 23 156 156 153
41 23 136 136 134
25 24 52 52 50
26 24 56 56 54
27 24 57 57 55
28 24 52 51 49
29 24 58 55 53
30 24 149 141 134
31 24 174 170 165
32 24 175 173 170
33 24 173 171 167
34 24 170 170 165
35 24 166 166 162
36 24 148 149 145
37 24 141 141 138
38 24 156 156 153
39 24 157 156 153
40 24 133 133 130
41 24 57 57 55
26 25 58 58 56
27 25 58 58 56
28 25 54 54 52
29 25 50 49 47
30 25 102 97 93
31 25 165 161 155
32 25 171 169 165
33 25 170 169 165
34 25 165 165 160
35 25 141 141 137
36 25 86 86 84
37 25 122 122 118
38 25 153 152 149
39 25 138 138 135
40 25 57 57 55
27 26 57 57 54
28 26 53 53 51
29 26 47 47 46
30 26 52 51 49
31 26 143 139 134
32 26 166 162 157
33 26 166 164 160
34 26 153 152 148
35 26 88 87 84
36 26 71 70 67
37 26 136 136 132
38 26 134 134 131
39 26 57 57 55
29 27 50 50 48
30 27 44 44 42
31 27 85 82 79
32 27 155 151 146
33 27 159 157 152
34 27 134 133 129
35 27 79 78 74
36 27 120 118 113
37 27 133 133 129
38 27 53 53 51
30 28 49 49 47
31 28 50 49 47
32 28 124 121 117
33 28 152 148 143
34 28 138 135 130
35 28 131 128 123
36 28 133 131 127
37 28 50 49 46
31 29 52 51 49
32 29 81 80 77
33 29 141 137 131
34 29 145 141 134
35 29 138 134 129
36 29 86 84 80
32 30 54 53 50
33 30 135 132 127
34 30 133 127 120
35 30 112 109 103
34 31 119 112 106
