30 1 156 145 137
31 1 161 152 146
32 1 172 165 160
33 1 177 172 168
28 2 165 157 147
29 2 166 159 151
30 2 170 164 157
31 2 174 169 162
32 2 177 173 167
33 2 178 174 169
34 2 180 177 172
27 3 170 164 156
28 3 173 167 160
29 3 175 171 165
30 3 177 174 167
31 3 178 175 169
32 3 177 174 168
33 3 178 175 170
34 3 181 179 174
35 3 184 182 179
36 3 187 185 183
25 4 173 167 158
26 4 175 170 163
27 4 177 173 167
28 4 180 178 172
29 4 182 179 174
30 4 182 179 174
31 4 180 178 173
32 4 180 178 172
33 4 180 178 172
34 4 181 179 174
35 4 185 183 180
36 4 187 186 183
37 4 189 188 186
38 4 189 188 187
24 5 177 171 164
25 5 178 174 168
26 5 182 179 173
27 5 183 181 177
28 5 185 183 178
29 5 185 183 179
30 5 184 183 178
31 5 184 183 178
32 5 183 182 177
33 5 183 182 177
34 5 184 183 178
35 5 184 184 179
36 5 186 186 182
37 5 188 188 185
38 5 189 189 187
39 5 189 190 188
40 5 190 191 190
22 6 176 170 162
23 6 179 175 169
24 6 182 179 173
25 6 185 183 178
26 6 186 184 180
27 6 186 185 181
28 6 187 186 182
29 6 187 186 182
30 6 187 186 183
31 6 187 186 183
32 6 187 186 183
33 6 187 186 183
34 6 186 186 182
35 6 186 186 183
36 6 186 186 183
37 6 188 187 184
38 6 189 189 186
39 6 191 192 189
40 6 192 193 191
41 6 191 192 191
21 7 179 172 165
22 7 180 176 170
23 7 180 177 172
24 7 175 174 170
25 7 171 170 166
26 7 172 171 167
27 7 181 181 177
28 7 187 187 184
29 7 188 188 185
30 7 188 188 186
31 7 183 184 181
32 7 177 177 175
33 7 175 175 172
34 7 183 183 180
35 7 189 189 186
36 7 189 190 187
37 7 189 190 187
38 7 188 188 185
39 7 185 185 182
40 7 184 185 182
41 7 190 191 189
42 7 193 194 193
43 7 192 194 193
19 8 168 148 134
20 8 179 167 157
21 8 184 178 171
22 8 185 183 179
23 8 171 170 167
24 8 130 130 127
25 8 93 92 89
26 8 97 97 93
27 8 141 141 138
28 8 179 179 176
29 8 189 189 186
30 8 186 187 184
31 8 160 161 158
32 8 116 117 114
33 8 101 102 99
34 8 138 138 135
35 8 175 176 173
36 8 190 190 188
37 8 190 191 188
38 8 177 178 176
39 8 143 144 141
40 8 129 130 126
41 8 156 157 154
42 8 183 184 182
43 8 193 194 193
44 8 194 196 195
45 8 191 194 193
19 9 155 146 134
20 9 177 168 158
21 9 189 182 176
22 9 188 185 181
23 9 168 167 164
24 9 96 96 94
25 9 32 32 32
26 9 19 19 19
27 9 89 90 87
28 9 170 171 168
29 9 189 190 187
30 9 187 187 184
31 9 152 153 150
32 9 70 71 70
33 9 20 21 20
34 9 47 48 46
35 9 145 146 143
36 9 187 188 185
37 9 191 192 190
38 9 167 169 168
39 9 87 89 88
40 9 25 26 25
41 9 50 51 49
42 9 140 142 139
43 9 187 189 187
44 9 196 198 197
45 9 192 194 193
46 9 185 185 184
19 10 59 55 49
20 10 109 106 100
21 10 170 167 162
22 10 188 184 179
23 10 183 180 175
24 10 157 156 152
25 10 134 134 131
26 10 122 122 119
27 10 150 150 147
28 10 184 184 182
29 10 192 192 189
30 10 192 192 189
31 10 181 182 180
32 10 155 156 154
33 10 127 128 126
34 10 126 128 125
35 10 173 174 172
36 10 192 193 191
37 10 194 195 193
38 10 186 187 186
39 10 155 157 156
40 10 118 120 119
41 10 102 104 103
42 10 153 155 154
43 10 189 190 189
44 10 195 196 195
45 10 188 189 188
46 10 182 182 181
19 11 59 56 51
20 11 60 58 55
21 11 58 58 56
22 11 141 140 137
23 11 180 177 173
24 11 188 185 180
25 11 186 184 180
26 11 185 184 181
27 11 189 189 186
28 11 193 193 191
29 11 195 194 192
30 11 195 195 192
31 11 195 195 192
32 11 190 191 188
33 11 187 187 185
34 11 187 187 185
35 11 193 194 192
36 11 196 197 194
37 11 197 197 195
38 11 196 197 195
39 11 191 192 190
40 11 186 187 185
41 11 183 185 183
42 11 191 192 190
43 11 193 194 192
44 11 182 183 181
45 11 160 161 159
46 11 175 175 173
19 12 58 55 51
20 12 53 53 50
21 12 29 29 29
22 12 27 27 26
23 12 90 91 88
24 12 162 161 157
25 12 190 187 182
26 12 195 192 188
27 12 196 195 192
28 12 196 196 193
29 12 197 197 194
30 12 197 197 194
31 12 197 197 194
32 12 197 197 194
33 12 196 196 194
34 12 197 197 195
35 12 198 198 196
36 12 198 198 196
37 12 198 199 197
38 12 198 199 196
39 12 199 200 197
40 12 198 199 197
41 12 199 200 198
42 12 196 196 195
43 12 172 172 170
44 12 164 164 162
45 12 143 143 141
19 13 59 56 52
20 13 51 51 49
21 13 18 18 17
22 13 3 3 3
23 13 23 23 23
24 13 53 54 52
25 13 124 124 121
26 13 180 178 174
27 13 196 194 189
28 13 198 195 191
29 13 198 198 194
30 13 198 198 194
31 13 199 198 195
32 13 198 197 195
33 13 197 197 195
34 13 198 198 195
35 13 198 198 196
36 13 199 199 196
37 13 199 199 197
38 13 199 200 197
39 13 200 201 199
40 13 200 201 199
41 13 197 198 196
42 13 175 176 173
43 13 123 124 121
44 13 154 154 151
45 13 167 167 165
18 14 54 50 46
19 14 59 56 52
20 14 57 57 54
21 14 36 36 35
22 14 10 10 10
23 14 12 12 12
24 14 46 46 45
25 14 62 62 60
26 14 83 83 81
27 14 156 155 151
28 14 191 189 185
29 14 198 195 191
30 14 198 196 193
31 14 199 199 196
32 14 199 199 197
33 14 200 200 197
34 14 199 200 197
35 14 200 200 197
36 14 199 200 197
37 14 200 200 198
38 14 201 201 199
39 14 201 202 199
40 14 197 197 195
41 14 177 178 176
42 14 125 126 123
43 14 132 133 130
44 14 134 133 131
45 14 178 177 175
18 15 56 52 47
19 15 59 56 52
20 15 61 60 58
21 15 54 54 53
22 15 35 35 35
23 15 26 26 25
24 15 46 46 45
25 15 59 60 58
26 15 62 62 60
27 15 63 63 61
28 15 119 120 117
29 15 177 175 172
30 15 195 193 188
31 15 199 197 192
32 15 199 199 195
33 15 200 200 197
34 15 200 200 197
35 15 201 201 199
36 15 201 201 199
37 15 201 201 199
38 15 202 202 200
39 15 197 198 195
40 15 168 169 166
41 15 129 131 129
42 15 116 117 114
43 15 152 152 149
44 15 131 129 126
18 16 58 53 48
19 16 59 56 52
20 16 61 60 57
21 16 61 60 58
22 16 57 57 55
23 16 53 53 52
24 16 57 58 56
25 16 60 61 59
26 16 61 61 59
27 16 62 62 60
28 16 63 63 61
29 16 67 68 66
30 16 155 155 151
31 16 187 185 181
32 16 199 196 191
33 16 201 199 195
34 16 201 201 198
35 16 202 202 199
36 16 202 202 199
37 16 202 203 200
38 16 197 198 195
39 16 175 176 173
40 16 118 119 116
41 16 137 137 135
42 16 150 149 146
43 16 150 149 145
44 16 139 137 133
18 17 57 53 48
19 17 59 56 52
20 17 60 60 57
21 17 60 60 58
22 17 61 60 58
23 17 60 60 58
24 17 60 60 58
25 17 60 61 58
26 17 61 61 59
27 17 61 61 59
28 17 61 62 60
29 17 62 62 60
30 17 62 63 61
31 17 107 108 105
32 17 171 170 166
33 17 195 192 187
34 17 200 198 192
35 17 202 200 197
36 17 202 202 198
37 17 196 196 194
38 17 172 172 170
39 17 123 125 122
40 17 135 135 132
41 17 159 159 155
42 17 156 155 150
43 17 134 132 127
18 18 57 52 47
19 18 59 56 52
20 18 61 60 57
21 18 61 61 58
22 18 60 60 58
23 18 59 59 57
24 18 60 60 58
25 18 60 61 58
26 18 60 61 58
27 18 60 60 58
28 18 60 60 58
29 18 61 61 59
30 18 61 61 59
31 18 62 62 60
32 18 63 63 61
33 18 136 137 133
34 18 185 183 179
35 18 196 194 189
36 18 193 190 185
37 18 157 157 153
38 18 119 121 118
39 18 125 126 123
40 18 158 158 154
41 18 155 154 150
42 18 144 142 137
43 18 116 114 109
18 19 56 52 47
19 19 58 55 51
20 19 60 59 56
21 19 61 60 58
22 19 60 59 57
23 19 60 59 57
24 19 60 59 57
25 19 59 59 57
26 19 60 60 58
27 19 60 60 58
28 19 60 60 58
29 19 61 61 59
30 19 60 61 58
31 19 61 61 59
32 19 62 62 60
33 19 64 64 62
34 19 92 94 92
35 19 174 174 171
36 19 164 161 156
37 19 97 98 95
38 19 142 143 140
39 19 159 159 156
40 19 155 155 151
41 19 127 126 121
42 19 125 122 117
43 19 50 49 46
18 20 55 50 45
19 20 58 54 50
20 20 61 59 56
21 20 60 59 57
22 20 60 59 57
23 20 59 59 56
24 20 60 59 57
25 20 58 59 56
26 20 59 59 57
27 20 60 60 58
28 20 60 60 58
29 20 60 60 58
30 20 60 60 58
31 20 60 60 58
32 20 61 61 58
33 20 63 63 61
34 20 118 120 119
35 20 163 161 156
36 20 121 118 112
37 20 132 132 129
38 20 165 165 161
39 20 162 162 158
40 20 124 123 119
41 20 106 104 99
42 20 107 103 98
18 21 53 45 39
19 21 57 52 47
20 21 59 57 54
21 21 60 59 56
22 21 59 58 55
23 21 59 59 56
24 21 59 58 56
25 21 59 59 57
26 21 59 59 57
27 21 59 59 57
28 21 59 59 57
29 21 59 59 57
30 21 59 59 57
31 21 60 60 58
32 21 61 61 58
33 21 63 63 60
34 21 156 157 155
35 21 157 154 149
36 21 131 130 126
37 21 164 164 161
38 21 162 162 158
39 21 134 134 129
40 21 84 82 78
41 21 105 100 95
42 21 105 100 95
18 22 44 36 31
19 22 51 46 42
20 22 56 53 50
21 22 58 57 54
22 22 58 58 55
23 22 59 58 55
24 22 59 58 56
25 22 58 58 56
26 22 59 58 56
27 22 59 59 57
28 22 59 58 56
29 22 59 59 56
30 22 59 58 56
31 22 59 59 57
32 22 61 61 58
33 22 74 74 72
34 22 167 168 165
35 22 164 161 156
36 22 164 163 160
37 22 165 165 162
38 22 129 129 125
39 22 97 96 92
40 22 86 81 76
41 22 76 72 67
42 22 38 35 33
19 23 43 39 35
20 23 50 47 44
21 23 54 52 49
22 23 57 56 53
23 23 58 57 55
24 23 58 57 54
25 23 58 57 55
26 23 58 58 56
27 23 57 57 55
28 23 58 58 55
29 23 58 58 56
30 23 58 58 56
31 23 59 58 56
32 23 60 60 57
33 23 95 96 94
34 23 173 173 170
35 23 173 172 168
36 23 167 166 163
37 23 139 139 136
38 23 93 92 88
39 23 98 94 90
40 23 74 69 65
41 23 32 29 27
21 24 48 45 42
22 24 52 50 47
23 24 56 54 51
24 24 57 56 54
25 24 57 57 54
26 24 57 57 54
27 24 55 55 53
28 24 48 48 47
29 24 48 48 47
30 24 54 54 52
31 24 58 58 56
32 24 60 60 57
33 24 129 130 127
34 24 173 171 167
35 24 170 168 165
36 24 144 143 140
37 24 100 100 96
38 24 102 98 94
39 24 89 86 81
40 24 33 30 28
22 25 46 44 41
23 25 50 48 45
24 25 54 52 49
25 25 57 56 53
26 25 57 57 54
27 25 50 50 47
28 25 26 26 25
29 25 19 20 19
30 25 37 37 35
31 25 54 53 51
32 25 61 60 58
33 25 149 149 146
34 25 167 163 159
35 25 138 138 134
36 25 106 106 103
37 25 93 90 86
38 25 88 84 80
39 25 37 35 33
24 26 49 47 44
25 26 51 50 47
26 26 54 53 50
27 26 50 50 47
28 26 26 26 25
29 26 4 4 4
30 26 15 15 14
31 26 43 43 41
32 26 64 64 61
33 26 162 161 158
34 26 144 140 135
35 26 93 92 89
36 26 110 107 103
37 26 86 82 78
38 26 31 29 27
25 27 44 42 39
26 27 49 47 44
27 27 52 50 47
28 27 41 41 38
29 27 16 16 15
30 27 8 7 7
31 27 30 30 28
32 27 94 94 91
33 27 159 158 155
34 27 107 103 98
35 27 105 103 99
36 27 99 96 91
37 27 38 37 35
27 28 46 44 41
28 28 46 45 42
29 28 39 38 35
30 28 32 31 29
31 28 38 37 35
32 28 124 123 119
33 28 139 135 130
34 28 101 97 92
35 28 99 95 91
36 28 36 35 33
28 29 43 40 37
29 29 46 43 40
30 29 48 46 43
31 29 52 50 47
32 29 142 140 135
33 29 130 123 116
34 29 97 92 87
35 29 32 30 28
30 30 44 42 38
31 30 69 66 61
32 30 143 139 133
33 30 121 112 105
34 30 38 34 31
31 31 91 85 79
32 31 138 131 124
33 31 44 40 36
