33 0 143 130 122
31 1 152 143 134
32 1 161 153 146
33 1 168 160 155
34 1 179 173 169
30 2 163 157 148
31 2 167 161 154
32 2 173 168 162
33 2 179 175 170
34 2 185 182 178
28 3 162 157 149
29 3 166 161 154
30 3 171 167 160
31 3 176 172 165
32 3 178 175 169
33 3 183 180 175
34 3 190 188 185
35 3 195 193 191
26 4 163 157 150
27 4 168 163 157
28 4 172 168 162
29 4 176 173 167
30 4 178 175 170
31 4 179 177 172
32 4 182 180 176
33 4 186 184 180
34 4 191 191 187
35 4 198 198 196
36 4 199 199 197
25 5 165 160 154
26 5 171 167 161
27 5 174 171 166
28 5 178 176 171
29 5 181 179 174
30 5 182 181 176
31 5 184 183 179
32 5 186 185 181
33 5 188 188 184
34 5 193 193 189
35 5 198 199 196
36 5 201 202 201
37 5 201 202 201
23 6 164 160 153
24 6 170 167 161
25 6 174 171 166
26 6 177 175 170
27 6 180 178 174
28 6 182 181 177
29 6 184 183 180
30 6 186 185 182
31 6 187 187 184
32 6 189 189 186
33 6 192 192 189
34 6 194 194 191
35 6 198 198 195
36 6 202 203 201
37 6 204 205 204
38 6 203 205 204
21 7 162 157 150
22 7 163 159 153
23 7 167 164 159
24 7 173 172 167
25 7 177 176 172
26 7 180 179 176
27 7 180 180 177
28 7 176 176 173
29 7 176 177 174
30 7 188 188 185
31 7 190 191 188
32 7 191 192 189
33 7 188 188 186
34 7 179 179 176
35 7 179 180 176
36 7 198 199 197
37 7 206 207 206
38 7 206 208 207
39 7 203 206 205
19 8 157 149 141
20 8 162 158 152
21 8 156 153 148
22 8 145 143 138
23 8 138 137 133
24 8 164 163 159
25 8 179 179 175
26 8 173 174 171
27 8 150 150 147
28 8 114 115 112
29 8 129 129 126
30 8 182 183 180
31 8 190 191 188
32 8 177 178 176
33 8 139 140 138
34 8 90 90 88
35 8 109 110 107
36 8 186 187 185
37 8 206 207 206
38 8 206 208 208
39 8 202 204 204
18 9 160 146 136
19 9 165 158 151
20 9 158 155 151
21 9 119 117 114
22 9 65 64 62
23 9 103 103 100
24 9 165 166 163
25 9 176 176 173
26 9 139 140 137
27 9 61 62 60
28 9 60 60 59
29 9 144 145 142
30 9 185 186 184
31 9 185 186 184
32 9 134 136 134
33 9 42 44 43
34 9 72 74 73
35 9 154 156 154
36 9 196 197 195
37 9 205 206 204
38 9 205 206 205
39 9 201 203 203
40 9 206 209 209
18 10 170 159 150
19 10 170 164 158
20 10 141 140 137
21 10 80 81 79
22 10 107 107 104
23 10 157 158 155
24 10 180 180 177
25 10 175 176 173
26 10 136 137 135
27 10 114 115 113
28 10 160 162 160
29 10 185 186 184
30 10 193 194 192
31 10 185 187 186
32 10 156 158 157
33 10 144 146 144
34 10 172 174 172
35 10 195 196 194
36 10 201 202 201
37 10 198 199 197
38 10 193 194 193
39 10 194 197 196
40 10 206 209 208
18 11 177 169 161
19 11 176 171 165
20 11 164 163 160
21 11 160 160 157
22 11 173 173 170
23 11 183 183 181
24 11 186 186 183
25 11 184 185 182
26 11 181 182 179
27 11 182 183 181
28 11 191 192 189
29 11 195 196 193
30 11 196 197 195
31 11 197 198 196
32 11 195 197 195
33 11 197 198 196
34 11 197 198 197
35 11 196 197 195
36 11 185 186 184
37 11 168 169 166
38 11 174 175 172
39 11 188 189 187
40 11 198 200 199
41 11 205 207 207
18 12 180 172 164
19 12 181 175 169
20 12 183 181 177
21 12 184 184 181
22 12 186 186 183
23 12 188 188 185
24 12 189 189 186
25 12 190 190 188
26 12 192 192 190
27 12 194 194 192
28 12 195 195 193
29 12 197 198 196
30 12 199 200 198
31 12 200 201 199
32 12 200 201 199
33 12 198 199 197
34 12 191 192 190
35 12 159 161 158
36 12 105 107 105
37 12 78 79 77
38 12 115 116 113
39 12 177 177 174
40 12 190 191 190
41 12 204 206 205
19 13 184 178 171
20 13 186 182 178
21 13 187 186 182
22 13 189 188 185
23 13 189 189 186
24 13 191 191 188
25 13 191 192 189
26 13 193 194 191
27 13 196 196 194
28 13 197 198 195
29 13 199 200 198
30 13 199 200 198
31 13 198 199 197
32 13 192 193 190
33 13 182 183 181
34 13 155 157 155
35 13 70 72 71
36 13 9 10 9
37 13 6 6 6
38 13 45 45 44
39 13 155 155 152
40 13 183 184 181
41 13 193 195 194
42 13 202 203 202
19 14 185 178 171
20 14 188 184 178
21 14 189 188 184
22 14 190 190 187
23 14 191 191 188
24 14 193 193 190
25 14 194 195 192
26 14 195 195 193
27 14 197 198 195
28 14 199 199 197
29 14 197 197 195
30 14 191 192 189
31 14 178 178 176
32 14 166 167 165
33 14 170 172 170
34 14 149 151 150
35 14 50 52 51
36 14 1 1 1
37 14 9 9 9
38 14 74 74 72
39 14 154 154 150
40 14 177 177 173
41 14 185 186 184
42 14 200 201 199
19 15 187 180 171
20 15 188 184 177
21 15 190 188 184
22 15 191 191 188
23 15 192 193 190
24 15 194 194 191
25 15 195 196 193
26 15 197 197 195
27 15 196 197 195
28 15 194 194 192
29 15 179 180 178
30 15 143 144 142
31 15 90 91 88
32 15 87 88 86
33 15 119 122 120
34 15 155 158 158
35 15 108 111 111
36 15 52 52 51
37 15 86 87 84
38 15 139 139 136
39 15 169 169 165
40 15 176 176 172
41 15 179 179 176
42 15 190 190 188
43 15 197 198 196
20 16 189 183 176
21 16 191 188 183
22 16 193 192 189
23 16 194 194 192
24 16 195 196 193
25 16 195 196 193
26 16 193 194 192
27 16 187 187 185
28 16 177 178 175
29 16 136 137 135
30 16 48 49 48
31 16 5 5 5
32 16 9 9 9
33 16 58 59 58
34 16 151 153 152
35 16 159 161 159
36 16 149 150 147
37 16 156 156 153
38 16 167 167 164
39 16 171 171 167
40 16 173 173 169
41 16 172 171 167
42 16 179 179 176
43 16 193 193 190
20 17 189 183 173
21 17 191 186 180
22 17 193 192 188
23 17 194 193 190
24 17 192 192 189
25 17 184 185 183
26 17 166 167 165
27 17 162 163 160
28 17 163 165 162
29 17 128 131 129
30 17 31 33 32
32 17 14 14 14
33 17 90 91 89
34 17 157 158 155
35 17 173 173 170
36 17 173 173 170
37 17 172 172 168
38 17 171 171 167
39 17 170 170 166
40 17 170 169 164
41 17 169 167 162
42 17 170 169 164
43 17 181 180 176
44 17 188 187 183
20 18 185 177 165
21 18 187 181 172
22 18 188 185 179
23 18 186 185 182
24 18 170 171 168
25 18 132 134 131
26 18 77 78 76
27 18 82 83 81
28 18 109 111 109
29 18 136 140 138
30 18 92 95 94
31 18 55 56 55
32 18 94 95 93
33 18 144 145 142
34 18 169 169 166
35 18 173 173 170
36 18 172 172 168
37 18 171 170 167
38 18 169 169 165
39 18 168 167 162
40 18 167 165 160
41 18 163 161 156
42 18 164 162 156
43 18 170 169 163
44 18 185 184 179
21 19 177 169 157
22 19 182 178 170
23 19 171 170 166
24 19 118 119 116
25 19 31 32 30
26 19 3 3 3
27 19 8 8 8
28 19 62 63 61
29 19 147 149 147
30 19 156 158 155
31 19 151 151 148
32 19 157 158 154
33 19 167 167 164
34 19 171 171 168
35 19 171 171 168
36 19 169 169 165
37 19 168 168 164
38 19 167 166 162
39 19 161 160 155
40 19 148 147 142
41 19 138 136 130
42 19 138 136 130
43 19 162 160 154
44 19 173 171 167
45 19 180 179 174
22 20 183 177 169
23 20 165 163 158
24 20 115 115 112
25 20 25 26 25
27 20 20 20 20
28 20 99 100 98
29 20 158 159 156
30 20 171 172 168
31 20 171 171 168
32 20 170 170 166
33 20 171 171 168
34 20 170 170 167
35 20 169 169 165
36 20 167 167 163
37 20 165 165 161
38 20 161 161 157
39 20 137 137 132
40 20 86 86 81
41 20 44 43 40
42 20 74 72 68
43 20 144 142 136
44 20 161 159 154
45 20 176 174 169
22 21 176 169 159
23 21 175 170 162
24 21 137 136 132
25 21 91 91 89
26 21 66 66 64
27 21 102 103 100
28 21 146 146 143
29 21 168 168 165
30 21 171 171 168
31 21 171 170 167
32 21 170 169 166
33 21 168 168 165
34 21 167 167 163
35 21 165 165 161
36 21 162 162 158
37 21 159 159 155
38 21 147 147 143
39 21 73 73 70
40 21 12 11 11
41 21 1 1 1
42 21 37 36 33
43 21 124 122 116
44 21 152 149 144
45 21 159 155 149
46 21 161 156 149
23 22 176 170 161
24 22 171 167 162
25 22 157 156 153
26 22 153 153 150
27 22 158 158 155
28 22 166 166 163
29 22 170 170 167
30 22 169 169 165
31 22 169 168 165
32 22 168 167 164
33 22 165 165 162
34 22 159 159 155
35 22 145 145 141
36 22 129 129 125
37 22 122 123 119
38 22 138 138 135
39 22 79 79 76
40 22 16 16 15
41 22 20 19 18
42 22 84 81 76
43 22 135 131 125
44 22 141 137 130
45 22 136 128 120
46 22 152 143 134
24 23 181 175 168
25 23 170 168 163
26 23 169 168 165
27 23 168 168 165
28 23 169 169 166
29 23 168 168 165
30 23 168 167 164
31 23 166 166 162
32 23 166 165 162
33 23 161 161 158
34 23 133 133 129
35 23 76 76 73
36 23 34 34 32
37 23 39 39 38
38 23 119 119 116
39 23 125 125 121
40 23 94 93 89
41 23 110 108 102
42 23 134 131 125
43 23 141 136 129
44 23 126 120 112
45 23 101 93 86
24 24 184 177 169
25 24 178 173 166
26 24 167 165 160
27 24 168 167 164
28 24 167 167 164
29 24 166 166 163
30 24 164 164 160
31 24 163 163 159
32 24 161 161 157
33 24 151 151 148
34 24 83 84 81
35 24 9 9 9
37 24 31 31 29
38 24 117 115 111
39 24 146 144 140
40 24 143 140 135
41 24 142 138 133
42 24 134 128 122
43 24 98 93 86
44 24 58 54 49
25 25 179 172 164
26 25 174 170 163
27 25 166 164 160
28 25 166 165 162
29 25 157 157 154
30 25 141 141 138
31 25 128 128 124
32 25 126 126 122
33 25 137 138 135
34 25 111 112 110
35 25 35 35 34
36 25 34 34 32
37 25 88 87 83
38 25 137 136 130
39 25 147 145 139
40 25 140 136 129
41 25 114 109 103
42 25 48 45 42
26 26 172 166 159
27 26 166 163 157
28 26 160 159 155
29 26 131 131 127
30 26 66 66 64
31 26 26 26 25
32 26 42 41 39
33 26 104 104 101
34 26 142 142 139
35 26 117 116 113
36 26 123 121 116
37 26 140 137 132
38 26 142 139 133
39 26 130 126 120
40 26 100 96 89
27 27 170 164 157
28 27 150 148 143
29 27 84 84 81
30 27 8 8 7
32 27 29 29 28
33 27 119 118 115
34 27 151 150 147
35 27 148 146 142
36 27 147 144 138
37 27 131 127 121
38 27 104 100 94
27 28 166 158 150
28 28 151 143 136
29 28 84 80 76
30 28 45 44 42
31 28 43 43 40
32 28 97 96 93
33 28 141 139 135
34 28 148 145 140
35 28 139 136 130
36 28 118 114 107
37 28 51 48 45
28 29 158 148 139
29 29 140 133 126
30 29 130 127 122
31 29 131 129 124
32 29 141 139 134
33 29 141 137 132
34 29 125 121 115
35 29 53 51 48
29 30 160 149 140
30 30 149 141 133
31 30 143 137 131
32 30 132 128 121
33 30 95 90 85
29 31 153 135 122
30 31 143 128 116
31 31 103 95 87
32 31 49 44 40
