30 0 185 188 187
31 0 189 192 190
29 1 192 195 193
30 1 194 196 194
31 1 195 195 193
32 1 193 194 192
33 1 188 189 187
28 2 190 193 190
29 2 194 196 194
30 2 200 197 194
31 2 204 191 189
32 2 200 193 191
33 2 195 194 192
34 2 191 192 190
35 2 192 193 191
28 3 194 196 195
29 3 198 198 196
30 3 201 194 192
31 3 208 178 175
32 3 208 171 169
33 3 203 185 184
34 3 198 191 189
35 3 193 192 190
36 3 190 190 188
27 4 193 196 194
28 4 197 198 196
29 4 201 195 194
30 4 205 183 181
31 4 205 181 179
32 4 208 171 170
33 4 210 155 154
34 4 207 171 170
35 4 203 185 183
36 4 197 190 188
37 4 195 193 191
38 4 187 186 184
27 5 196 197 195
28 5 200 198 196
29 5 204 188 186
30 5 207 161 161
31 5 208 163 164
32 5 207 162 163
33 5 209 153 155
34 5 210 142 143
35 5 210 140 139
36 5 207 166 164
37 5 201 185 182
38 5 193 191 189
39 5 189 190 187
40 5 185 187 184
26 6 195 197 195
27 6 198 198 196
28 6 201 194 193
29 6 205 176 174
30 6 207 158 159
31 6 206 173 174
32 6 206 164 167
33 6 207 158 159
34 6 206 165 165
35 6 205 174 173
36 6 203 180 178
37 6 200 187 185
38 6 194 193 190
39 6 192 194 192
40 6 190 192 190
41 6 187 190 187
25 7 193 195 193
26 7 197 197 196
27 7 200 195 193
28 7 202 183 181
29 7 204 158 158
30 7 206 146 146
31 7 206 164 165
32 7 204 173 173
33 7 201 182 182
34 7 198 189 187
35 7 195 193 190
36 7 193 194 191
37 7 193 194 192
38 7 192 194 191
39 7 191 194 191
40 7 191 193 190
41 7 191 193 190
42 7 189 191 187
43 7 184 186 183
25 8 195 196 194
26 8 198 196 194
27 8 200 186 184
28 8 202 162 161
29 8 202 165 165
30 8 204 158 158
31 8 203 163 163
32 8 200 186 185
33 8 195 191 190
34 8 191 192 190
35 8 188 191 188
36 8 190 193 190
37 8 192 194 191
38 8 192 194 191
39 8 192 194 191
40 8 192 194 191
41 8 192 194 191
42 8 191 193 190
43 8 189 191 188
44 8 186 187 184
45 8 180 178 172
24 9 194 195 193
25 9 196 196 194
26 9 197 190 188
27 9 200 172 170
28 9 200 142 141
29 9 201 166 166
30 9 200 177 176
31 9 199 180 180
32 9 196 191 190
33 9 187 188 186
34 9 172 174 171
35 9 155 158 156
36 9 166 169 166
37 9 185 187 184
38 9 192 194 191
39 9 192 194 191
40 9 192 194 191
41 9 193 194 191
42 9 191 193 189
43 9 191 193 189
44 9 189 189 185
45 9 182 178 171
46 9 162 154 143
23 10 191 190 187
24 10 194 194 191
25 10 197 193 190
26 10 197 178 175
27 10 197 136 134
28 10 199 106 105
29 10 199 125 124
30 10 200 159 159
31 10 198 179 178
32 10 193 191 189
33 10 179 180 178
34 10 127 130 127
35 10 57 59 58
36 10 68 71 69
37 10 146 149 146
38 10 186 189 186
39 10 192 194 191
40 10 193 194 191
41 10 192 194 190
42 10 191 193 190
43 10 191 192 189
44 10 190 189 185
45 10 182 178 170
46 10 170 162 151
23 11 192 191 187
24 11 193 192 188
25 11 194 182 178
26 11 196 156 153
27 11 195 119 118
28 11 196 101 100
29 11 197 105 104
30 11 199 147 147
31 11 198 183 182
32 11 193 192 190
33 11 183 185 182
34 11 126 128 126
35 11 21 22 21
36 11 9 10 10
37 11 88 92 90
38 11 173 176 173
39 11 191 193 190
40 11 193 194 191
41 11 192 193 190
42 11 191 193 190
43 11 191 192 189
44 11 188 187 182
45 11 184 180 172
46 11 176 167 156
22 12 177 170 163
23 12 188 185 180
24 12 191 189 185
25 12 192 181 177
26 12 195 157 153
27 12 196 139 138
28 12 195 117 117
29 12 195 104 103
30 12 197 121 120
31 12 198 176 175
32 12 193 192 190
33 12 188 190 187
34 12 164 166 163
35 12 95 98 96
36 12 59 62 61
37 12 101 104 102
38 12 176 179 176
39 12 192 194 191
40 12 192 194 190
41 12 193 194 191
42 12 192 193 190
43 12 190 191 187
44 12 188 186 179
45 12 182 177 167
22 13 99 87 79
23 13 158 151 143
24 13 182 178 172
25 13 188 184 179
26 13 191 179 175
27 13 195 164 160
28 13 195 131 128
29 13 196 131 130
30 13 195 128 127
31 13 197 163 162
32 13 193 189 187
33 13 191 192 190
34 13 186 188 185
35 13 170 172 170
36 13 161 164 161
37 13 169 172 170
38 13 188 190 187
39 13 193 194 191
40 13 192 194 190
41 13 192 193 190
42 13 191 193 189
43 13 190 190 185
44 13 186 183 176
45 13 184 180 171
21 14 55 52 48
22 14 53 50 46
23 14 67 62 57
24 14 130 123 116
25 14 167 162 156
26 14 184 181 176
27 14 189 183 179
28 14 193 174 171
29 14 195 160 157
30 14 194 140 139
31 14 195 145 143
32 14 194 183 181
33 14 192 193 190
34 14 192 193 190
35 14 191 192 190
36 14 190 191 189
37 14 190 192 190
38 14 192 194 191
39 14 192 194 190
40 14 193 194 190
41 14 192 193 190
42 14 191 192 188
43 14 189 188 182
44 14 185 180 172
21 15 56 54 50
22 15 57 55 52
23 15 44 42 39
24 15 35 33 31
25 15 69 65 61
26 15 138 134 127
27 15 175 173 167
28 15 186 184 180
29 15 191 184 181
30 15 193 174 171
31 15 195 157 154
32 15 194 175 172
33 15 192 191 188
34 15 191 192 189
35 15 192 194 191
36 15 192 194 191
37 15 192 193 190
38 15 192 194 190
39 15 192 193 190
40 15 192 194 190
41 15 192 193 189
42 15 191 192 187
43 15 189 186 180
44 15 185 179 170
20 16 60 59 56
21 16 69 67 64
22 16 60 59 55
23 16 29 28 26
24 16 8 8 7
25 16 11 11 10
26 16 25 24 23
27 16 95 91 85
28 16 157 153 147
29 16 180 178 173
30 16 189 186 182
31 16 192 183 180
32 16 194 181 177
33 16 193 190 187
34 16 192 193 190
35 16 193 194 190
36 16 192 193 190
37 16 193 194 191
38 16 193 194 191
39 16 192 193 190
40 16 192 193 190
41 16 192 192 189
42 16 190 189 184
43 16 187 181 174
44 16 185 178 168
20 17 62 62 59
21 17 75 74 71
22 17 58 57 54
23 17 37 36 35
24 17 11 11 11
25 17 1 1 1
26 17 6 6 5
27 17 31 30 28
28 17 52 50 47
29 17 114 111 104
30 17 167 164 159
31 17 184 182 178
32 17 189 188 184
33 17 191 191 188
34 17 192 192 189
35 17 193 193 190
36 17 192 193 190
37 17 193 194 190
38 17 192 193 190
39 17 192 193 189
40 17 192 193 189
41 17 191 191 187
42 17 189 185 179
43 17 187 179 170
19 18 64 64 62
20 18 72 72 69
21 18 69 68 65
22 18 58 58 55
23 18 52 52 49
24 18 37 37 35
25 18 22 22 21
26 18 18 18 17
27 18 35 35 34
28 18 51 51 48
29 18 56 55 52
30 18 72 69 65
31 18 140 137 131
32 18 173 171 165
33 18 188 187 183
34 18 191 191 188
35 18 192 193 189
36 18 193 193 189
37 18 193 193 190
38 18 192 193 189
39 18 192 192 188
40 18 192 192 189
41 18 191 189 185
42 18 188 182 175
43 18 186 177 167
19 19 64 65 63
20 19 76 77 74
21 19 61 61 58
22 19 59 59 56
23 19 59 59 56
24 19 56 56 54
25 19 50 50 48
26 19 48 48 46
27 19 52 52 50
28 19 55 55 52
29 19 57 57 54
30 19 57 56 53
31 19 57 56 52
32 19 93 90 85
33 19 152 149 143
34 19 181 179 174
35 19 189 189 184
36 19 191 191 187
37 19 191 192 188
38 19 192 193 189
39 19 191 192 188
40 19 191 190 186
41 19 190 187 181
42 19 187 179 170
18 20 64 66 64
19 20 77 78 76
20 20 66 66 64
21 20 53 53 51
22 20 54 54 52
23 20 58 58 56
24 20 60 60 58
25 20 58 58 56
26 20 58 58 56
27 20 59 58 56
28 20 59 58 56
29 20 58 58 56
30 20 59 58 55
31 20 58 57 54
32 20 57 56 53
33 20 57 56 53
34 20 108 105 100
35 20 163 160 155
36 20 183 182 177
37 20 189 188 184
38 20 191 191 187
39 20 191 191 187
40 20 190 189 184
41 20 187 182 174
42 20 185 176 166
17 21 61 63 62
18 21 64 65 64
19 21 74 75 73
20 21 41 41 40
21 21 20 20 19
22 21 24 24 24
23 21 43 44 42
24 21 57 58 56
25 21 60 60 58
26 21 60 60 58
27 21 60 59 57
28 21 60 59 57
29 21 59 59 57
30 21 59 59 56
31 21 59 58 56
32 21 56 56 53
33 21 46 46 43
34 21 38 37 35
35 21 42 41 39
36 21 122 119 114
37 21 170 167 162
38 21 186 184 179
39 21 188 186 181
40 21 188 184 178
41 21 186 176 168
42 21 184 173 163
17 22 54 55 54
18 22 61 62 60
19 22 68 69 67
20 22 47 48 46
21 22 16 17 16
22 22 2 2 2
23 22 18 19 19
24 22 49 50 49
25 22 60 60 58
26 22 61 61 59
27 22 61 61 59
28 22 61 60 58
29 22 61 60 58
30 22 60 60 57
31 22 59 59 57
32 22 56 55 53
33 22 36 35 33
34 22 13 12 11
35 22 8 8 7
36 22 19 19 18
37 22 66 64 61
38 22 141 137 131
39 22 174 168 161
40 22 181 172 163
41 22 178 164 153
19 23 62 63 60
20 23 58 59 57
21 23 45 45 44
22 23 29 30 29
23 23 29 30 30
24 23 49 50 49
25 23 60 61 59
26 23 62 62 60
27 23 61 61 59
28 23 61 61 59
29 23 61 61 59
30 23 61 61 59
31 23 60 60 58
32 23 59 58 56
33 23 46 46 44
34 23 22 21 20
35 23 6 6 6
36 23 3 3 3
37 23 22 22 22
38 23 51 50 48
39 23 115 107 100
40 23 152 137 126
41 23 169 150 137
20 24 58 59 58
21 24 58 59 57
22 24 56 58 56
23 24 57 58 57
24 24 59 61 59
25 24 62 62 61
26 24 62 62 60
27 24 62 62 60
28 24 62 62 60
29 24 61 61 59
30 24 61 61 59
31 24 62 61 59
32 24 62 61 59
33 24 59 58 56
34 24 49 49 47
35 24 36 36 35
36 24 29 29 28
37 24 34 34 33
38 24 89 86 82
39 24 116 108 101
40 24 59 53 48
22 25 62 64 62
23 25 62 63 62
24 25 63 64 62
25 25 64 64 62
26 25 64 64 62
27 25 63 63 61
28 25 62 62 60
29 25 58 58 56
30 25 56 56 54
31 25 58 58 56
32 25 62 61 59
33 25 62 62 60
34 25 62 61 59
35 25 59 59 57
36 25 58 58 56
37 25 96 92 88
38 25 124 118 112
39 25 60 56 52
24 26 62 63 61
25 26 63 64 62
26 26 64 64 62
27 26 63 64 62
28 26 59 59 58
29 26 39 39 38
30 26 25 25 24
31 26 31 31 30
32 26 48 48 47
33 26 60 60 58
34 26 63 63 61
35 26 63 63 60
36 26 96 92 88
37 26 122 116 110
38 26 61 57 53
26 27 64 64 62
27 27 64 64 63
28 27 62 62 61
29 27 43 44 42
30 27 13 13 12
31 27 3 3 3
32 27 20 20 19
33 27 49 49 48
34 27 64 64 62
35 27 95 92 88
36 27 119 114 108
37 27 62 58 54
28 28 62 63 61
29 28 56 57 55
30 28 43 44 43
31 28 27 27 26
32 28 25 26 26
33 28 44 45 44
34 28 94 92 88
35 28 116 111 105
36 28 62 58 54
29 29 61 62 60
30 29 61 61 60
31 29 57 57 56
32 29 58 58 56
33 29 91 89 85
34 29 113 109 103
35 29 61 58 54
31 30 61 61 59
32 30 72 69 65
33 30 112 107 100
34 30 62 59 54
33 31 53 49 44
