28 0 169 172 169
29 0 179 182 180
30 0 191 193 192
27 1 180 182 180
28 1 185 186 184
29 1 189 190 188
30 1 192 194 192
31 1 194 196 194
26 2 182 185 182
27 2 189 188 186
28 2 194 189 187
29 2 198 189 187
30 2 197 194 192
31 2 195 196 194
32 2 195 197 195
33 2 196 198 196
25 3 181 182 180
26 3 187 187 185
27 3 192 189 186
28 3 203 179 176
29 3 208 166 164
30 3 204 182 181
31 3 200 192 190
32 3 197 196 194
33 3 197 197 196
34 3 198 199 198
24 4 183 185 183
25 4 188 188 186
26 4 193 187 185
27 4 197 183 181
28 4 201 182 180
29 4 209 154 153
30 4 210 149 148
31 4 208 169 168
32 4 206 181 180
33 4 202 193 192
34 4 200 198 196
35 4 201 202 200
36 4 200 202 200
23 5 181 182 180
24 5 188 188 186
25 5 192 185 183
26 5 200 174 172
27 5 204 155 154
28 5 205 162 162
29 5 207 162 164
30 5 209 144 145
31 5 211 137 135
32 5 209 152 150
33 5 208 178 176
34 5 202 197 195
35 5 200 202 199
36 5 201 203 201
37 5 201 204 201
22 6 183 184 182
23 6 186 187 185
24 6 192 186 184
25 6 199 172 171
26 6 202 160 160
27 6 202 168 169
28 6 204 156 158
29 6 205 157 158
30 6 204 173 172
31 6 203 182 181
32 6 202 189 187
33 6 202 194 192
34 6 199 199 196
35 6 200 202 199
36 6 201 203 200
37 6 202 204 201
38 6 202 204 202
39 6 205 207 204
21 7 182 184 182
22 7 186 185 183
23 7 189 183 181
24 7 196 171 170
25 7 200 150 149
26 7 202 157 158
27 7 202 167 168
28 7 199 178 178
29 7 197 185 184
30 7 195 191 189
31 7 194 195 192
32 7 195 196 194
33 7 196 198 196
34 7 197 200 197
35 7 200 202 199
36 7 201 203 200
37 7 202 204 201
38 7 203 205 202
39 7 204 206 203
40 7 204 206 203
20 8 180 181 179
21 8 185 184 182
22 8 190 180 178
23 8 194 167 165
24 8 197 156 155
25 8 199 134 134
26 8 199 166 166
27 8 195 182 181
28 8 190 186 184
29 8 187 188 185
30 8 188 191 188
31 8 191 194 191
32 8 194 196 193
33 8 196 198 196
34 8 198 200 197
35 8 199 201 198
36 8 201 203 200
37 8 202 204 201
38 8 203 205 202
39 8 205 206 203
40 8 205 205 201
41 8 201 197 190
42 8 188 181 171
19 9 179 179 177
20 9 184 182 179
21 9 186 179 176
22 9 192 161 159
23 9 195 153 153
24 9 194 171 171
25 9 195 169 169
26 9 192 180 179
27 9 184 183 182
28 9 170 172 169
29 9 153 155 153
30 9 154 157 154
31 9 181 184 181
32 9 194 196 193
33 9 196 198 195
34 9 198 199 196
35 9 199 201 198
36 9 201 203 200
37 9 202 204 201
38 9 203 204 201
39 9 204 204 201
40 9 203 200 194
41 9 199 194 185
42 9 200 197 191
18 10 178 177 174
19 10 181 179 176
20 10 185 175 172
21 10 190 150 148
22 10 193 118 116
23 10 194 133 133
24 10 193 162 161
25 10 191 178 176
26 10 184 183 181
27 10 159 161 158
28 10 102 105 102
29 10 53 55 53
30 10 71 74 72
31 10 158 162 159
32 10 191 194 191
33 10 196 198 195
34 10 198 199 197
35 10 199 201 198
36 10 200 202 199
37 10 201 202 199
38 10 202 203 200
39 10 201 200 195
40 10 200 196 189
41 10 200 198 193
42 10 196 196 192
43 10 203 203 201
17 11 175 174 170
18 11 179 176 172
19 11 183 170 167
20 11 187 149 146
21 11 189 102 99
22 11 190 88 86
23 11 194 126 125
24 11 191 169 169
25 11 187 182 180
26 11 179 181 178
27 11 132 134 132
28 11 30 31 30
29 11 4 4 4
30 11 58 60 59
31 11 161 164 162
32 11 192 194 191
33 11 197 198 196
34 11 198 200 197
35 11 198 200 197
36 11 199 201 198
37 11 201 201 198
38 11 201 200 195
39 11 197 194 188
40 11 191 189 185
41 11 184 185 182
42 11 190 190 188
43 11 201 201 199
16 12 168 164 157
17 12 175 173 168
18 12 179 172 168
19 12 184 153 149
20 12 188 130 129
21 12 189 105 105
22 12 189 90 90
23 12 192 130 129
24 12 189 176 175
25 12 186 186 183
26 12 178 180 177
27 12 134 137 134
28 12 68 71 69
29 12 70 72 71
30 12 139 142 140
31 12 183 186 183
32 12 194 196 193
33 12 196 198 194
34 12 198 199 196
35 12 199 200 197
36 12 199 200 197
37 12 199 198 194
38 12 196 193 187
39 12 181 179 174
40 12 127 127 124
41 12 132 133 131
42 12 184 185 182
43 12 191 192 189
44 12 197 197 195
16 13 165 159 152
17 13 172 169 163
18 13 176 171 166
19 13 183 159 155
20 13 187 131 128
21 13 188 117 116
22 13 189 116 115
23 13 190 143 141
24 13 188 180 178
25 13 185 186 183
26 13 184 185 182
27 13 171 173 170
28 13 160 162 160
29 13 167 169 167
30 13 183 185 183
31 13 193 195 192
32 13 195 196 193
33 13 196 197 194
34 13 196 198 195
35 13 197 198 195
36 13 197 197 192
37 13 196 193 187
38 13 187 185 181
39 13 114 114 112
40 13 25 25 25
41 13 124 125 122
42 13 183 183 181
43 13 186 186 184
44 13 196 197 195
17 14 158 155 148
18 14 167 164 159
19 14 176 171 167
20 14 184 160 157
21 14 189 141 138
22 14 188 127 126
23 14 189 151 149
24 14 186 182 179
25 14 186 187 184
26 14 186 188 185
27 14 187 189 186
28 14 188 190 187
29 14 190 191 189
30 14 191 193 190
31 14 194 195 192
32 14 195 197 193
33 14 196 198 194
34 14 196 197 194
35 14 196 195 191
36 14 195 192 186
37 14 194 193 189
38 14 166 166 164
39 14 49 50 49
40 14 82 83 80
41 14 164 165 162
42 14 184 185 182
43 14 184 184 182
44 14 186 187 184
18 15 133 130 124
19 15 164 163 158
20 15 179 175 172
21 15 184 168 165
22 15 188 148 145
23 15 188 161 158
24 15 185 182 180
25 15 186 186 183
26 15 187 188 185
27 15 189 190 187
28 15 189 191 188
29 15 191 193 189
30 15 192 193 190
31 15 193 195 191
32 15 195 195 192
33 15 196 196 193
34 15 195 194 189
35 15 195 192 185
36 15 194 192 188
37 15 188 188 185
38 15 166 166 165
39 15 119 120 117
40 15 154 155 152
41 15 180 180 178
42 15 184 184 182
43 15 181 182 179
44 15 178 179 176
45 15 186 187 184
18 16 50 48 45
19 16 113 111 106
20 16 160 158 154
21 16 179 177 174
22 16 185 174 171
23 16 187 175 171
24 16 186 185 181
25 16 186 187 184
26 16 187 188 185
27 16 189 190 187
28 16 190 192 189
29 16 191 192 189
30 16 192 194 190
31 16 193 194 191
32 16 195 195 191
33 16 195 194 189
34 16 194 190 183
35 16 194 192 187
36 16 189 188 185
37 16 187 187 184
38 16 180 180 178
39 16 174 175 172
40 16 180 180 178
41 16 180 181 178
42 16 181 181 178
43 16 178 179 176
44 16 175 176 173
45 16 179 179 177
19 17 50 48 45
20 17 102 100 95
21 17 157 155 150
22 17 180 179 175
23 17 183 183 179
24 17 185 185 182
25 17 187 187 184
26 17 188 189 185
27 17 189 190 187
28 17 191 191 188
29 17 191 192 188
30 17 193 193 190
31 17 193 193 189
32 17 193 191 186
33 17 193 188 182
34 17 193 190 185
35 17 188 187 184
36 17 187 186 183
37 17 185 185 182
38 17 182 183 180
39 17 181 181 178
40 17 180 181 178
41 17 178 179 176
42 17 176 177 174
43 17 175 175 172
44 17 171 172 169
45 17 168 169 166
46 17 175 175 173
20 18 52 50 48
21 18 90 88 84
22 18 154 153 148
23 18 181 180 176
24 18 185 185 182
25 18 187 188 184
26 18 188 189 185
27 18 189 190 186
28 18 190 191 187
29 18 192 192 188
30 18 192 192 188
31 18 192 191 185
32 18 191 186 179
33 18 192 189 184
34 18 188 187 183
35 18 186 185 182
36 18 184 184 181
37 18 182 182 179
38 18 180 180 177
39 18 179 179 176
40 18 178 178 175
41 18 175 176 173
42 18 174 174 171
43 18 172 172 169
44 18 170 171 168
45 18 164 166 163
46 18 166 167 165
21 19 53 52 50
22 19 76 74 70
23 19 151 150 145
24 19 181 180 176
25 19 185 186 182
26 19 188 189 185
27 19 189 190 186
28 19 190 190 186
29 19 191 191 187
30 19 191 189 183
31 19 190 185 178
32 19 191 187 182
33 19 187 186 182
34 19 183 183 179
35 19 182 182 179
36 19 181 181 178
37 19 179 179 176
38 19 178 178 175
39 19 176 177 173
40 19 174 175 172
41 19 174 174 171
42 19 170 171 167
43 19 169 169 166
44 19 167 168 165
45 19 149 151 149
46 19 145 146 145
22 20 53 52 50
23 20 60 59 57
24 20 145 144 138
25 20 180 179 175
26 20 186 186 182
27 20 189 189 185
28 20 189 189 185
29 20 189 187 181
30 20 189 183 175
31 20 190 185 180
32 20 184 182 178
33 20 183 182 179
34 20 183 182 179
35 20 180 179 176
36 20 178 178 175
37 20 176 177 173
38 20 175 176 173
39 20 174 174 171
40 20 172 172 169
41 20 169 170 166
42 20 169 169 166
43 20 167 168 165
44 20 148 149 147
45 20 62 63 62
23 21 53 52 50
24 21 54 53 51
25 21 138 136 130
26 21 180 178 173
27 21 186 185 180
28 21 188 184 178
29 21 187 179 171
30 21 188 183 177
31 21 183 181 177
32 21 182 181 177
33 21 180 180 176
34 21 178 177 174
35 21 177 177 174
36 21 176 176 173
37 21 174 174 171
38 21 173 173 170
39 21 171 170 167
40 21 169 168 165
41 21 168 168 165
42 21 165 166 163
43 21 153 154 152
44 21 62 63 61
24 22 53 52 50
25 22 52 51 49
26 22 130 125 118
27 22 176 169 161
28 22 182 172 162
29 22 186 179 171
30 22 183 180 176
31 22 181 179 175
32 22 179 178 174
33 22 176 176 172
34 22 176 176 172
35 22 175 175 172
36 22 173 172 169
37 22 172 172 169
38 22 170 169 166
39 22 168 168 165
40 22 167 167 164
41 22 166 166 163
42 22 154 155 153
43 22 62 63 61
25 23 53 52 50
26 23 56 55 52
27 23 113 103 95
28 23 172 160 151
29 23 178 173 167
30 23 178 176 172
31 23 179 177 173
32 23 177 176 172
33 23 173 173 169
34 23 173 172 169
35 23 173 172 169
36 23 169 169 166
37 23 166 166 163
38 23 167 166 163
39 23 164 164 161
40 23 164 164 161
41 23 155 156 153
42 23 60 60 59
26 24 53 52 50
27 24 52 52 50
28 24 122 115 108
29 24 170 165 159
30 24 175 173 168
31 24 176 174 171
32 24 175 174 170
33 24 172 171 167
34 24 170 169 165
35 24 163 163 160
36 24 146 146 144
37 24 145 145 142
38 24 162 161 158
39 24 164 163 160
40 24 156 157 154
41 24 59 59 57
27 25 53 52 50
28 25 55 54 52
29 25 138 133 128
30 25 168 165 160
31 25 172 170 166
32 25 171 170 166
33 25 169 168 164
34 25 162 161 157
35 25 120 120 117
36 25 69 70 68
37 25 120 120 117
38 25 159 159 155
39 25 157 157 153
40 25 98 98 95
28 26 51 51 49
29 26 72 71 69
30 26 145 141 136
31 26 167 164 159
32 26 169 167 163
33 26 164 163 159
34 26 137 136 133
35 26 46 46 45
36 26 56 56 54
37 26 138 138 134
38 26 153 153 150
39 26 121 121 119
29 27 51 51 49
30 27 80 77 73
31 27 148 144 138
32 27 162 159 154
33 27 158 156 152
34 27 112 112 108
35 27 63 62 59
36 27 118 117 112
37 27 148 148 144
38 27 127 127 124
30 28 50 49 48
31 28 110 108 105
32 28 151 146 141
33 28 155 152 147
34 28 132 130 125
35 28 135 132 127
36 28 144 142 138
37 28 124 123 120
32 29 121 116 111
33 29 146 142 135
34 29 149 146 140
35 29 148 145 139
36 29 131 129 124
33 30 138 133 126
34 30 141 135 128
35 30 129 125 120
36 30 48 46 43
34 31 126 118 111
35 31 39 35 32
