30 1 156 146 137
31 1 160 151 145
32 1 171 164 159
33 1 178 173 168
28 2 164 156 147
29 2 166 160 151
30 2 170 164 156
31 2 173 168 162
32 2 177 173 167
33 2 178 174 169
34 2 181 177 172
27 3 170 164 156
28 3 172 167 159
29 3 175 171 164
30 3 177 173 167
31 3 178 175 169
32 3 177 174 168
33 3 178 175 170
34 3 181 179 174
35 3 184 182 179
36 3 187 185 183
25 4 173 167 159
26 4 175 169 162
27 4 177 173 167
28 4 180 177 172
29 4 182 179 174
30 4 181 179 173
31 4 180 178 172
32 4 180 178 172
33 4 180 178 173
34 4 181 179 175
35 4 185 184 180
36 4 188 187 184
37 4 190 189 187
38 4 190 189 187
24 5 176 171 164
25 5 178 174 168
26 5 182 179 173
27 5 183 181 176
28 5 185 183 178
29 5 185 183 179
30 5 184 183 178
31 5 184 183 178
32 5 183 182 177
33 5 183 182 178
34 5 184 183 179
35 5 184 184 180
36 5 187 186 182
37 5 188 188 185
38 5 190 190 188
39 5 190 191 189
40 5 190 191 190
22 6 177 170 163
23 6 178 174 167
24 6 182 179 174
25 6 185 183 178
26 6 185 184 180
27 6 186 185 180
28 6 187 186 182
29 6 187 186 182
30 6 187 186 183
31 6 187 186 183
32 6 187 186 183
33 6 187 186 183
34 6 186 186 182
35 6 187 186 183
36 6 187 187 183
37 6 188 188 184
38 6 189 189 186
39 6 192 192 190
40 6 193 193 192
41 6 192 193 192
42 6 191 193 192
21 7 178 172 165
22 7 180 176 170
23 7 178 176 172
24 7 174 173 169
25 7 171 169 165
26 7 173 173 169
27 7 183 183 179
28 7 188 187 184
29 7 188 188 185
30 7 188 188 185
31 7 182 182 180
32 7 176 176 174
33 7 175 175 172
34 7 184 184 181
35 7 189 189 186
36 7 190 190 187
37 7 190 190 187
38 7 188 188 185
39 7 185 185 182
40 7 185 185 182
41 7 191 192 190
42 7 193 195 194
43 7 193 195 193
19 8 173 157 144
20 8 178 167 158
21 8 184 179 173
22 8 184 182 178
23 8 163 162 159
24 8 120 120 117
25 8 92 91 88
26 8 105 104 100
27 8 153 153 149
28 8 183 183 180
29 8 188 189 186
30 8 183 184 181
31 8 152 152 149
32 8 110 110 108
33 8 104 104 102
34 8 145 146 143
35 8 179 180 177
36 8 191 191 189
37 8 190 190 188
38 8 174 175 173
39 8 138 139 136
40 8 129 129 126
41 8 157 158 155
42 8 184 186 184
43 8 194 196 194
44 8 195 197 196
45 8 192 195 194
19 9 167 157 146
20 9 182 172 163
21 9 189 183 177
22 9 185 183 180
23 9 154 154 151
24 9 71 72 70
25 9 24 25 24
26 9 26 26 25
27 9 116 116 114
28 9 179 179 176
29 9 190 190 187
30 9 183 183 181
31 9 135 136 134
32 9 52 53 52
33 9 16 17 16
34 9 65 65 64
35 9 159 159 157
36 9 190 191 188
37 9 190 191 189
38 9 159 161 160
39 9 73 75 74
40 9 21 21 21
41 9 56 57 55
42 9 147 149 147
43 9 190 192 190
44 9 197 199 198
45 9 193 194 193
46 9 184 185 183
19 10 60 56 50
20 10 126 123 117
21 10 176 172 166
22 10 190 186 181
23 10 177 174 170
24 10 147 146 143
25 10 128 128 125
26 10 124 124 121
27 10 161 162 159
28 10 188 188 185
29 10 192 192 189
30 10 190 190 188
31 10 175 176 174
32 10 147 148 146
33 10 121 123 120
34 10 138 139 137
35 10 180 181 179
36 10 194 195 192
37 10 194 195 193
38 10 183 184 182
39 10 149 152 150
40 10 114 116 115
41 10 110 112 111
42 10 162 164 162
43 10 192 193 192
44 10 195 197 195
45 10 188 189 188
46 10 186 186 185
19 11 59 56 52
20 11 59 58 55
21 11 81 82 79
22 11 153 150 146
23 11 186 183 178
24 11 186 183 179
25 11 184 183 180
26 11 185 184 181
27 11 191 190 188
28 11 194 193 191
29 11 195 194 192
30 11 194 194 192
31 11 194 194 191
32 11 189 190 187
33 11 186 187 184
34 11 188 189 187
35 11 194 195 193
36 11 196 197 195
37 11 197 198 195
38 11 196 197 195
39 11 190 191 189
40 11 185 187 185
41 11 185 186 184
42 11 192 194 192
43 11 193 194 192
44 11 182 183 181
45 11 162 163 162
46 11 172 173 171
19 12 58 55 51
20 12 50 50 48
21 12 26 26 26
22 12 33 33 32
23 12 118 118 115
24 12 177 174 170
25 12 193 190 186
26 12 195 193 189
27 12 196 195 192
28 12 196 195 192
29 12 197 197 194
30 12 197 197 194
31 12 197 197 194
32 12 197 197 194
33 12 196 196 194
34 12 197 198 195
35 12 198 198 196
36 12 198 198 196
37 12 199 199 197
38 12 198 199 196
39 12 199 200 198
40 12 198 199 197
41 12 200 201 199
42 12 194 195 193
43 12 168 168 166
44 12 164 165 163
45 12 151 152 150
18 13 55 51 47
19 13 58 56 52
20 13 48 47 45
21 13 12 12 12
22 13 6 6 6
23 13 32 33 32
24 13 79 80 77
25 13 154 153 150
26 13 188 185 181
27 13 197 194 190
28 13 198 196 192
29 13 198 198 194
30 13 198 197 194
31 13 198 198 195
32 13 198 197 195
33 13 197 198 195
34 13 198 198 195
35 13 198 198 196
36 13 199 199 197
37 13 199 199 197
38 13 200 200 198
39 13 201 201 199
40 13 200 201 199
41 13 196 197 195
42 13 168 169 166
43 13 118 119 116
44 13 156 157 154
45 13 168 169 166
18 14 55 51 46
19 14 59 56 52
20 14 55 55 53
21 14 31 31 31
22 14 7 7 7
23 14 20 20 20
24 14 53 54 52
25 14 63 63 61
26 14 116 117 114
27 14 176 174 171
28 14 195 193 188
29 14 198 196 191
30 14 198 197 193
31 14 199 199 196
32 14 199 199 197
33 14 200 200 197
34 14 199 200 197
35 14 200 200 198
36 14 200 200 197
37 14 200 201 198
38 14 201 202 199
39 14 201 201 199
40 14 194 195 192
41 14 173 173 171
42 14 112 113 111
43 14 135 135 133
44 14 146 145 143
45 14 179 179 177
18 15 56 52 48
19 15 59 56 52
20 15 61 60 58
21 15 52 52 51
22 15 32 32 31
23 15 29 29 28
24 15 51 52 50
25 15 60 61 59
26 15 62 62 60
27 15 69 69 67
28 15 154 154 151
29 15 187 184 180
30 15 198 195 190
31 15 199 198 194
32 15 199 199 196
33 15 200 200 198
34 15 200 200 197
35 15 201 202 199
36 15 201 202 199
37 15 201 202 199
38 15 201 202 200
39 15 194 194 192
40 15 153 154 152
41 15 128 130 129
42 15 117 117 114
43 15 156 156 152
44 15 142 141 138
18 16 58 53 49
19 16 59 56 52
20 16 61 60 57
21 16 60 60 58
22 16 56 56 54
23 16 54 54 52
24 16 58 59 57
25 16 61 61 59
26 16 61 61 59
27 16 62 62 60
28 16 63 63 61
29 16 111 112 109
30 16 174 172 169
31 16 195 192 187
32 16 199 197 192
33 16 201 200 197
34 16 201 201 198
35 16 202 202 200
36 16 202 202 200
37 16 202 202 200
38 16 194 194 192
39 16 156 157 155
40 16 109 110 108
41 16 142 143 140
42 16 152 152 148
43 16 155 154 151
44 16 163 161 158
18 17 57 52 47
19 17 59 56 52
20 17 60 60 57
21 17 60 60 58
22 17 60 60 58
23 17 60 60 58
24 17 60 60 58
25 17 60 61 58
26 17 61 61 59
27 17 61 61 59
28 17 62 62 60
29 17 62 62 60
30 17 63 63 61
31 17 141 141 138
32 17 186 184 179
33 17 199 196 191
34 17 201 199 194
35 17 202 201 198
36 17 200 200 197
37 17 191 191 188
38 17 158 159 157
39 17 101 102 100
40 17 142 143 140
41 17 162 161 158
42 17 158 157 152
43 17 138 136 131
44 17 167 165 161
18 18 57 53 48
19 18 59 56 52
20 18 61 60 57
21 18 61 61 58
22 18 60 60 58
23 18 59 59 57
24 18 60 60 58
25 18 60 61 58
26 18 60 61 58
27 18 60 61 58
28 18 60 60 58
29 18 61 62 59
30 18 61 61 59
31 18 62 63 60
32 18 100 100 98
33 18 168 167 163
34 18 194 191 186
35 18 197 194 188
36 18 185 184 180
37 18 133 134 131
38 18 124 127 124
39 18 129 130 127
40 18 162 162 159
41 18 158 157 153
42 18 147 145 140
43 18 134 132 127
18 19 56 51 46
19 19 58 55 51
20 19 60 59 56
21 19 61 60 58
22 19 60 59 57
23 19 60 59 57
24 19 59 59 57
25 19 59 59 57
26 19 60 60 58
27 19 60 60 58
28 19 60 60 58
29 19 61 61 59
30 19 60 61 58
31 19 61 61 59
32 19 63 63 61
33 19 64 65 63
34 19 150 151 149
35 19 180 177 172
36 19 129 128 123
37 19 101 102 100
38 19 152 152 149
39 19 162 162 159
40 19 158 158 154
41 19 128 127 122
42 19 130 128 122
43 19 144 141 136
18 20 55 50 45
19 20 57 53 49
20 20 61 59 56
21 20 60 59 57
22 20 60 59 57
23 20 59 59 56
24 20 60 59 57
25 20 58 59 56
26 20 59 59 57
27 20 60 60 58
28 20 60 60 58
29 20 60 60 58
30 20 60 61 58
31 20 60 61 58
32 20 61 61 59
33 20 69 69 67
34 20 168 169 167
35 20 160 157 151
36 20 94 93 90
37 20 148 148 145
38 20 167 167 164
39 20 163 162 159
40 20 127 127 122
41 20 99 97 92
42 20 112 108 103
43 20 118 115 110
18 21 52 44 38
19 21 56 51 46
20 21 59 57 54
21 21 60 59 56
22 21 59 58 55
23 21 59 59 56
24 21 59 58 56
25 21 59 59 57
26 21 59 59 57
27 21 59 59 57
28 21 59 59 57
29 21 59 59 57
30 21 59 59 57
31 21 60 60 58
32 21 61 61 59
33 21 86 87 85
34 21 168 169 167
35 21 140 138 132
36 21 140 140 137
37 21 169 168 165
38 21 163 163 159
39 21 138 138 134
40 21 82 81 77
41 21 101 97 92
42 21 107 102 97
18 22 41 32 27
19 22 51 45 40
20 22 55 52 49
21 22 58 57 54
22 22 58 58 55
23 22 59 58 55
24 22 59 58 56
25 22 58 58 56
26 22 59 59 56
27 22 59 59 57
28 22 59 58 56
29 22 59 59 56
30 22 59 58 56
31 22 59 59 57
32 22 61 61 59
33 22 114 116 114
34 22 170 169 166
35 22 161 159 156
36 22 168 168 164
37 22 164 164 161
38 22 128 128 124
39 22 100 100 96
40 22 85 81 77
41 22 83 78 73
42 22 99 94 89
20 23 50 47 43
21 23 54 52 48
22 23 57 55 52
23 23 58 57 55
24 23 58 57 54
25 23 58 57 55
26 23 58 58 56
27 23 57 57 55
28 23 58 58 55
29 23 58 58 56
30 23 58 58 56
31 23 59 59 56
32 23 61 61 58
33 23 142 143 141
34 23 173 171 166
35 23 173 172 169
36 23 167 166 163
37 23 139 139 135
38 23 91 90 87
39 23 104 101 96
40 23 79 74 69
41 23 29 27 25
21 24 47 44 41
22 24 52 50 47
23 24 56 54 51
24 24 57 56 53
25 24 57 57 54
26 24 57 57 54
27 24 54 54 52
28 24 48 48 46
29 24 49 49 47
30 24 56 55 53
31 24 59 58 56
32 24 63 63 60
33 24 159 159 157
34 24 174 172 167
35 24 168 167 164
36 24 142 142 139
37 24 96 96 93
38 24 104 102 97
39 24 95 91 87
40 24 33 32 29
22 25 44 41 38
23 25 49 47 44
24 25 53 52 49
25 25 57 55 52
26 25 57 56 54
27 25 48 48 46
28 25 23 24 23
29 25 21 21 20
30 25 41 41 39
31 25 56 55 53
32 25 71 71 68
33 25 167 166 163
34 25 165 163 158
35 25 134 134 130
36 25 111 110 107
37 25 95 92 88
38 25 94 90 85
39 25 40 38 35
24 26 48 46 43
25 26 51 49 46
26 26 54 53 50
27 26 49 49 46
28 26 24 24 23
29 26 4 4 4
30 26 20 20 19
31 26 47 47 45
32 26 103 103 100
33 26 167 166 163
34 26 135 133 128
35 26 89 89 86
36 26 114 111 107
37 26 95 91 86
38 26 30 28 26
25 27 44 42 39
26 27 50 47 45
27 27 51 49 47
28 27 40 39 37
29 27 15 15 14
30 27 10 10 9
31 27 35 35 33
32 27 121 122 119
33 27 154 152 147
34 27 94 91 87
35 27 110 107 103
36 27 109 106 101
37 27 41 40 37
27 28 47 45 41
28 28 46 44 42
29 28 39 37 35
30 28 32 31 29
31 28 41 40 37
32 28 139 138 134
33 28 129 124 118
34 28 98 94 89
35 28 105 101 97
36 28 38 36 34
28 29 43 41 37
29 29 45 43 40
30 29 49 47 43
31 29 63 61 57
32 29 148 146 141
33 29 129 122 116
34 29 101 96 91
35 29 36 34 32
29 30 38 35 32
30 30 45 42 38
31 30 78 75 70
32 30 144 139 133
33 30 120 113 105
34 30 38 35 32
31 31 93 87 81
32 31 138 130 123
33 31 46 41 37
