32 0 179 173 164
33 0 174 166 154
30 1 184 184 181
31 1 187 187 183
32 1 190 188 182
33 1 189 184 175
34 1 185 177 167
28 2 178 178 175
29 2 185 185 183
30 2 187 188 186
31 2 185 186 183
32 2 189 189 186
33 2 194 191 186
34 2 193 186 179
27 3 182 183 180
28 3 185 186 184
29 3 182 183 181
30 3 166 167 165
31 3 139 140 138
32 3 153 155 152
33 3 190 190 187
34 3 196 191 186
35 3 196 185 177
25 4 179 179 177
26 4 184 184 181
27 4 188 188 186
28 4 186 187 184
29 4 151 152 150
30 4 74 75 73
31 4 20 21 20
32 4 85 86 84
33 4 178 179 176
34 4 197 195 191
35 4 198 192 186
36 4 196 184 175
23 5 174 174 171
24 5 182 182 179
25 5 186 186 184
26 5 190 190 188
27 5 190 191 188
28 5 186 187 184
29 5 139 140 138
30 5 22 22 21
31 5 56 57 56
32 5 135 135 133
33 5 184 185 182
34 5 198 197 194
35 5 199 195 191
36 5 199 190 183
22 6 178 178 176
23 6 182 183 180
24 6 187 187 185
25 6 190 190 187
26 6 190 190 188
27 6 190 191 188
28 6 189 189 187
29 6 170 171 168
30 6 131 132 129
31 6 162 163 160
32 6 186 186 184
33 6 196 196 193
34 6 198 197 195
35 6 199 197 194
36 6 199 193 188
37 6 198 187 179
20 7 172 173 171
21 7 176 177 175
22 7 180 181 179
23 7 184 185 182
24 7 187 188 186
25 7 189 189 187
26 7 189 190 187
27 7 190 190 188
28 7 190 190 188
29 7 188 189 186
30 7 186 187 184
31 7 191 192 189
32 7 194 195 192
33 7 197 197 194
34 7 198 197 195
35 7 199 199 196
36 7 200 197 193
37 7 200 192 187
18 8 169 171 169
19 8 176 178 175
20 8 175 177 175
21 8 166 168 166
22 8 151 153 151
23 8 160 162 160
24 8 181 182 180
25 8 187 188 185
26 8 188 188 186
27 8 188 188 186
28 8 185 186 184
29 8 187 188 186
30 8 192 192 190
31 8 193 193 191
32 8 195 195 192
33 8 197 197 194
34 8 198 197 195
35 8 198 198 196
36 8 200 199 196
37 8 200 195 190
38 8 199 189 182
17 9 164 166 164
18 9 176 178 176
19 9 178 180 178
20 9 158 160 158
21 9 105 107 105
22 9 55 57 55
23 9 96 98 97
24 9 169 170 167
25 9 187 187 185
26 9 183 184 181
27 9 164 165 162
28 9 139 140 138
29 9 151 153 151
30 9 181 183 181
31 9 193 194 191
32 9 195 195 193
33 9 195 195 193
34 9 192 192 190
35 9 188 188 186
36 9 193 192 190
37 9 198 195 192
38 9 200 193 187
39 9 198 187 179
17 10 174 178 177
18 10 180 183 182
19 10 176 178 176
20 10 127 129 126
21 10 32 33 32
22 10 22 23 22
23 10 116 118 117
24 10 174 175 172
25 10 183 184 181
26 10 156 157 154
27 10 80 81 79
28 10 22 23 22
29 10 53 55 54
30 10 159 160 158
31 10 192 192 190
32 10 193 194 191
33 10 182 182 180
34 10 146 147 144
35 10 123 125 123
36 10 149 149 148
37 10 181 180 177
38 10 198 193 189
39 10 199 190 184
18 11 183 186 185
19 11 176 178 176
20 11 130 131 129
21 11 86 86 84
22 11 110 111 110
23 11 162 164 162
24 11 182 182 180
25 11 181 181 179
26 11 141 142 139
27 11 30 30 29
28 11 14 14 13
29 11 86 87 85
30 11 165 166 163
31 11 191 192 189
32 11 189 189 186
33 11 150 150 147
34 11 50 50 49
35 11 15 15 15
36 11 70 69 68
37 11 168 166 165
38 11 198 195 192
39 11 199 192 186
40 11 197 185 176
18 12 183 186 185
19 12 183 185 183
20 12 174 174 172
21 12 167 167 164
22 12 169 170 167
23 12 180 180 178
24 12 184 184 181
25 12 179 180 177
26 12 152 153 150
27 12 94 94 91
28 12 98 97 94
29 12 151 152 149
30 12 184 184 182
31 12 192 192 189
32 12 182 182 180
33 12 112 112 109
34 12 16 16 15
35 12 18 18 17
36 12 91 92 90
37 12 177 176 174
38 12 198 196 193
39 12 200 194 189
40 12 194 182 174
41 12 186 167 155
18 13 184 187 186
19 13 186 187 185
20 13 185 185 182
21 13 181 181 177
22 13 182 181 178
23 13 183 183 180
24 13 184 184 181
25 13 181 182 179
26 13 177 178 175
27 13 171 171 168
28 13 171 171 168
29 13 182 181 179
30 13 189 189 186
31 13 192 192 189
32 13 188 187 184
33 13 150 149 146
34 13 97 96 93
35 13 105 105 102
36 13 153 152 149
37 13 190 189 186
38 13 198 195 191
39 13 192 186 180
40 13 178 167 158
41 13 181 170 161
19 14 185 187 185
20 14 187 187 184
21 14 184 183 180
22 14 182 182 178
23 14 183 183 180
24 14 183 183 180
25 14 182 183 180
26 14 182 182 180
27 14 184 184 181
28 14 186 186 184
29 14 188 188 185
30 14 189 189 186
31 14 192 191 188
32 14 192 192 188
33 14 186 186 182
34 14 180 179 176
35 14 180 179 176
36 14 189 187 184
37 14 193 190 187
38 14 180 176 171
39 14 145 139 133
40 14 137 130 123
41 14 172 165 158
42 14 182 176 168
19 15 185 187 185
20 15 187 187 185
21 15 185 185 182
22 15 182 182 179
23 15 181 181 178
24 15 175 175 172
25 15 168 168 165
26 15 166 167 164
27 15 178 179 176
28 15 186 186 183
29 15 188 188 185
30 15 189 188 185
31 15 192 190 187
32 15 192 191 187
33 15 193 192 189
34 15 193 192 189
35 15 194 192 189
36 15 185 182 178
37 15 153 149 143
38 15 102 97 92
39 15 77 74 69
40 15 95 92 87
41 15 154 149 142
42 15 183 178 171
19 16 184 186 185
20 16 186 187 185
21 16 186 186 183
22 16 183 183 180
23 16 175 175 172
24 16 142 142 139
25 16 103 103 100
26 16 86 87 85
27 16 153 153 151
28 16 184 184 181
29 16 188 187 183
30 16 190 188 185
31 16 191 190 186
32 16 192 191 187
33 16 194 192 188
34 16 189 187 183
35 16 171 169 164
36 16 117 114 109
37 16 63 61 57
38 16 27 26 24
39 16 28 27 26
40 16 78 76 72
41 16 128 124 118
42 16 169 164 157
43 16 181 176 169
20 17 184 185 184
21 17 185 185 182
22 17 181 181 178
23 17 156 155 152
24 17 74 74 71
25 17 17 17 16
26 17 22 22 21
27 17 131 131 128
28 17 181 180 177
29 17 188 186 182
30 17 190 188 184
31 17 190 188 184
32 17 190 188 184
33 17 181 179 176
34 17 148 145 141
35 17 105 103 98
36 17 45 44 42
37 17 8 8 7
38 17 10 10 10
39 17 46 46 44
40 17 90 88 84
41 17 103 100 95
42 17 146 142 135
43 17 178 174 168
20 18 183 184 182
21 18 184 184 181
22 18 180 179 176
23 18 146 145 142
24 18 46 45 44
25 18 7 7 6
26 18 64 64 61
27 18 155 154 150
28 18 183 181 177
29 18 187 185 181
30 18 188 186 182
31 18 183 181 178
32 18 157 156 152
33 18 120 119 115
34 18 105 104 101
35 18 88 87 84
36 18 51 50 48
37 18 39 39 38
38 18 59 59 57
39 18 85 85 82
40 18 100 98 94
41 18 108 106 100
42 18 127 124 118
43 18 162 158 151
44 18 178 174 167
21 19 182 181 177
22 19 179 178 174
23 19 164 162 158
24 19 115 113 109
25 19 95 94 89
26 19 140 138 133
27 19 175 173 168
28 19 185 183 178
29 19 184 183 179
30 19 164 163 160
31 19 130 129 125
32 19 111 111 107
33 19 107 107 103
34 19 104 104 101
35 19 99 99 96
36 19 85 85 82
37 19 85 85 82
38 19 99 99 96
39 19 100 99 95
40 19 107 106 101
41 19 106 104 99
42 19 111 109 104
43 19 142 138 132
44 19 171 167 161
21 20 179 178 174
22 20 181 179 175
23 20 179 177 172
24 20 169 166 161
25 20 168 165 160
26 20 178 176 172
27 20 182 181 177
28 20 172 171 168
29 20 140 140 137
30 20 115 115 111
31 20 108 108 105
32 20 105 105 101
33 20 103 103 100
34 20 106 106 103
35 20 103 102 99
36 20 101 100 97
37 20 103 103 100
38 20 101 101 97
39 20 108 107 103
40 20 102 101 97
41 20 96 94 90
42 20 93 91 88
43 20 110 109 104
44 20 150 146 141
45 20 172 167 161
21 21 176 174 170
22 21 179 177 173
23 21 182 180 175
24 21 180 177 172
25 21 181 180 176
26 21 176 176 173
27 21 144 145 142
28 21 92 93 90
29 21 74 74 72
30 21 79 80 78
31 21 99 100 97
32 21 103 103 100
33 21 104 104 101
34 21 99 99 96
35 21 104 103 100
36 21 106 105 102
37 21 102 102 98
38 21 103 103 99
39 21 97 96 93
40 21 80 80 76
41 21 56 55 52
42 21 45 45 43
43 21 78 77 74
44 21 127 123 118
45 21 161 153 145
22 22 174 171 168
23 22 181 179 176
24 22 177 177 174
25 22 154 155 152
26 22 97 99 97
27 22 47 48 46
28 22 19 19 18
29 22 21 21 21
30 22 62 63 62
31 22 99 99 97
32 22 103 103 100
33 22 99 99 96
34 22 101 100 97
35 22 106 105 103
36 22 103 102 99
37 22 102 101 98
38 22 100 100 97
39 22 81 80 77
40 22 37 36 34
41 22 10 10 9
42 22 25 25 24
43 22 82 81 78
44 22 104 98 92
45 22 137 125 116
46 22 163 146 135
22 23 172 171 168
23 23 162 163 160
24 23 129 130 128
25 23 102 104 101
26 23 53 55 53
27 23 13 14 14
28 23 22 23 23
29 23 48 49 49
30 23 90 92 90
31 23 99 99 97
32 23 99 99 97
33 23 102 101 99
34 23 104 103 100
35 23 101 100 97
36 23 100 100 97
37 23 99 99 96
38 23 95 95 92
39 23 69 68 65
40 23 36 36 35
41 23 46 45 43
42 23 71 68 64
43 23 86 81 77
44 23 81 75 69
45 23 58 50 45
23 24 149 150 147
24 24 113 115 112
25 24 102 103 101
26 24 72 74 72
27 24 67 69 68
28 24 75 77 76
29 24 88 90 88
30 24 100 100 98
31 24 101 101 98
32 24 101 101 99
33 24 100 100 97
34 24 99 99 96
35 24 98 97 95
36 24 100 99 96
37 24 99 98 95
38 24 100 100 97
39 24 89 89 86
40 24 81 79 76
41 24 71 68 64
42 24 91 86 81
43 24 54 50 46
24 25 150 152 150
25 25 114 116 114
26 25 99 101 99
27 25 96 98 96
28 25 98 99 97
29 25 99 100 97
30 25 101 101 99
31 25 97 97 95
32 25 92 92 90
33 25 92 92 90
34 25 93 92 90
35 25 99 99 96
36 25 98 98 95
37 25 98 97 95
38 25 98 97 93
39 25 92 89 85
40 25 91 88 83
41 25 58 55 52
25 26 130 132 129
26 26 109 110 107
27 26 101 102 99
28 26 100 101 98
29 26 100 100 98
30 26 94 95 92
31 26 75 75 73
32 26 52 52 51
33 26 47 47 46
34 26 70 70 68
35 26 95 94 92
36 26 97 96 93
37 26 96 93 89
38 26 90 86 82
39 26 100 94 88
26 27 129 130 128
27 27 109 109 107
28 27 101 101 99
29 27 98 98 96
30 27 73 73 71
31 27 29 29 28
32 27 8 8 8
33 27 28 29 29
34 27 76 77 75
35 27 94 92 89
36 27 90 87 83
37 27 94 90 85
38 27 62 57 53
27 28 128 128 126
28 28 107 107 105
29 28 94 94 92
30 28 65 65 64
31 28 41 42 41
32 28 47 48 46
33 28 65 65 62
34 28 76 74 72
35 28 94 90 86
36 28 62 58 55
28 29 65 66 64
29 29 106 107 105
30 29 90 90 87
31 29 83 82 79
32 29 79 77 73
33 29 82 80 76
34 29 55 54 51
29 30 63 62 60
30 30 99 97 93
31 30 86 83 78
32 30 101 95 89
31 31 53 48 43
