33 0 145 131 124
31 1 154 145 135
32 1 160 152 145
33 1 169 162 156
34 1 179 173 169
30 2 164 158 149
31 2 168 162 155
32 2 173 168 162
33 2 179 176 170
34 2 185 182 177
35 2 188 184 181
28 3 163 157 149
29 3 167 162 155
30 3 172 168 161
31 3 176 172 166
32 3 178 175 169
33 3 182 180 175
34 3 189 188 184
35 3 194 193 191
26 4 164 159 151
27 4 168 164 157
28 4 172 168 162
29 4 176 173 167
30 4 178 176 170
31 4 179 177 172
32 4 182 180 175
33 4 185 184 179
34 4 190 190 186
35 4 197 197 195
36 4 199 199 197
24 5 159 153 146
25 5 166 162 156
26 5 171 168 162
27 5 175 172 167
28 5 178 176 171
29 5 181 179 174
30 5 182 181 176
31 5 184 183 178
32 5 185 184 180
33 5 188 188 184
34 5 192 192 188
35 5 197 197 195
36 5 201 202 200
37 5 201 202 201
23 6 166 162 155
24 6 171 167 161
25 6 174 172 167
26 6 177 176 171
27 6 180 179 175
28 6 182 181 177
29 6 184 183 180
30 6 186 185 182
31 6 187 187 184
32 6 189 189 185
33 6 192 191 188
34 6 193 193 190
35 6 197 197 194
36 6 201 202 199
37 6 203 205 203
38 6 203 205 204
21 7 160 155 149
22 7 163 160 154
23 7 168 166 161
24 7 174 173 168
25 7 178 177 173
26 7 180 180 176
27 7 180 180 177
28 7 177 177 174
29 7 175 176 173
30 7 186 187 184
31 7 190 191 188
32 7 191 192 189
33 7 189 190 187
34 7 181 182 179
35 7 177 177 174
36 7 193 193 191
37 7 205 206 204
38 7 206 207 207
39 7 205 207 206
19 8 161 153 145
20 8 164 160 155
21 8 157 154 149
22 8 144 142 138
23 8 136 135 131
24 8 163 163 159
25 8 179 179 176
26 8 175 175 172
27 8 153 153 150
28 8 117 118 115
29 8 117 118 115
30 8 176 177 174
31 8 191 191 189
32 8 183 184 182
33 8 152 154 151
34 8 101 102 100
35 8 87 88 85
36 8 166 168 165
37 8 202 204 202
38 8 207 209 208
39 8 204 206 206
40 8 197 198 197
17 9 140 120 108
18 9 161 148 138
19 9 166 160 153
20 9 158 156 151
21 9 115 114 110
22 9 59 59 57
23 9 97 98 95
24 9 164 165 162
25 9 178 178 175
26 9 147 148 145
27 9 68 68 66
28 9 45 45 44
29 9 128 129 127
30 9 181 182 179
31 9 189 190 188
32 9 156 158 157
33 9 62 64 63
34 9 47 48 48
35 9 126 128 126
36 9 185 186 185
37 9 204 205 203
38 9 205 206 205
39 9 201 203 203
40 9 205 208 208
18 10 173 163 154
19 10 171 166 160
20 10 140 140 137
21 10 78 78 76
22 10 104 105 102
23 10 156 156 153
24 10 180 180 177
25 10 178 179 176
26 10 145 147 145
27 10 109 110 108
28 10 152 153 151
29 10 181 182 180
30 10 193 194 192
31 10 190 192 190
32 10 167 170 168
33 10 140 142 140
34 10 160 162 161
35 10 187 189 187
36 10 200 201 199
37 10 202 203 201
38 10 197 198 197
39 10 193 195 194
40 10 201 203 203
41 10 205 208 207
18 11 178 170 162
19 11 176 172 166
20 11 165 165 161
21 11 161 161 158
22 11 173 173 170
23 11 184 184 181
24 11 186 186 183
25 11 185 186 183
26 11 182 183 180
27 11 181 182 180
28 11 189 190 188
29 11 194 195 193
30 11 196 197 195
31 11 198 199 197
32 11 195 197 195
33 11 195 197 195
34 11 199 200 198
35 11 198 199 198
36 11 192 193 191
37 11 172 173 171
38 11 171 172 170
39 11 185 186 183
40 11 194 196 195
41 11 205 208 207
18 12 181 172 164
19 12 182 176 170
20 12 184 182 178
21 12 185 184 181
22 12 186 186 183
23 12 188 188 185
24 12 189 189 186
25 12 190 190 187
26 12 192 192 189
27 12 193 194 191
28 12 195 195 193
29 12 197 198 195
30 12 198 199 197
31 12 200 201 199
32 12 201 202 200
33 12 199 200 198
34 12 195 196 194
35 12 176 177 175
36 12 133 135 132
37 12 82 83 81
38 12 95 95 93
39 12 164 165 162
40 12 188 189 187
41 12 198 200 199
42 12 202 203 203
19 13 185 178 171
20 13 186 182 178
21 13 187 186 182
22 13 189 189 185
23 13 189 189 186
24 13 191 191 188
25 13 191 192 189
26 13 193 194 191
27 13 196 196 194
28 13 197 197 195
29 13 199 200 197
30 13 200 200 198
31 13 199 200 198
32 13 196 197 195
33 13 189 190 188
34 13 175 176 174
35 13 112 114 112
36 13 26 27 26
37 13 4 4 4
38 13 21 21 20
39 13 131 131 128
40 13 180 180 177
41 13 189 191 189
42 13 203 205 203
19 14 185 178 170
20 14 188 183 178
21 14 189 188 184
22 14 190 190 187
23 14 191 191 189
24 14 193 193 190
25 14 194 195 192
26 14 195 195 193
27 14 197 197 195
28 14 199 199 197
29 14 199 199 197
30 14 194 195 193
31 14 185 186 184
32 14 170 171 169
33 14 169 170 168
34 14 167 169 168
35 14 95 98 97
36 14 6 6 6
37 14 2 2 2
38 14 49 49 47
39 14 136 135 132
40 14 177 176 173
41 14 184 184 182
42 14 194 196 194
20 15 189 183 177
21 15 190 187 183
22 15 191 190 187
23 15 192 193 190
24 15 194 194 191
25 15 195 196 193
26 15 197 197 195
27 15 198 198 196
28 15 196 197 195
29 15 189 190 188
30 15 166 167 164
31 15 114 115 112
32 15 81 82 81
33 15 101 103 101
34 15 150 153 153
35 15 135 138 138
36 15 55 57 56
37 15 72 73 71
38 15 125 125 122
39 15 165 165 161
40 15 177 176 172
41 15 178 178 174
42 15 187 187 185
43 15 197 198 196
20 16 189 183 175
21 16 191 187 181
22 16 193 192 188
23 16 194 194 191
24 16 196 196 193
25 16 196 196 194
26 16 194 195 192
27 16 191 192 190
28 16 184 185 183
29 16 162 163 161
30 16 86 88 86
31 16 19 19 19
32 16 5 5 5
33 16 27 28 27
34 16 130 132 131
35 16 164 166 165
36 16 149 150 148
37 16 154 154 152
38 16 165 165 162
39 16 172 171 168
40 16 174 174 170
41 16 175 174 170
42 16 177 177 174
43 16 190 190 187
20 17 190 182 172
21 17 190 185 178
22 17 193 191 186
23 17 194 194 190
24 17 193 193 190
25 17 190 190 188
26 17 178 179 177
27 17 165 166 164
28 17 163 164 162
29 17 152 155 153
30 17 68 71 70
31 17 2 2 2
32 17 5 5 5
33 17 60 61 59
34 17 143 144 141
35 17 172 172 170
36 17 173 174 171
37 17 173 172 169
38 17 172 172 168
39 17 172 171 167
40 17 171 170 165
41 17 169 168 163
42 17 171 169 164
43 17 177 176 172
44 17 188 187 183
21 18 187 180 170
22 18 188 183 176
23 18 188 187 182
24 18 181 181 178
25 18 152 153 150
26 18 99 100 98
27 18 81 82 80
28 18 94 96 94
29 18 135 139 137
30 18 116 119 118
31 18 54 55 54
32 18 80 81 79
33 18 130 131 128
34 18 165 166 163
35 18 173 173 170
36 18 173 173 169
37 18 172 172 168
38 18 170 170 166
39 18 169 168 164
40 18 168 166 161
41 18 166 164 159
42 18 165 163 156
43 18 170 168 163
44 18 183 182 177
21 19 180 171 158
22 19 185 178 169
23 19 177 176 171
24 19 152 152 149
25 19 66 67 65
26 19 10 10 9
27 19 5 5 5
28 19 31 32 31
29 19 128 130 128
30 19 160 162 159
31 19 150 151 148
32 19 155 156 153
33 19 165 165 162
34 19 171 171 167
35 19 172 172 168
36 19 170 170 166
37 19 168 168 165
38 19 168 168 163
39 19 162 162 157
40 19 151 150 145
41 19 139 137 131
42 19 136 133 127
43 19 159 157 152
44 19 170 168 163
45 19 181 179 175
22 20 184 178 168
23 20 177 174 167
24 20 143 143 139
25 20 53 53 51
26 20 1 1 1
27 20 8 8 8
28 20 69 70 68
29 20 147 147 145
30 20 171 171 168
31 20 172 172 168
32 20 171 171 168
33 20 172 171 168
34 20 171 171 168
35 20 170 169 166
36 20 168 168 164
37 20 166 166 162
38 20 163 163 159
39 20 143 143 138
40 20 95 95 90
41 20 50 49 46
42 20 67 65 61
43 20 141 138 133
44 20 159 157 152
45 20 174 172 167
23 21 181 176 167
24 21 151 149 143
25 21 110 110 108
26 21 61 61 60
27 21 88 88 86
28 21 134 135 132
29 21 165 165 162
30 21 171 171 168
31 21 171 171 168
32 21 170 170 167
33 21 170 169 166
34 21 168 167 164
35 21 166 166 161
36 21 163 163 159
37 21 160 159 155
38 21 151 151 148
39 21 88 88 85
40 21 16 16 15
41 21 1 1 1
42 21 32 31 28
43 21 120 117 111
44 21 153 150 144
45 21 160 156 150
46 21 161 156 149
23 22 185 179 169
24 22 176 172 165
25 22 161 160 156
26 22 152 152 149
27 22 157 157 154
28 22 164 164 161
29 22 170 170 167
30 22 170 170 166
31 22 169 169 166
32 22 169 169 165
33 22 166 166 163
34 22 162 162 158
35 22 149 149 145
36 22 132 132 128
37 22 121 121 117
38 22 139 140 136
39 22 92 92 89
40 22 19 19 18
41 22 19 18 17
42 22 82 80 75
43 22 134 131 125
44 22 142 137 130
45 22 135 128 120
46 22 152 143 134
24 23 181 175 168
25 23 176 172 167
26 23 170 169 165
27 23 169 168 165
28 23 170 169 166
29 23 169 169 166
30 23 169 168 165
31 23 167 167 163
32 23 166 166 163
33 23 163 163 159
34 23 142 142 139
35 23 86 86 83
36 23 38 38 36
37 23 33 33 32
38 23 111 112 108
39 23 130 130 126
40 23 96 95 91
41 23 109 107 102
42 23 134 130 124
43 23 140 135 129
44 23 124 118 111
45 23 105 97 90
25 24 181 176 169
26 24 169 166 161
27 24 169 168 164
28 24 168 168 165
29 24 167 167 164
30 24 166 165 162
31 24 164 164 160
32 24 161 161 158
33 24 155 155 152
34 24 102 102 99
35 24 14 14 14
37 24 25 25 23
38 24 109 108 104
39 24 146 144 140
40 24 144 141 136
41 24 142 138 132
42 24 134 128 122
43 24 93 88 82
44 24 45 42 38
25 25 184 177 168
26 25 178 172 166
27 25 167 165 160
28 25 167 166 163
29 25 162 161 158
30 25 145 145 142
31 25 131 131 128
32 25 127 126 122
33 25 136 136 133
34 25 121 121 119
35 25 43 43 42
36 25 32 32 30
37 25 83 82 78
38 25 136 134 129
39 25 148 145 139
40 25 140 136 130
41 25 117 112 106
42 25 48 45 42
26 26 177 171 162
27 26 171 167 161
28 26 162 161 158
29 26 141 141 138
30 26 77 77 75
31 26 32 32 31
32 26 39 38 36
33 26 94 93 91
34 26 142 142 139
35 26 120 119 116
36 26 122 121 116
37 26 139 137 131
38 26 142 139 133
39 26 133 129 123
40 26 100 95 89
27 27 175 169 162
28 27 158 155 150
29 27 102 101 98
30 27 15 15 14
32 27 21 21 20
33 27 111 110 107
34 27 151 149 146
35 27 149 147 143
36 27 147 144 139
37 27 133 129 124
38 27 103 99 94
27 28 174 166 157
28 28 156 149 141
29 28 93 88 84
30 28 49 48 45
31 28 39 38 36
32 28 92 91 87
33 28 138 137 133
34 28 149 146 141
35 28 140 137 131
36 28 118 114 108
37 28 51 49 45
28 29 161 151 141
29 29 145 138 130
30 29 131 128 123
31 29 130 127 122
32 29 141 139 134
33 29 142 138 133
34 29 124 120 114
35 29 54 51 48
29 30 164 154 144
30 30 151 143 135
31 30 145 139 132
32 30 131 127 120
33 30 90 86 80
29 31 153 133 119
30 31 149 134 123
31 31 100 92 84
32 31 49 45 41
