34 0 161 154 145
32 1 167 162 157
33 1 173 169 165
34 1 177 173 167
35 1 173 168 159
31 2 156 151 145
32 2 156 151 146
33 2 184 182 179
34 2 184 183 179
35 2 180 177 172
36 2 176 170 163
30 3 164 161 155
31 3 159 156 150
32 3 180 178 174
33 3 190 190 188
34 3 177 178 175
35 3 165 164 160
36 3 176 172 167
37 3 180 171 163
29 4 158 155 149
30 4 160 157 151
31 4 174 172 168
32 4 195 195 192
33 4 195 196 194
34 4 173 174 172
35 4 110 111 108
36 4 154 152 147
37 4 179 174 169
28 5 152 150 144
29 5 161 159 154
30 5 173 171 168
31 5 193 193 190
32 5 198 199 196
33 5 198 198 196
34 5 190 190 188
35 5 143 144 141
36 5 101 101 98
37 5 164 161 157
38 5 180 174 169
26 6 146 143 138
27 6 148 146 140
28 6 160 159 154
29 6 170 170 166
30 6 181 182 179
31 6 200 201 199
32 6 200 201 199
33 6 199 200 198
34 6 196 196 194
35 6 183 184 182
36 6 139 139 137
37 6 156 157 154
38 6 180 177 173
39 6 182 175 170
25 7 138 136 131
26 7 143 141 136
27 7 154 153 148
28 7 163 163 159
29 7 169 170 167
30 7 196 197 196
31 7 201 203 201
32 7 191 192 190
33 7 191 192 190
34 7 196 196 194
35 7 194 195 192
36 7 183 183 181
37 7 177 178 175
38 7 182 181 179
39 7 182 179 175
40 7 179 173 167
24 8 126 121 115
25 8 128 125 120
26 8 139 138 134
27 8 147 147 144
28 8 154 154 152
29 8 176 177 175
30 8 199 201 200
31 8 200 201 200
32 8 157 159 157
33 8 133 135 133
34 8 179 180 178
35 8 194 194 192
36 8 191 191 189
37 8 185 186 183
38 8 184 185 182
39 8 184 183 180
40 8 180 177 173
41 8 178 170 165
23 9 126 120 114
24 9 118 113 108
25 9 124 124 120
26 9 132 133 130
27 9 149 149 147
28 9 157 157 155
29 9 170 172 171
30 9 191 194 194
31 9 203 205 204
32 9 172 174 172
33 9 56 57 55
34 9 126 127 125
35 9 185 186 183
36 9 186 187 184
37 9 161 162 160
38 9 172 173 171
39 9 183 183 180
40 9 180 179 176
41 9 176 172 168
42 9 173 166 161
22 10 125 116 108
23 10 125 120 115
24 10 132 131 128
25 10 145 146 144
26 10 152 152 150
27 10 158 159 156
28 10 157 158 156
29 10 110 111 109
30 10 149 152 152
31 10 196 199 198
32 10 193 195 194
33 10 128 129 127
34 10 73 74 73
35 10 169 171 168
36 10 183 183 181
37 10 122 122 119
38 10 116 118 115
39 10 170 170 168
40 10 176 177 174
41 10 163 162 159
42 10 165 159 155
43 10 169 159 154
21 11 143 138 132
22 11 140 135 130
23 11 151 150 147
24 11 162 163 160
25 11 167 167 165
26 11 165 166 164
27 11 144 146 143
28 11 90 92 89
29 11 70 71 69
30 11 83 84 82
31 11 158 160 159
32 11 197 199 198
33 11 187 189 187
34 11 154 154 152
35 11 168 169 168
36 11 187 188 185
37 11 162 163 160
38 11 78 79 76
39 11 132 133 131
40 11 171 172 169
41 11 137 137 135
42 11 130 127 123
43 11 159 153 148
44 11 168 159 154
20 12 166 160 154
21 12 149 145 140
22 12 162 161 158
23 12 171 171 169
24 12 175 175 173
25 12 166 167 164
26 12 128 129 127
27 12 74 76 74
28 12 30 31 30
29 12 24 24 23
30 12 46 46 45
31 12 86 86 84
32 12 158 160 159
33 12 198 200 199
34 12 196 197 195
35 12 191 191 188
36 12 192 192 189
37 12 186 186 183
38 12 142 143 140
39 12 124 125 122
40 12 171 171 169
41 12 156 156 153
42 12 82 81 78
43 12 138 134 130
44 12 165 159 154
45 12 163 151 144
19 13 170 166 160
20 13 157 153 148
21 13 165 163 159
22 13 173 173 170
23 13 174 174 171
24 13 158 159 156
25 13 115 117 114
26 13 76 77 75
27 13 31 32 32
28 13 3 3 3
29 13 2 2 2
30 13 3 3 3
31 13 42 42 40
32 13 88 88 85
33 13 160 161 160
34 13 198 200 198
35 13 198 198 196
36 13 194 194 191
37 13 191 191 188
38 13 182 182 180
39 13 170 170 167
40 13 176 176 173
41 13 175 175 172
42 13 135 135 132
43 13 112 110 107
44 13 159 154 149
45 13 162 153 147
19 14 164 160 154
20 14 167 164 160
21 14 172 172 169
22 14 171 171 168
23 14 145 146 143
24 14 91 92 89
25 14 70 71 70
26 14 68 70 69
27 14 41 43 42
28 14 9 10 9
29 14 1 1 1
31 14 26 26 25
32 14 74 74 71
33 14 93 93 90
34 14 166 167 165
35 14 199 200 198
36 14 197 197 194
37 14 193 192 190
38 14 189 189 186
39 14 184 185 182
40 14 183 183 180
41 14 182 182 179
42 14 174 173 170
43 14 153 152 148
44 14 161 159 155
45 14 165 160 155
18 15 172 168 162
19 15 163 160 154
20 15 170 169 166
21 15 165 165 162
22 15 131 132 129
23 15 74 75 72
24 15 30 30 29
25 15 29 29 28
26 15 42 43 43
27 15 58 60 60
28 15 36 38 38
29 15 12 13 13
30 15 19 19 18
31 15 47 47 46
32 15 78 78 75
33 15 85 84 81
34 15 93 92 89
35 15 173 173 171
36 15 197 198 196
37 15 195 195 193
38 15 190 190 187
39 15 179 180 177
40 15 172 172 170
41 15 179 179 176
42 15 182 181 177
43 15 177 176 172
44 15 172 170 166
45 15 168 165 161
17 16 177 173 167
18 16 160 157 151
19 16 167 166 161
20 16 155 155 153
21 16 118 119 116
22 16 77 78 76
23 16 32 32 31
24 16 3 3 3
25 16 3 3 3
26 16 7 7 7
27 16 44 46 45
28 16 65 67 66
29 16 56 57 56
30 16 61 61 60
31 16 70 70 67
32 16 75 75 72
33 16 77 77 74
34 16 84 83 80
35 16 95 94 90
36 16 173 174 171
37 16 196 196 193
38 16 193 193 191
39 16 173 173 170
40 16 122 122 119
41 16 153 152 149
42 16 179 178 174
43 16 179 178 174
44 16 175 173 168
45 16 171 169 165
17 17 159 155 149
18 17 159 157 152
19 17 143 143 140
20 17 90 91 88
21 17 65 66 64
22 17 65 67 65
23 17 41 43 42
24 17 10 10 10
26 17 2 2 2
27 17 34 34 33
28 17 69 70 68
29 17 76 77 74
30 17 79 79 76
31 17 77 76 74
32 17 75 75 72
33 17 80 79 76
34 17 80 79 75
35 17 75 74 70
36 17 102 101 97
37 17 172 171 167
38 17 193 193 190
39 17 182 182 179
40 17 114 113 110
41 17 79 78 76
42 17 160 159 155
43 17 179 177 172
44 17 175 173 168
45 17 173 171 166
16 18 165 157 147
17 18 144 139 132
18 18 128 127 122
19 18 72 73 71
20 18 31 31 30
21 18 24 25 24
22 18 32 33 32
23 18 45 48 47
24 18 37 39 39
25 18 17 18 17
26 18 26 26 25
27 18 51 51 49
28 18 74 74 71
29 18 79 79 76
30 18 79 78 76
31 18 77 77 74
32 18 77 76 73
33 18 79 78 75
34 18 75 74 70
35 18 71 69 66
36 18 84 82 77
37 18 102 100 95
38 18 169 168 163
39 18 189 189 185
40 18 161 160 156
41 18 75 74 71
42 18 132 130 126
43 18 176 174 169
44 18 176 174 169
16 19 53 47 40
17 19 118 111 101
18 19 82 80 75
19 19 47 48 46
20 19 8 8 8
21 19 2 2 2
22 19 1 1 1
23 19 31 32 31
24 19 63 64 63
25 19 61 62 60
26 19 65 65 63
27 19 71 71 68
28 19 78 78 75
29 19 78 78 75
30 19 76 76 73
31 19 77 77 74
32 19 77 77 73
33 19 76 76 72
34 19 70 69 65
35 19 67 67 63
36 19 69 67 63
37 19 66 64 60
38 19 107 105 99
39 19 168 167 162
40 19 183 181 177
41 19 156 154 150
42 19 138 136 131
43 19 173 171 166
44 19 176 173 168
17 20 61 56 49
18 20 91 86 79
19 20 60 59 56
20 20 26 26 25
21 20 4 4 4
22 20 3 3 2
23 20 30 30 29
24 20 67 68 65
25 20 76 76 74
26 20 79 79 76
27 20 79 79 76
28 20 79 78 76
29 20 76 76 74
30 20 77 77 74
31 20 77 77 74
32 20 75 75 71
33 20 74 73 70
34 20 64 64 61
35 20 46 46 43
36 20 29 29 27
37 20 25 24 23
38 20 58 56 52
39 20 99 97 92
40 20 168 166 161
41 20 183 181 177
42 20 175 173 168
43 20 178 176 170
44 20 176 173 168
18 21 58 53 47
19 21 82 77 71
20 21 57 55 52
21 21 38 38 37
22 21 36 36 34
23 21 53 53 52
24 21 72 72 70
25 21 80 79 77
26 21 80 80 77
27 21 78 78 75
28 21 77 77 74
29 21 76 75 72
30 21 76 76 73
31 21 76 76 72
32 21 72 72 69
33 21 69 69 66
34 21 55 55 53
35 21 18 18 17
36 21 3 3 2
37 21 1 1 0
38 21 15 15 14
39 21 55 53 50
40 21 110 108 103
41 21 169 166 161
42 21 181 179 174
43 21 180 178 173
44 21 177 174 169
19 22 56 51 45
20 22 85 80 74
21 22 72 70 67
22 22 70 70 68
23 22 73 73 71
24 22 79 78 76
25 22 80 79 77
26 22 79 79 76
27 22 77 77 74
28 22 76 75 73
29 22 75 75 72
30 22 71 71 68
31 22 63 63 60
32 22 54 53 51
33 22 59 59 56
34 22 56 56 54
35 22 24 24 23
36 22 2 2 2
38 22 6 5 5
39 22 43 42 39
40 22 76 73 69
41 22 105 101 96
42 22 161 156 150
43 22 175 171 166
44 22 177 174 168
20 23 59 54 49
21 23 88 84 78
22 23 78 76 72
23 23 79 78 75
24 23 79 79 77
25 23 79 78 76
26 23 78 78 75
27 23 75 75 72
28 23 76 75 73
29 23 75 75 72
30 23 61 61 59
31 23 32 32 30
32 23 20 19 19
33 23 18 18 17
34 23 41 41 39
35 23 48 48 46
36 23 27 27 25
37 23 17 17 16
38 23 29 28 26
39 23 53 51 47
40 23 68 65 61
41 23 69 64 59
42 23 98 90 83
43 23 147 138 130
21 24 59 54 48
22 24 91 86 80
23 24 80 78 74
24 24 78 78 75
25 24 78 77 75
26 24 75 75 72
27 24 73 73 71
28 24 73 73 70
29 24 72 72 69
30 24 52 52 50
31 24 14 15 14
32 24 1 1 1
34 24 15 15 14
35 24 54 54 51
36 24 60 59 56
37 24 55 53 50
38 24 61 59 55
39 24 65 62 58
40 24 63 59 55
41 24 69 64 59
42 24 47 43 39
22 25 59 54 48
23 25 90 85 79
24 25 77 75 71
25 25 77 76 73
26 25 69 68 66
27 25 54 54 52
28 25 47 47 45
29 25 51 50 48
30 25 54 55 53
31 25 35 35 34
32 25 10 10 9
33 25 2 2 2
34 25 17 17 16
35 25 54 53 50
36 25 69 67 64
37 25 66 64 60
38 25 65 62 58
39 25 60 57 53
40 25 69 65 60
23 26 59 53 48
24 26 88 83 77
25 26 74 72 69
26 26 58 57 55
27 26 22 22 22
28 26 7 7 7
29 26 13 13 12
30 26 31 31 30
31 26 57 57 55
32 26 45 45 43
33 26 36 35 33
34 26 49 48 45
35 26 65 64 60
36 26 69 67 63
37 26 66 63 59
38 26 80 76 71
39 26 48 45 42
25 27 74 70 65
26 27 56 53 50
27 27 17 17 16
28 27 1 1 1
29 27 1 1 1
30 27 17 17 16
31 27 60 59 57
32 27 69 68 65
33 27 65 64 60
34 27 67 65 62
35 27 67 65 61
36 27 68 65 61
37 27 52 49 46
26 28 64 58 53
27 28 38 35 32
28 28 22 22 20
29 28 14 14 13
30 28 35 34 33
31 28 63 62 60
32 28 71 69 66
33 28 66 63 60
34 28 63 61 57
35 28 98 93 88
27 29 66 60 54
28 29 62 58 54
29 29 56 54 51
30 29 63 62 58
31 29 69 67 63
32 29 70 67 63
33 29 76 73 68
34 29 50 48 44
28 30 74 66 59
29 30 69 63 58
30 30 67 63 58
31 30 72 69 64
32 30 53 50 47
29 31 68 58 51
30 31 96 88 81
