31 0 172 167 158
32 0 174 168 159
33 0 174 175 172
30 1 178 178 174
31 1 184 182 177
32 1 187 183 176
33 1 188 185 182
34 1 183 179 177
28 2 182 182 180
29 2 178 179 177
30 2 181 181 179
31 2 185 185 182
32 2 193 189 184
33 2 195 188 185
34 2 197 186 184
35 2 180 176 173
27 3 176 177 174
28 3 175 176 173
29 3 164 165 163
30 3 140 141 139
31 3 168 168 166
32 3 193 190 186
33 3 198 188 184
34 3 203 183 180
35 3 197 180 178
36 3 177 171 169
25 4 174 174 171
26 4 176 177 174
27 4 176 177 175
28 4 158 159 157
29 4 97 98 96
30 4 50 51 50
31 4 152 153 150
32 4 191 189 185
33 4 198 191 187
34 4 204 181 179
35 4 204 173 171
36 4 194 176 173
24 5 169 169 166
25 5 175 175 172
26 5 180 181 178
27 5 177 178 175
28 5 132 133 130
29 5 50 51 50
30 5 118 118 116
31 5 173 173 170
32 5 191 190 186
33 5 198 192 188
34 5 203 184 182
35 5 207 165 165
36 5 201 167 166
37 5 189 173 171
22 6 166 166 163
23 6 168 168 165
24 6 176 177 174
25 6 181 182 179
26 6 182 182 180
27 6 179 179 177
28 6 150 150 148
29 6 141 142 139
30 6 175 175 173
31 6 189 189 187
32 6 193 192 189
33 6 198 193 189
34 6 201 188 185
35 6 206 172 172
36 6 204 164 163
37 6 195 172 170
38 6 179 175 172
21 7 170 171 168
22 7 167 168 166
23 7 173 173 171
24 7 178 178 176
25 7 180 180 178
26 7 182 182 179
27 7 182 183 180
28 7 179 179 177
29 7 181 182 179
30 7 189 189 186
31 7 192 191 189
32 7 193 193 190
33 7 196 193 189
34 7 200 190 187
35 7 205 174 173
36 7 203 171 171
37 7 194 179 177
38 7 181 179 176
39 7 172 173 170
20 8 160 162 160
21 8 160 162 160
22 8 157 159 156
23 8 166 167 165
24 8 178 178 176
25 8 179 180 177
26 8 179 179 177
27 8 180 181 179
28 8 184 184 182
29 8 186 187 184
30 8 190 190 188
31 8 191 191 188
32 8 193 192 190
33 8 196 194 190
34 8 200 192 188
35 8 203 178 176
36 8 202 172 171
37 8 192 183 181
38 8 181 182 179
39 8 176 178 175
40 8 168 169 165
18 9 160 162 160
19 9 162 164 162
20 9 158 160 158
21 9 125 127 125
22 9 84 86 84
23 9 139 141 138
24 9 175 175 173
25 9 170 170 168
26 9 148 149 146
27 9 153 154 152
28 9 178 179 177
29 9 187 187 185
30 9 188 188 185
31 9 183 183 181
32 9 183 183 181
33 9 189 188 185
34 9 199 192 188
35 9 201 182 179
36 9 202 172 171
37 9 191 180 179
38 9 170 170 168
39 9 174 176 173
40 9 172 173 170
41 9 159 159 154
18 10 168 172 170
19 10 164 166 165
20 10 143 145 142
21 10 57 58 57
22 10 77 79 77
23 10 150 152 149
24 10 166 167 164
25 10 127 128 125
26 10 54 55 53
27 10 97 99 97
28 10 173 174 172
29 10 184 184 182
30 10 168 169 166
31 10 132 133 130
32 10 131 132 130
33 10 174 172 170
34 10 197 191 187
35 10 200 185 181
36 10 201 155 153
37 10 194 170 169
38 10 160 155 153
39 10 153 155 152
40 10 175 176 173
41 10 166 166 161
42 10 149 145 137
18 11 175 178 177
19 11 162 165 163
20 11 121 123 120
21 11 80 81 80
22 11 135 136 135
23 11 168 169 167
24 11 156 156 153
25 11 72 72 70
26 11 46 46 45
27 11 130 131 128
28 11 175 176 173
29 11 175 175 172
30 11 122 122 120
31 11 32 32 31
32 11 85 85 83
33 11 171 170 167
34 11 195 190 186
35 11 197 186 181
36 11 199 157 154
37 11 198 151 149
38 11 178 163 161
39 11 127 129 126
40 11 164 166 163
41 11 172 172 168
42 11 161 158 151
18 12 177 180 178
19 12 168 170 168
20 12 157 158 155
21 12 152 152 150
22 12 166 166 164
23 12 172 172 170
24 12 150 151 148
25 12 92 91 89
26 12 119 119 116
27 12 167 167 164
28 12 180 181 178
29 12 157 157 154
30 12 62 62 60
31 12 39 39 39
32 12 128 128 126
33 12 181 180 176
34 12 194 189 184
35 12 193 183 176
36 12 195 173 168
37 12 198 145 143
38 12 192 164 162
39 12 157 154 151
40 12 141 144 141
41 12 172 174 170
42 12 167 166 160
43 12 155 151 142
18 13 178 180 179
19 13 172 173 171
20 13 172 171 168
21 13 170 170 166
22 13 173 173 170
23 13 172 173 170
24 13 168 168 165
25 13 158 158 155
26 13 166 166 163
27 13 180 180 177
28 13 183 183 180
29 13 161 161 158
30 13 100 100 97
31 13 121 120 117
32 13 168 167 164
33 13 188 185 182
34 13 182 176 170
35 13 170 159 150
36 13 183 171 165
37 13 193 165 160
38 13 195 156 154
39 13 186 175 172
40 13 162 163 160
41 13 170 172 168
42 13 172 171 166
43 13 163 160 152
18 14 179 181 180
19 14 172 173 171
20 14 174 173 170
21 14 173 172 169
22 14 173 173 170
23 14 173 174 171
24 14 174 174 172
25 14 177 177 174
26 14 178 178 175
27 14 183 182 179
28 14 185 184 181
29 14 181 180 176
30 14 172 171 167
31 14 176 175 171
32 14 182 180 176
33 14 169 165 160
34 14 131 125 118
35 14 91 85 79
36 14 153 146 139
37 14 183 173 167
38 14 192 166 162
39 14 193 171 169
40 14 185 182 179
41 14 178 180 176
42 14 176 176 172
43 14 168 165 158
18 15 180 181 180
19 15 171 172 170
20 15 174 174 170
21 15 171 170 167
22 15 163 164 160
23 15 157 158 155
24 15 166 167 164
25 15 177 177 174
26 15 181 180 177
27 15 184 183 179
28 15 185 184 180
29 15 186 185 181
30 15 185 184 180
31 15 178 175 171
32 15 148 144 139
33 15 94 90 85
34 15 54 51 48
35 15 57 54 51
36 15 81 78 73
37 15 152 147 141
38 15 181 171 166
39 15 189 171 168
40 15 190 182 179
41 15 185 186 183
42 15 180 181 177
43 15 173 170 164
44 15 165 159 150
18 16 180 181 180
19 16 171 172 169
20 16 174 173 170
21 16 162 161 158
22 16 124 124 121
23 16 92 92 90
24 16 145 146 143
25 16 177 176 173
26 16 180 179 175
27 16 183 181 177
28 16 184 183 179
29 16 183 181 177
30 16 169 166 161
31 16 125 122 116
32 16 70 67 63
33 16 28 27 25
34 16 16 15 14
35 16 21 20 18
36 16 40 39 37
37 16 79 76 72
38 16 145 140 134
39 16 179 172 167
40 16 186 178 174
41 16 187 187 183
42 16 183 184 181
43 16 176 175 170
44 16 170 163 155
18 17 178 180 178
19 17 169 170 167
20 17 169 169 165
21 17 132 132 128
22 17 51 51 49
23 17 53 53 51
24 17 144 143 139
25 17 177 175 171
26 17 180 179 174
27 17 182 180 176
28 17 177 175 171
29 17 147 144 140
30 17 98 96 92
31 17 71 69 66
32 17 28 28 26
33 17 5 5 4
35 17 7 7 7
36 17 37 37 35
37 17 73 71 67
38 17 84 81 77
39 17 139 135 128
40 17 176 171 166
41 17 183 181 178
42 17 184 185 182
43 17 180 179 175
44 17 173 167 160
19 18 168 168 165
20 18 163 163 159
21 18 108 107 103
22 18 27 26 25
23 18 105 104 101
24 18 163 162 158
25 18 178 176 172
26 18 178 176 172
27 18 164 163 159
28 18 124 123 119
29 18 89 89 85
30 18 80 79 76
31 18 70 69 66
32 18 39 39 37
33 18 23 23 22
34 18 24 24 23
35 18 39 39 37
36 18 61 61 59
37 18 76 76 72
38 18 79 77 73
39 18 81 80 75
40 18 139 135 129
41 18 172 170 164
42 18 181 181 177
43 18 183 183 179
44 18 176 172 165
45 18 168 156 146
19 19 164 163 159
20 19 164 162 158
21 19 129 128 123
22 19 114 112 107
23 19 153 150 145
24 19 173 171 167
25 19 170 169 165
26 19 144 144 141
27 19 94 93 90
28 19 83 83 79
29 19 82 82 79
30 19 79 79 76
31 19 78 78 75
32 19 69 68 66
33 19 62 62 60
34 19 64 64 62
35 19 70 70 67
36 19 74 74 71
37 19 78 78 74
38 19 80 79 74
39 19 77 76 71
40 19 83 81 76
41 19 126 122 116
42 19 167 164 159
43 19 178 177 172
44 19 177 174 169
45 19 171 163 154
19 20 165 163 158
20 20 170 168 163
21 20 163 161 156
22 20 165 163 158
23 20 168 167 163
24 20 153 153 149
25 20 111 111 108
26 20 79 79 76
27 20 80 80 77
28 20 80 80 77
29 20 79 79 76
30 20 83 83 80
31 20 81 81 78
32 20 79 79 76
33 20 80 79 77
34 20 79 79 76
35 20 78 78 75
36 20 79 79 76
37 20 75 75 71
38 20 79 78 74
39 20 79 77 74
40 20 76 74 71
41 20 79 78 74
42 20 111 108 103
43 20 162 159 153
44 20 172 169 163
45 20 169 161 153
19 21 165 163 159
20 21 170 168 163
21 21 170 169 164
22 21 162 162 159
23 21 131 133 130
24 21 78 79 77
25 21 45 45 43
26 21 52 53 51
27 21 63 64 62
28 21 75 76 74
29 21 81 81 78
30 21 79 78 76
31 21 79 79 76
32 21 81 80 78
33 21 80 80 77
34 21 78 78 75
35 21 78 78 75
36 21 76 76 73
37 21 78 78 75
38 21 75 75 71
39 21 60 59 56
40 21 50 49 46
41 21 41 41 39
42 21 53 53 50
43 21 105 103 98
44 21 155 150 144
45 21 165 155 147
46 21 149 131 120
19 22 164 161 158
20 22 165 165 162
21 22 145 146 143
22 22 104 106 103
23 22 57 57 55
24 22 18 18 17
25 22 8 8 8
26 22 13 13 13
27 22 34 35 34
28 22 71 72 71
29 22 79 79 77
30 22 78 78 75
31 22 79 79 76
32 22 78 78 75
33 22 77 76 74
34 22 79 78 76
35 22 80 79 77
36 22 80 80 77
37 22 76 76 73
38 22 65 64 61
39 22 31 30 28
40 22 10 10 9
41 22 7 7 6
42 22 23 23 23
43 22 72 71 69
44 22 104 99 93
45 22 148 135 125
46 22 158 140 128
19 23 96 97 95
20 23 138 139 137
21 23 93 94 92
22 23 76 77 75
23 23 43 44 42
24 23 13 14 14
25 23 9 9 9
26 23 23 24 24
27 23 50 51 51
28 23 75 76 75
29 23 78 78 76
30 23 80 80 77
31 23 78 78 76
32 23 78 77 75
33 23 78 78 75
34 23 80 79 77
35 23 81 80 78
36 23 78 77 75
37 23 78 77 75
38 23 59 58 56
39 23 25 24 23
40 23 12 12 12
41 23 20 20 19
42 23 46 45 43
43 23 69 66 63
44 23 80 74 69
45 23 83 72 65
46 23 168 146 132
21 24 82 83 80
22 24 83 84 82
23 24 67 69 67
24 24 54 55 54
25 24 53 54 53
26 24 61 63 62
27 24 72 73 72
28 24 77 77 75
29 24 80 81 78
30 24 78 78 76
31 24 78 78 76
32 24 80 79 77
33 24 80 80 78
34 24 78 78 75
35 24 80 80 77
36 24 81 81 78
37 24 84 83 81
38 24 70 70 67
39 24 60 60 58
40 24 56 55 53
41 24 62 59 57
42 24 67 63 60
43 24 74 69 64
44 24 59 54 49
22 25 106 108 106
23 25 93 94 92
24 25 80 81 79
25 25 78 79 77
26 25 77 78 76
27 25 78 79 76
28 25 81 81 79
29 25 78 78 76
30 25 77 77 75
31 25 76 76 74
32 25 78 78 75
33 25 72 72 69
34 25 78 78 75
35 25 81 81 78
36 25 83 83 81
37 25 76 76 73
38 25 78 77 75
39 25 80 78 75
40 25 79 76 72
41 25 66 62 58
42 25 57 53 50
24 26 82 83 81
25 26 83 84 82
26 26 80 80 78
27 26 80 81 78
28 26 79 79 77
29 26 76 76 74
30 26 64 65 63
31 26 46 46 44
32 26 38 39 37
33 26 43 43 42
34 26 70 71 68
35 26 79 78 76
36 26 78 77 75
37 26 80 78 75
38 26 86 83 79
39 26 75 71 67
40 26 62 59 55
25 27 115 116 113
26 27 93 94 91
27 27 81 82 79
28 27 79 79 77
29 27 69 69 67
30 27 33 33 32
31 27 7 7 7
32 27 5 5 5
33 27 20 21 21
34 27 61 62 61
35 27 76 76 73
36 27 82 80 76
37 27 75 71 67
38 27 81 76 71
27 28 78 79 77
28 28 81 81 79
29 28 70 71 69
30 28 42 43 41
31 28 27 27 27
32 28 31 32 31
33 28 46 47 45
34 28 69 68 65
35 28 80 77 74
36 28 75 71 67
37 28 62 57 52
28 29 102 103 100
29 29 91 91 89
30 29 74 75 73
31 29 68 68 66
32 29 70 69 66
33 29 69 67 63
34 29 70 67 63
35 29 61 58 54
30 30 79 78 76
31 30 82 79 74
32 30 75 72 67
33 30 61 58 54
31 31 94 87 80
