30 0 125 118 109
31 0 179 178 174
32 0 186 189 187
29 1 149 147 142
30 1 150 147 140
31 1 186 184 179
32 1 194 195 193
33 1 193 194 191
28 2 120 120 116
29 2 139 139 135
30 2 159 158 153
31 2 192 190 187
32 2 201 196 194
33 2 200 191 189
34 2 193 191 189
35 2 187 187 185
27 3 134 133 129
28 3 132 132 129
29 3 122 122 119
30 3 151 148 144
31 3 196 194 191
32 3 202 195 193
33 3 207 180 178
34 3 202 184 182
35 3 195 189 187
36 3 187 186 184
26 4 154 154 150
27 4 136 136 133
28 4 114 115 112
29 4 90 90 88
30 4 157 155 151
31 4 197 195 192
32 4 203 194 192
33 4 206 179 178
34 4 208 169 168
35 4 205 176 174
36 4 195 184 182
37 4 188 185 183
25 5 149 149 145
26 5 144 144 141
27 5 137 137 134
28 5 84 85 82
29 5 116 116 113
30 5 172 169 165
31 5 200 198 195
32 5 204 190 188
33 5 207 164 163
34 5 208 162 163
35 5 209 150 151
36 5 206 158 157
37 5 197 176 174
38 5 188 183 181
39 5 176 177 174
24 6 138 138 134
25 6 139 139 136
26 6 151 151 148
27 6 138 138 135
28 6 119 119 117
29 6 156 155 152
30 6 181 178 174
31 6 201 199 196
32 6 205 190 188
33 6 207 166 166
34 6 206 166 168
35 6 206 157 159
36 6 205 159 158
37 6 201 174 172
38 6 190 184 181
39 6 183 185 182
40 6 178 180 177
23 7 116 116 112
24 7 136 136 133
25 7 150 151 148
26 7 152 153 150
27 7 148 148 145
28 7 155 156 153
29 7 166 165 162
30 7 186 183 179
31 7 202 199 197
32 7 204 185 183
33 7 206 155 155
34 7 206 161 162
35 7 204 175 175
36 7 197 185 184
37 7 192 189 186
38 7 188 188 185
39 7 184 186 183
40 7 180 182 179
41 7 176 178 175
21 8 138 136 132
22 8 109 109 106
23 8 117 118 115
24 8 142 143 140
25 8 149 150 147
26 8 151 151 149
27 8 155 156 153
28 8 162 162 159
29 8 165 165 161
30 8 191 188 184
31 8 201 198 195
32 8 203 180 178
33 8 205 162 162
34 8 204 165 165
35 8 200 183 182
36 8 192 191 189
37 8 187 189 187
38 8 186 188 185
39 8 185 188 184
40 8 183 185 182
41 8 180 181 178
42 8 175 177 173
43 8 162 162 157
20 9 121 121 118
21 9 107 107 104
22 9 101 101 99
23 9 100 101 98
24 9 137 138 135
25 9 134 135 132
26 9 135 136 134
27 9 155 155 153
28 9 157 157 154
29 9 155 154 152
30 9 192 188 184
31 9 201 197 194
32 9 202 175 173
33 9 203 159 159
34 9 201 175 175
35 9 198 187 186
36 9 187 187 185
37 9 169 171 169
38 9 172 175 172
39 9 183 186 183
40 9 184 186 183
41 9 183 184 181
42 9 177 179 175
43 9 171 170 166
44 9 148 142 133
20 10 116 117 115
21 10 116 117 115
22 10 79 80 78
23 10 99 100 98
24 10 121 122 119
25 10 84 85 83
26 10 121 122 120
27 10 145 146 143
28 10 119 119 116
29 10 134 131 128
30 10 192 187 183
31 10 201 195 192
32 10 200 163 161
33 10 200 118 116
34 10 201 148 148
35 10 198 180 179
36 10 184 183 181
37 10 130 133 130
38 10 101 104 102
39 10 163 166 163
40 10 184 186 183
41 10 183 185 182
42 10 180 182 178
43 10 173 173 167
44 10 162 157 149
20 11 91 92 90
21 11 105 106 104
22 11 87 88 86
23 11 118 118 116
24 11 88 89 86
25 11 86 87 84
26 11 136 136 133
27 11 120 120 117
28 11 65 65 63
29 11 140 136 133
30 11 192 187 183
31 11 200 192 188
32 11 198 157 154
33 11 198 115 114
34 11 199 122 122
35 11 198 171 170
36 11 190 188 186
37 11 152 154 151
38 11 50 52 50
39 11 113 117 114
40 11 175 178 175
41 11 184 186 183
42 11 181 183 179
43 11 177 177 172
44 11 168 164 156
19 12 75 76 74
20 12 106 107 104
21 12 118 119 115
22 12 125 125 123
23 12 124 124 121
24 12 89 89 86
25 12 129 129 126
26 12 138 138 135
27 12 70 70 68
28 12 93 92 89
29 12 160 155 151
30 12 190 184 177
31 12 196 191 186
32 12 198 174 169
33 12 197 143 141
34 12 197 113 113
35 12 197 146 145
36 12 195 186 184
37 12 180 181 179
38 12 122 124 121
39 12 79 82 80
40 12 165 168 165
41 12 185 187 184
42 12 183 185 181
43 12 178 178 174
44 12 172 168 161
19 13 94 95 92
20 13 126 126 122
21 13 137 136 133
22 13 142 142 138
23 13 133 134 131
24 13 133 133 130
25 13 148 147 144
26 13 133 133 130
27 13 93 92 90
28 13 137 135 132
29 13 153 148 142
30 13 160 150 142
31 13 183 178 172
32 13 192 185 180
33 13 195 173 169
34 13 196 141 138
35 13 196 135 134
36 13 196 172 170
37 13 191 190 187
38 13 176 178 175
39 13 157 160 157
40 13 175 177 174
41 13 185 187 183
42 13 184 186 182
43 13 180 180 176
44 13 174 170 163
19 14 131 130 127
20 14 137 136 133
21 14 143 142 139
22 14 141 142 139
23 14 144 145 142
24 14 150 150 146
25 14 154 153 150
26 14 148 147 143
27 14 144 142 138
28 14 143 140 135
29 14 106 100 95
30 14 63 59 55
31 14 131 123 116
32 14 173 168 162
33 14 190 185 180
34 14 194 179 175
35 14 196 161 159
36 14 195 153 151
37 14 193 184 181
38 14 190 191 189
39 14 187 189 186
40 14 187 189 186
41 14 186 188 185
42 14 185 186 183
43 14 181 182 177
44 14 176 173 166
19 15 120 119 116
20 15 140 139 136
21 15 136 135 132
22 15 132 132 129
23 15 145 145 142
24 15 152 151 147
25 15 155 154 150
26 15 155 153 149
27 15 140 138 133
28 15 92 88 84
29 15 49 47 44
30 15 34 32 30
31 15 38 36 33
32 15 94 90 85
33 15 160 156 150
34 15 183 180 175
35 15 192 185 181
36 15 195 172 169
37 15 194 174 172
38 15 192 189 187
39 15 190 191 188
40 15 189 191 188
41 15 187 189 185
42 15 186 187 184
43 15 183 184 179
44 15 178 174 168
19 16 115 113 110
20 16 134 133 130
21 16 105 105 102
22 16 107 107 104
23 16 146 145 141
24 16 154 152 148
25 16 152 150 146
26 16 137 135 130
27 16 81 79 75
28 16 39 38 35
29 16 16 15 14
30 16 9 8 8
31 16 10 10 9
32 16 22 21 20
33 16 57 55 52
34 16 138 134 127
35 16 175 172 167
36 16 189 185 181
37 16 193 183 180
38 16 192 188 185
39 16 190 191 188
40 16 190 191 188
41 16 188 190 186
42 16 186 187 184
43 16 184 184 180
44 16 179 176 169
45 16 173 164 153
18 17 106 104 101
19 17 120 118 114
20 17 114 114 110
21 17 61 61 58
22 17 116 114 110
23 17 148 146 142
24 17 149 146 142
25 17 129 127 123
26 17 68 67 64
27 17 52 51 49
28 17 31 31 29
29 17 7 7 6
30 17 1 1 1
32 17 12 12 12
33 17 39 38 36
34 17 56 54 51
35 17 103 99 93
36 17 161 158 151
37 17 184 182 177
38 17 189 188 185
39 17 190 191 188
40 17 190 191 188
41 17 189 190 186
42 17 187 188 184
43 17 185 185 180
44 17 180 176 169
45 17 176 166 155
18 18 127 124 120
19 18 124 121 117
20 18 86 85 82
21 18 84 82 78
22 18 138 136 132
23 18 143 141 137
24 18 115 114 110
25 18 69 68 65
26 18 58 58 55
27 18 55 55 53
28 18 43 43 41
29 18 26 26 25
30 18 17 17 16
31 18 18 19 18
32 18 32 32 31
33 18 48 48 46
34 18 56 55 52
35 18 57 56 52
36 18 73 71 67
37 18 142 139 132
38 18 175 173 168
39 18 187 186 182
40 18 190 190 187
41 18 189 190 186
42 18 189 189 185
43 18 186 186 182
44 18 181 177 170
45 18 177 166 156
18 19 134 130 125
19 19 125 122 117
20 19 105 103 98
21 19 129 128 123
22 19 135 134 131
23 19 94 94 91
24 19 68 68 64
25 19 59 59 56
26 19 59 59 57
27 19 58 58 56
28 19 55 55 53
29 19 51 50 48
30 19 46 45 44
31 19 47 47 46
32 19 52 52 50
33 19 56 55 53
34 19 57 56 53
35 19 58 57 53
36 19 59 58 54
37 19 63 61 58
38 19 109 106 100
39 19 164 161 155
40 19 183 182 177
41 19 188 188 184
42 19 188 188 185
43 19 186 186 181
44 19 182 178 171
45 19 178 168 158
18 20 110 107 102
19 20 134 131 126
20 20 135 134 129
21 20 128 128 125
22 20 81 81 78
23 20 57 57 55
24 20 56 56 54
25 20 57 57 55
26 20 59 59 57
27 20 60 60 57
28 20 59 59 57
29 20 59 58 56
30 20 58 58 56
31 20 58 58 56
32 20 58 57 55
33 20 59 58 56
34 20 59 58 55
35 20 58 58 55
36 20 58 57 54
37 20 56 55 52
38 20 59 58 55
39 20 73 71 67
40 20 142 139 133
41 20 176 173 168
42 20 185 184 180
43 20 186 185 181
44 20 181 177 170
45 20 177 166 155
17 21 106 100 95
18 21 114 111 106
19 21 137 135 131
20 21 122 123 121
21 21 65 66 64
22 21 34 35 33
23 21 29 29 28
24 21 31 32 30
25 21 45 45 44
26 21 57 58 56
27 21 60 60 58
28 21 60 60 58
29 21 60 60 57
30 21 60 59 57
31 21 60 59 57
32 21 59 59 57
33 21 60 59 57
34 21 59 58 56
35 21 58 58 56
36 21 56 55 53
37 21 46 45 43
38 21 37 36 34
39 21 33 32 30
40 21 41 41 39
41 21 108 105 101
42 21 163 159 154
43 21 180 177 171
44 21 179 172 164
45 21 176 162 152
17 22 96 92 88
18 22 113 113 110
19 22 110 112 110
20 22 68 69 67
21 22 41 41 40
22 22 10 10 10
23 22 3 3 3
24 22 5 5 5
25 22 25 25 25
26 22 52 53 52
27 22 61 61 59
28 22 61 61 58
29 22 61 61 58
30 22 60 60 58
31 22 60 60 58
32 22 61 60 58
33 22 60 60 57
34 22 60 60 57
35 22 59 59 57
36 22 52 52 49
37 22 30 29 27
38 22 10 10 9
39 22 6 5 5
40 22 8 8 8
41 22 31 31 30
42 22 72 71 67
43 22 141 135 128
44 22 168 157 147
45 22 169 152 140
18 23 100 103 100
19 23 70 71 69
20 23 62 63 61
21 23 49 50 49
22 23 25 26 25
23 23 15 15 15
24 23 16 17 17
25 23 34 36 36
26 23 55 56 55
27 23 61 61 59
28 23 61 61 60
29 23 61 61 59
30 23 61 61 59
31 23 61 60 58
32 23 61 60 58
33 23 60 60 58
34 23 61 61 59
35 23 60 60 58
36 23 53 53 51
37 23 32 32 30
38 23 12 12 11
39 23 6 6 6
40 23 9 9 9
41 23 32 32 31
42 23 57 56 53
43 23 60 56 52
44 23 132 118 108
45 23 167 149 136
20 24 62 63 61
21 24 59 61 59
22 24 53 54 53
23 24 49 50 49
24 24 50 51 50
25 24 56 57 56
26 24 60 61 59
27 24 62 62 60
28 24 62 62 60
29 24 61 62 60
30 24 62 61 59
31 24 62 61 59
32 24 62 61 59
33 24 61 61 59
34 24 62 61 59
35 24 62 62 60
36 24 60 59 57
37 24 52 52 50
38 24 43 43 41
39 24 38 38 37
40 24 41 40 38
41 24 51 48 46
42 24 57 53 50
43 24 58 53 48
21 25 61 62 60
22 25 62 63 62
23 25 62 63 61
24 25 63 64 62
25 25 63 64 62
26 25 64 64 62
27 25 63 63 61
28 25 62 63 61
29 25 61 61 59
30 25 58 58 56
31 25 56 56 54
32 25 57 57 55
33 25 60 59 57
34 25 62 62 60
35 25 62 62 60
36 25 63 63 61
37 25 62 61 59
38 25 60 59 57
39 25 67 64 61
40 25 58 55 52
41 25 58 54 50
42 25 59 54 50
23 26 63 64 62
24 26 64 65 63
25 26 64 64 62
26 26 64 64 62
27 26 63 64 62
28 26 62 62 60
29 26 54 54 53
30 26 35 35 34
31 26 27 27 26
32 26 30 30 29
33 26 42 42 40
34 26 58 58 56
35 26 63 63 61
36 26 63 63 61
37 26 65 63 61
38 26 66 63 59
39 26 73 69 64
40 26 61 58 54
25 27 64 65 63
26 27 64 64 62
27 27 65 65 63
28 27 63 63 62
29 27 47 48 46
30 27 15 15 15
31 27 2 2 2
32 27 4 4 4
33 27 22 23 23
34 27 53 53 52
35 27 62 62 60
36 27 70 67 63
37 27 63 60 56
38 27 62 58 54
27 28 64 65 63
28 28 63 64 62
29 28 56 56 55
30 28 38 38 37
31 28 24 24 24
32 28 26 26 26
33 28 36 37 36
34 28 59 59 57
35 28 61 59 57
36 28 62 59 55
37 28 62 58 54
28 29 63 63 62
29 29 62 63 61
30 29 60 60 59
31 29 57 57 55
32 29 58 57 54
33 29 59 57 54
34 29 63 61 57
35 29 61 58 55
30 30 63 63 61
31 30 60 58 56
32 30 59 56 52
33 30 61 58 54
34 30 60 56 51
32 31 50 47 43
