34 0 170 163 154
32 1 189 189 186
33 1 190 189 185
34 1 185 181 175
35 1 177 171 162
31 2 193 194 191
32 2 194 195 193
33 2 192 193 191
34 2 188 187 184
35 2 184 181 175
36 2 181 175 168
29 3 191 192 190
30 3 195 196 194
31 3 196 197 195
32 3 193 194 192
33 3 175 176 174
34 3 148 148 146
35 3 166 166 162
36 3 182 179 174
37 3 185 178 171
28 4 195 196 194
29 4 197 198 196
30 4 197 198 196
31 4 196 197 195
32 4 187 188 186
33 4 138 139 136
34 4 45 46 45
35 4 93 94 92
36 4 161 161 158
37 4 185 181 177
38 4 187 178 172
27 5 196 197 195
28 5 198 199 197
29 5 199 200 198
30 5 198 198 196
31 5 197 198 195
32 5 191 192 190
33 5 165 166 164
34 5 92 93 91
35 5 17 17 17
36 5 115 116 114
37 5 178 177 174
38 5 188 185 180
39 5 187 178 172
25 6 196 197 196
26 6 196 198 196
27 6 198 199 197
28 6 199 199 197
29 6 198 199 197
30 6 198 198 196
31 6 197 197 195
32 6 195 196 194
33 6 189 189 187
34 6 162 163 161
35 6 125 126 123
36 6 159 160 157
37 6 186 186 183
38 6 190 189 187
39 6 190 185 181
40 6 188 179 172
24 7 196 197 196
25 7 197 199 197
26 7 197 199 197
27 7 191 192 190
28 7 186 188 186
29 7 191 193 190
30 7 196 197 195
31 7 197 197 195
32 7 195 196 193
33 7 194 194 192
34 7 189 189 187
35 7 184 184 182
36 7 188 188 186
37 7 191 191 189
38 7 191 191 188
39 7 190 189 186
40 7 188 184 179
41 7 187 179 172
22 8 179 179 177
23 8 187 189 188
24 8 197 200 199
25 8 198 200 198
26 8 186 188 186
27 8 139 141 139
28 8 106 108 106
29 8 137 139 137
30 8 178 179 177
31 8 194 195 192
32 8 195 195 193
33 8 194 194 192
34 8 190 191 188
35 8 188 189 186
36 8 190 191 188
37 8 191 192 189
38 8 191 191 189
39 8 191 191 188
40 8 190 189 186
41 8 188 184 180
42 8 186 177 171
22 9 97 99 98
23 9 171 173 172
24 9 196 199 198
25 9 200 202 200
26 9 182 183 181
27 9 94 95 93
28 9 10 10 10
29 9 29 30 30
30 9 128 130 128
31 9 186 187 184
32 9 195 195 193
33 9 187 188 185
34 9 158 159 157
35 9 149 150 149
36 9 166 168 166
37 9 186 187 184
38 9 191 192 189
39 9 191 191 188
40 9 189 189 187
41 9 186 186 183
42 9 184 180 176
43 9 184 175 170
21 10 63 64 63
22 10 101 103 101
23 10 97 99 97
24 10 170 173 172
25 10 197 200 199
26 10 190 191 189
27 10 131 132 130
28 10 43 43 42
29 10 16 17 16
30 10 111 113 112
31 10 181 182 180
32 10 193 193 191
33 10 177 178 175
34 10 101 102 99
35 10 28 29 28
36 10 88 89 88
37 10 158 160 158
38 10 187 187 185
39 10 190 190 188
40 10 180 180 178
41 10 156 156 154
42 10 163 162 160
43 10 176 171 166
44 10 180 170 164
21 11 71 72 70
22 11 117 118 116
23 11 64 65 63
24 11 75 76 75
25 11 170 173 172
26 11 196 198 196
27 11 182 183 181
28 11 151 152 149
29 11 131 132 129
30 11 153 154 153
31 11 185 186 185
32 11 193 193 191
33 11 187 187 184
34 11 141 141 138
35 11 35 35 34
36 11 14 15 14
37 11 117 119 116
38 11 180 180 178
39 11 188 188 185
40 11 166 166 163
41 11 84 84 82
42 11 82 82 81
43 11 137 134 132
44 11 174 168 163
45 11 182 173 167
20 12 64 65 63
21 12 125 126 123
22 12 69 70 69
23 12 25 26 25
24 12 26 27 26
25 12 77 78 76
26 12 171 172 171
27 12 196 198 196
28 12 194 194 192
29 12 189 189 186
30 12 187 187 185
31 12 191 191 189
32 12 193 193 190
33 12 190 190 188
34 12 174 174 171
35 12 130 130 128
36 12 90 89 86
37 12 134 134 131
38 12 179 180 177
39 12 189 189 187
40 12 171 171 168
41 12 98 97 95
42 12 10 10 10
43 12 77 77 76
44 12 163 161 158
45 12 181 175 171
46 12 179 168 161
19 13 64 64 62
20 13 90 91 89
21 13 106 107 104
22 13 45 45 44
23 13 11 12 11
24 13 3 3 3
25 13 21 21 20
26 13 73 74 72
27 13 171 173 171
28 13 197 198 196
29 13 198 198 195
30 13 194 194 190
31 13 193 192 189
32 13 192 192 189
33 13 191 191 188
34 13 188 188 185
35 13 181 182 179
36 13 174 174 171
37 13 174 173 170
38 13 185 185 183
39 13 190 189 187
40 13 184 183 181
41 13 156 156 153
42 13 98 97 94
43 13 92 92 89
44 13 155 155 152
45 13 181 179 175
46 13 180 172 166
47 13 172 158 149
19 14 63 63 61
20 14 120 121 118
21 14 63 64 63
22 14 46 47 46
23 14 26 27 26
24 14 5 5 5
25 14 6 6 6
26 14 35 35 33
27 14 81 81 78
28 14 170 171 169
29 14 197 197 195
30 14 196 196 193
31 14 194 193 190
32 14 193 192 190
33 14 192 192 189
34 14 190 190 187
35 14 188 188 186
36 14 187 187 185
37 14 187 187 185
38 14 188 188 186
39 14 189 188 185
40 14 189 188 186
41 14 183 183 179
42 14 170 169 165
43 14 164 163 160
44 14 174 173 170
45 14 183 181 177
46 14 182 177 173
47 14 176 165 158
18 15 63 64 62
19 15 114 115 113
20 15 78 79 77
21 15 26 26 25
22 15 25 26 25
23 15 32 34 34
24 15 23 24 24
25 15 14 14 14
26 15 37 37 35
27 15 57 56 54
28 15 84 84 81
29 15 170 171 168
30 15 196 196 194
31 15 196 196 193
32 15 193 193 190
33 15 191 191 188
34 15 187 187 184
35 15 178 179 176
36 15 173 173 171
37 15 175 176 173
38 15 187 186 184
39 15 188 187 184
40 15 189 188 185
41 15 188 187 184
42 15 187 186 182
43 15 186 185 181
44 15 185 183 180
45 15 183 181 177
46 15 182 178 174
17 16 61 62 60
18 16 80 81 79
19 16 108 109 106
20 16 48 48 47
21 16 14 14 14
22 16 3 3 3
23 16 21 22 22
24 16 41 42 41
25 16 44 45 43
26 16 50 50 48
27 16 57 57 54
28 16 60 59 57
29 16 79 79 76
30 16 168 168 165
31 16 195 195 193
32 16 196 196 193
33 16 193 192 189
34 16 183 183 180
35 16 146 146 143
36 16 99 100 97
37 16 109 110 108
38 16 167 167 165
39 16 186 185 182
40 16 188 187 183
41 16 188 187 183
42 16 187 186 182
43 16 186 184 180
44 16 185 183 179
45 16 184 182 178
17 17 59 59 56
18 17 117 117 114
19 17 62 63 61
20 17 42 43 42
21 17 25 27 26
22 17 7 7 7
23 17 9 10 9
24 17 40 41 39
25 17 57 57 55
26 17 58 58 56
27 17 59 59 56
28 17 59 58 55
29 17 58 57 54
30 17 84 82 78
31 17 166 166 162
32 17 193 193 191
33 17 194 193 190
34 17 183 182 179
35 17 122 121 118
36 17 18 18 17
37 17 12 12 11
38 17 107 107 104
39 17 176 175 171
40 17 188 186 182
41 17 187 186 181
42 17 186 184 180
43 17 185 183 179
44 17 185 183 179
16 18 51 47 42
17 18 72 68 63
18 18 85 84 81
19 18 24 24 23
20 18 15 15 15
21 18 24 26 25
22 18 26 27 27
23 18 22 23 22
24 18 44 44 42
25 18 58 58 56
26 18 60 60 57
27 18 59 59 56
28 18 58 57 55
29 18 58 57 54
30 18 57 56 52
31 18 80 79 74
32 18 164 163 159
33 18 191 191 188
34 18 189 188 185
35 18 153 152 148
36 18 64 63 61
37 18 9 9 8
38 18 72 72 69
39 18 165 165 161
40 18 186 184 180
41 18 186 184 179
42 18 186 184 179
43 18 186 184 179
17 19 58 55 49
18 19 60 57 53
19 19 28 28 26
20 19 3 3 2
21 19 14 15 14
22 19 41 41 40
23 19 51 52 50
24 19 55 55 53
25 19 59 59 56
26 19 60 60 57
27 19 59 59 56
28 19 58 58 55
29 19 57 57 54
30 19 52 52 48
31 19 48 47 44
32 19 72 70 66
33 19 162 161 156
34 19 188 187 183
35 19 181 179 175
36 19 152 150 146
37 19 102 100 96
38 19 113 111 107
39 19 170 168 164
40 19 185 182 178
41 19 185 183 178
42 19 185 183 178
18 20 54 51 46
19 20 42 40 37
20 20 21 21 20
21 20 11 11 11
22 20 41 41 40
23 20 59 59 57
24 20 61 61 59
25 20 60 59 57
26 20 59 59 57
27 20 59 59 56
28 20 58 58 55
29 20 55 55 52
30 20 43 43 41
31 20 23 23 21
32 20 23 22 20
33 20 70 68 64
34 20 159 157 153
35 20 186 185 180
36 20 185 183 179
37 20 173 170 165
38 20 174 171 166
39 20 183 181 176
40 20 184 182 177
41 20 184 182 177
19 21 50 47 43
20 21 45 43 40
21 21 41 41 39
22 21 49 49 47
23 21 60 60 57
24 21 61 61 59
25 21 61 61 58
26 21 60 60 57
27 21 58 58 55
28 21 57 57 54
29 21 53 53 51
30 21 37 37 35
31 21 8 8 8
32 21 2 2 2
33 21 19 18 17
34 21 68 66 62
35 21 157 154 149
36 21 185 183 178
37 21 187 185 181
38 21 185 183 178
39 21 184 181 176
40 21 184 181 177
20 22 57 54 50
21 22 58 56 53
22 22 59 59 57
23 22 62 61 59
24 22 62 62 59
25 22 61 60 58
26 22 60 60 57
27 22 56 56 54
28 22 47 47 45
29 22 40 40 38
30 22 35 36 34
31 22 20 20 19
32 22 3 3 3
33 22 4 4 3
34 22 27 26 24
35 22 70 68 64
36 22 152 148 143
37 22 181 178 174
38 22 185 183 178
39 22 184 181 176
21 23 58 55 51
22 23 60 58 55
23 23 62 61 59
24 23 61 61 59
25 23 61 60 58
26 23 60 60 58
27 23 54 54 52
28 23 32 32 30
29 23 11 11 10
30 23 20 20 19
31 23 29 29 28
32 23 21 22 20
33 23 12 11 11
34 23 29 28 26
35 23 48 46 43
36 23 67 63 58
37 23 137 130 123
38 23 176 172 167
22 24 59 55 51
23 24 61 59 55
24 24 61 61 58
25 24 59 59 57
26 24 56 56 53
27 24 52 52 49
28 24 32 33 31
29 24 7 7 6
30 24 3 3 2
31 24 23 23 22
32 24 40 40 38
33 24 39 39 36
34 24 45 44 41
35 24 55 52 48
36 24 53 49 45
37 24 51 46 42
23 25 58 55 51
24 25 60 58 55
25 25 56 55 53
26 25 38 38 36
27 25 31 31 29
28 25 33 33 32
29 25 24 24 23
30 25 7 7 7
31 25 15 15 14
32 25 43 42 40
33 25 52 51 47
34 25 63 60 56
35 25 53 50 46
36 25 49 45 42
24 26 58 55 51
25 26 53 51 48
26 26 26 25 24
27 26 4 4 4
28 26 15 15 14
29 26 35 35 34
30 26 34 34 32
31 26 33 33 31
32 26 49 48 45
33 26 65 63 58
34 26 63 60 56
35 26 51 49 45
25 27 51 47 44
26 27 33 31 28
27 27 9 8 8
28 27 5 5 5
29 27 32 32 30
30 27 51 50 48
31 27 54 52 50
32 27 65 62 58
33 27 74 71 66
34 27 53 50 47
26 28 41 36 32
27 28 32 29 26
28 28 22 21 20
29 28 35 35 33
30 28 54 52 50
31 28 65 63 59
32 28 66 63 59
33 28 53 50 47
27 29 49 45 41
28 29 50 47 43
29 29 53 51 47
30 29 61 58 54
31 29 54 51 47
32 29 53 51 47
28 30 53 47 42
29 30 60 53 48
30 30 53 50 46
31 30 51 48 45
29 31 49 40 35
30 31 49 41 36
