28 0 169 171 169
29 0 179 182 180
27 1 180 182 179
28 1 184 186 183
29 1 189 190 188
30 1 192 194 192
31 1 193 195 193
26 2 181 183 180
27 2 188 187 185
28 2 194 187 185
29 2 198 190 187
30 2 196 194 192
31 2 195 196 194
32 2 196 197 195
33 2 195 197 196
25 3 181 182 180
26 3 186 186 184
27 3 192 188 186
28 3 203 179 176
29 3 207 169 167
30 3 204 184 182
31 3 200 193 191
32 3 197 196 194
33 3 197 198 196
34 3 198 200 198
24 4 181 182 180
25 4 186 185 183
26 4 193 185 183
27 4 197 183 181
28 4 202 180 179
29 4 209 151 150
30 4 210 152 151
31 4 208 171 170
32 4 205 183 181
33 4 202 195 193
34 4 200 199 197
35 4 201 202 200
36 4 201 203 201
23 5 180 181 179
24 5 186 184 182
25 5 191 183 181
26 5 200 174 172
27 5 203 158 158
28 5 204 162 163
29 5 207 161 163
30 5 210 141 141
31 5 211 139 137
32 5 209 156 154
33 5 207 183 181
34 5 201 199 196
35 5 200 202 200
36 5 201 204 201
37 5 202 204 202
22 6 180 180 178
23 6 184 183 181
24 6 191 184 182
25 6 199 171 169
26 6 202 160 161
27 6 202 167 169
28 6 204 154 155
29 6 205 160 160
30 6 204 174 174
31 6 203 183 182
32 6 202 190 189
33 6 201 195 193
34 6 199 199 197
35 6 200 202 199
36 6 201 203 201
37 6 202 204 202
38 6 203 205 202
39 6 206 207 205
21 7 180 179 177
22 7 184 181 179
23 7 189 181 179
24 7 196 170 168
25 7 200 152 151
26 7 202 159 159
27 7 201 168 169
28 7 198 179 179
29 7 196 186 184
30 7 195 192 189
31 7 194 195 192
32 7 195 197 194
33 7 197 199 196
34 7 198 200 197
35 7 200 202 199
36 7 201 203 201
37 7 203 205 202
38 7 204 205 203
39 7 204 206 203
40 7 205 205 202
20 8 177 177 175
21 8 183 180 178
22 8 189 178 176
23 8 194 166 165
24 8 197 153 153
25 8 199 135 134
26 8 198 169 169
27 8 195 182 181
28 8 190 186 184
29 8 186 188 185
30 8 189 191 189
31 8 192 194 191
32 8 194 196 194
33 8 197 199 196
34 8 198 200 197
35 8 200 201 199
36 8 202 203 200
37 8 203 204 202
38 8 204 205 202
39 8 205 206 203
40 8 205 203 199
41 8 197 192 184
19 9 176 175 172
20 9 181 178 175
21 9 186 176 174
22 9 192 159 157
23 9 194 157 157
24 9 194 171 170
25 9 194 169 169
26 9 191 181 180
27 9 182 182 180
28 9 166 169 166
29 9 150 153 150
30 9 160 163 160
31 9 186 189 186
32 9 195 197 194
33 9 197 198 196
34 9 198 200 197
35 9 200 201 198
36 9 202 203 200
37 9 203 204 201
38 9 203 205 202
39 9 204 203 199
40 9 201 198 190
41 9 199 194 186
42 9 201 198 193
18 10 176 173 170
19 10 179 175 172
20 10 185 173 170
21 10 190 148 145
22 10 193 117 115
23 10 194 138 138
24 10 192 164 163
25 10 190 180 178
26 10 182 181 179
27 10 149 151 149
28 10 90 92 90
29 10 50 52 51
30 10 93 97 95
31 10 173 176 173
32 10 193 196 193
33 10 197 199 196
34 10 198 200 197
35 10 200 201 198
36 10 200 202 199
37 10 201 203 200
38 10 203 203 199
39 10 201 198 192
40 10 201 197 191
41 10 198 196 192
42 10 199 199 196
17 11 173 169 165
18 11 178 172 168
19 11 183 168 165
20 11 186 146 143
21 11 189 99 97
22 11 190 89 87
23 11 194 135 134
24 11 190 172 171
25 11 186 183 181
26 11 174 176 173
27 11 111 113 111
28 11 16 17 17
29 11 7 8 8
30 11 92 95 93
31 11 176 179 176
32 11 194 196 193
33 11 197 199 196
34 11 198 200 197
35 11 199 200 197
36 11 200 201 198
37 11 201 201 197
38 11 200 198 192
39 11 196 193 187
40 11 186 185 182
41 11 186 186 184
42 11 191 192 189
43 11 201 202 199
16 12 163 157 150
17 12 173 170 164
18 12 179 171 167
19 12 184 151 147
20 12 188 128 127
21 12 188 102 101
22 12 189 90 89
23 12 192 141 141
24 12 188 179 178
25 12 185 185 183
26 12 172 174 171
27 12 115 117 115
28 12 62 64 63
29 12 86 88 86
30 12 158 160 158
31 12 189 191 189
32 12 195 197 194
33 12 196 198 195
34 12 198 200 197
35 12 199 200 197
36 12 199 200 196
37 12 199 197 191
38 12 194 191 185
39 12 164 163 160
40 12 110 111 109
41 12 150 151 148
42 12 187 188 185
43 12 195 195 193
16 13 164 158 151
17 13 171 168 162
18 13 176 170 165
19 13 183 156 152
20 13 187 127 124
21 13 187 117 116
22 13 189 115 114
23 13 190 153 151
24 13 187 182 180
25 13 185 186 183
26 13 181 183 180
27 13 165 167 164
28 13 160 163 161
29 13 171 173 170
30 13 188 190 187
31 13 194 196 192
32 13 195 197 193
33 13 196 198 194
34 13 197 198 195
35 13 197 198 194
36 13 197 195 189
37 13 195 192 187
38 13 170 169 165
39 13 77 78 77
40 13 37 38 37
41 13 145 146 143
42 13 186 186 184
43 13 188 189 187
44 13 196 197 194
17 14 164 160 154
18 14 170 168 163
19 14 177 170 166
20 14 185 157 153
21 14 189 138 136
22 14 188 126 125
23 14 188 161 159
24 14 185 183 181
25 14 186 187 184
26 14 186 188 185
27 14 187 188 186
28 14 188 190 187
29 14 190 192 189
30 14 192 193 190
31 14 194 196 192
32 14 196 197 194
33 14 197 198 194
34 14 196 197 193
35 14 196 194 188
36 14 195 193 187
37 14 190 189 186
38 14 138 139 137
39 14 24 24 24
40 14 106 107 105
41 14 173 174 172
42 14 186 186 184
43 14 183 183 181
44 14 190 191 188
18 15 149 147 141
19 15 168 166 162
20 15 179 174 171
21 15 185 165 162
22 15 188 145 142
23 15 187 168 165
24 15 185 184 181
25 15 186 187 184
26 15 187 188 185
27 15 189 191 187
28 15 190 191 188
29 15 191 193 190
30 15 192 193 190
31 15 194 195 191
32 15 195 196 192
33 15 196 196 192
34 15 194 192 186
35 15 195 192 186
36 15 193 192 189
37 15 183 183 181
38 15 151 152 151
39 15 119 120 117
40 15 163 163 160
41 15 182 183 180
42 15 183 184 181
43 15 182 183 180
44 15 181 181 179
45 15 188 188 186
18 16 50 48 47
19 16 140 138 133
20 16 168 166 162
21 16 180 177 173
22 16 185 172 169
23 16 186 177 174
24 16 185 185 182
25 16 186 187 184
26 16 187 189 185
27 16 189 190 187
28 16 191 192 189
29 16 191 193 189
30 16 193 194 190
31 16 194 194 191
32 16 195 194 190
33 16 195 192 186
34 16 194 190 184
35 16 193 191 187
36 16 189 189 186
37 16 186 186 183
38 16 178 179 176
39 16 175 175 172
40 16 181 182 179
41 16 181 182 179
42 16 180 181 178
43 16 180 180 177
44 16 176 177 174
45 16 181 181 179
19 17 50 48 47
20 17 125 123 118
21 17 166 164 160
22 17 181 180 176
23 17 184 183 180
24 17 185 186 182
25 17 187 187 184
26 17 188 189 185
27 17 190 190 187
28 17 191 191 188
29 17 191 192 188
30 17 193 193 190
31 17 193 193 188
32 17 193 189 183
33 17 193 189 183
34 17 192 190 186
35 17 187 187 184
36 17 186 186 183
37 17 185 185 182
38 17 183 183 180
39 17 181 182 178
40 17 181 181 178
41 17 179 179 176
42 17 177 178 175
43 17 176 176 173
44 17 173 173 171
45 17 172 173 170
46 17 176 177 175
20 18 51 49 48
21 18 115 114 110
22 18 163 163 158
23 18 182 182 178
24 18 185 186 182
25 18 187 188 184
26 18 188 189 185
27 18 189 190 186
28 18 190 191 187
29 18 192 192 188
30 18 192 191 187
31 18 192 188 182
32 18 191 186 180
33 18 191 189 184
34 18 187 186 183
35 18 184 184 181
36 18 184 184 181
37 18 182 182 179
38 18 181 181 178
39 18 178 179 175
40 18 179 179 177
41 18 176 176 173
42 18 174 175 171
43 18 173 174 171
44 18 172 173 170
45 18 166 168 165
46 18 163 164 163
21 19 51 50 48
22 19 110 108 104
23 19 163 162 158
24 19 184 184 179
25 19 186 186 182
26 19 189 189 185
27 19 189 190 186
28 19 189 190 186
29 19 191 190 186
30 19 190 186 180
31 19 190 185 178
32 19 189 187 182
33 19 184 183 179
34 19 184 183 180
35 19 183 182 179
36 19 180 180 177
37 19 179 179 176
38 19 178 178 175
39 19 177 177 174
40 19 175 175 172
41 19 173 174 170
42 19 172 172 169
43 19 170 170 167
44 19 170 170 168
45 19 155 157 155
46 19 152 154 153
22 20 51 50 48
23 20 102 100 96
24 20 162 161 156
25 20 184 183 179
26 20 187 187 183
27 20 189 189 185
28 20 189 188 184
29 20 188 184 178
30 20 189 183 176
31 20 188 185 181
32 20 183 182 178
33 20 183 183 179
34 20 181 181 177
35 20 180 179 176
36 20 179 179 176
37 20 176 176 173
38 20 176 177 173
39 20 174 175 172
40 20 173 173 170
41 20 170 170 167
42 20 169 169 166
43 20 169 170 167
44 20 158 159 157
45 20 64 65 63
23 21 51 50 49
24 21 93 91 86
25 21 159 157 151
26 21 185 183 178
27 21 187 185 179
28 21 187 181 174
29 21 187 179 171
30 21 186 182 177
31 21 183 181 178
32 21 180 179 176
33 21 179 179 175
34 21 178 178 174
35 21 176 176 173
36 21 176 176 173
37 21 174 174 171
38 21 173 173 170
39 21 171 171 168
40 21 170 170 167
41 21 168 168 165
42 21 168 168 165
43 21 160 161 159
44 21 60 61 60
24 22 51 51 49
25 22 82 79 75
26 22 156 150 143
27 22 180 172 163
28 22 183 173 164
29 22 185 181 175
30 22 181 179 175
31 22 180 178 174
32 22 179 178 174
33 22 176 176 172
34 22 175 175 171
35 22 175 174 171
36 22 173 173 170
37 22 172 172 169
38 22 170 169 166
39 22 169 169 166
40 22 167 167 164
41 22 168 168 165
42 22 160 161 159
43 22 60 61 59
25 23 51 50 49
26 23 88 85 81
27 23 145 130 120
28 23 177 168 160
29 23 178 175 171
30 23 179 177 173
31 23 177 176 172
32 23 176 175 171
33 23 173 173 169
34 23 173 173 169
35 23 172 172 169
36 23 169 169 166
37 23 168 168 165
38 23 166 166 163
39 23 166 165 162
40 23 165 165 162
41 23 160 161 158
42 23 60 61 59
26 24 50 50 48
27 24 81 75 71
28 24 153 147 140
29 24 173 170 165
30 24 176 174 170
31 24 176 174 170
32 24 174 173 169
33 24 171 170 166
34 24 169 169 165
35 24 162 162 159
36 24 146 146 143
37 24 147 147 144
38 24 163 163 159
39 24 165 164 161
40 24 159 159 156
41 24 123 124 121
27 25 50 49 48
28 25 83 80 76
29 25 155 151 145
30 25 170 167 163
31 25 172 170 166
32 25 172 170 166
33 25 168 168 163
34 25 158 158 154
35 25 114 114 112
36 25 68 68 67
37 25 121 122 118
38 25 160 160 157
39 25 159 159 156
40 25 131 131 128
28 26 49 48 47
29 26 107 105 102
30 26 156 152 146
31 26 167 164 160
32 26 168 166 162
33 26 163 162 158
34 26 129 129 125
35 26 36 37 36
36 26 54 53 51
37 26 139 138 135
38 26 156 156 153
39 26 131 131 128
30 27 112 108 102
31 27 155 151 145
32 27 163 160 156
33 27 156 155 151
34 27 103 102 99
35 27 61 60 57
36 27 119 117 112
37 27 149 148 145
38 27 134 134 131
31 28 119 114 108
32 28 151 147 141
33 28 153 151 146
34 28 131 129 124
35 28 136 133 128
36 28 145 143 138
37 28 136 135 131
32 29 140 136 130
33 29 150 145 139
34 29 150 147 141
35 29 150 147 141
36 29 134 132 127
37 29 51 50 47
33 30 145 140 133
34 30 142 136 129
35 30 129 125 119
36 30 49 47 44
34 31 128 120 112
35 31 40 36 32
