29 0 168 165 162
28 1 67 67 65
29 1 161 159 155
30 1 167 160 153
31 1 175 170 166
28 2 102 96 94
29 2 166 163 160
30 2 173 168 161
31 2 176 171 165
32 2 179 175 171
27 3 99 86 84
28 3 137 116 113
29 3 170 161 158
30 3 180 175 169
31 3 179 175 169
32 3 178 175 169
33 3 178 174 170
34 3 181 179 176
26 4 94 87 85
27 4 128 107 104
28 4 155 111 108
29 4 169 153 150
30 4 186 183 178
31 4 184 181 175
32 4 182 179 174
33 4 178 176 171
34 4 178 176 173
35 4 180 179 176
25 5 60 53 52
26 5 115 96 95
27 5 147 111 110
28 5 158 103 101
29 5 168 154 151
30 5 190 188 184
31 5 189 186 181
32 5 187 185 181
33 5 183 182 177
34 5 180 179 174
35 5 179 178 174
36 5 179 178 176
24 6 60 55 54
25 6 103 84 83
26 6 142 111 110
27 6 151 111 111
28 6 152 127 124
29 6 158 156 153
30 6 192 191 187
31 6 189 187 182
32 6 189 187 183
33 6 188 187 184
34 6 184 184 180
35 6 181 180 177
36 6 178 178 174
37 6 176 176 174
38 6 174 175 173
24 7 101 87 86
25 7 134 111 110
26 7 143 114 114
27 7 143 131 128
28 7 143 142 138
29 7 155 157 153
30 7 193 192 188
31 7 185 181 176
32 7 173 171 167
33 7 177 176 173
34 7 184 184 180
35 7 182 182 179
36 7 177 177 173
37 7 177 178 174
38 7 172 172 170
39 7 169 169 168
23 8 109 97 95
24 8 128 105 104
25 8 139 108 107
26 8 133 123 121
27 8 136 137 134
28 8 144 146 143
29 8 153 155 151
30 8 187 183 176
31 8 189 183 176
32 8 170 166 162
33 8 129 128 125
34 8 161 161 157
35 8 178 178 175
36 8 157 158 154
37 8 162 162 159
38 8 167 167 164
39 8 156 157 154
40 8 153 155 153
41 8 164 165 164
22 9 57 47 46
23 9 120 101 99
24 9 133 105 104
25 9 125 110 109
26 9 119 119 116
27 9 137 139 135
28 9 149 150 147
29 9 159 156 150
30 9 176 170 160
31 9 192 188 182
32 9 194 191 186
33 9 165 160 155
34 9 123 121 117
35 9 163 163 160
36 9 165 166 163
37 9 124 125 122
38 9 142 143 141
39 9 148 149 147
40 9 133 134 132
41 9 149 150 149
42 9 160 161 160
21 10 57 47 46
22 10 104 82 80
23 10 130 100 98
24 10 123 108 107
25 10 90 89 87
26 10 122 125 121
27 10 145 147 143
28 10 155 154 148
29 10 172 167 160
30 10 165 163 157
31 10 164 163 159
32 10 184 184 181
33 10 195 194 190
34 10 177 174 169
35 10 160 158 154
36 10 179 179 176
37 10 173 173 171
38 10 145 146 143
39 10 161 163 160
40 10 149 151 148
41 10 127 129 127
42 10 150 151 149
43 10 157 157 155
20 11 57 51 49
21 11 94 72 69
22 11 129 94 92
23 11 128 97 95
24 11 92 86 84
25 11 88 90 87
26 11 135 138 134
27 11 148 148 143
28 11 168 165 158
29 11 162 160 155
30 11 140 141 138
31 11 133 134 132
32 11 144 145 142
33 11 174 174 172
34 11 191 191 188
35 11 194 192 188
36 11 190 188 184
37 11 193 193 190
38 11 187 187 185
39 11 180 181 178
40 11 182 183 180
41 11 164 165 163
42 11 153 154 152
43 11 158 159 157
20 12 93 81 77
21 12 115 86 83
22 12 131 86 84
23 12 114 100 98
24 12 79 80 78
25 12 118 120 117
26 12 142 143 139
27 12 165 162 155
28 12 160 158 153
29 12 127 127 125
30 12 61 62 60
31 12 50 51 50
32 12 58 59 57
33 12 126 127 125
34 12 158 159 156
35 12 183 184 181
36 12 197 196 193
37 12 200 198 194
38 12 197 196 193
39 12 194 194 191
40 12 191 191 188
41 12 188 188 186
42 12 179 180 178
43 12 172 173 170
44 12 171 171 168
19 13 84 77 74
20 13 96 78 74
21 13 123 87 84
22 13 127 102 100
23 13 110 109 106
24 13 113 115 112
25 13 134 135 131
26 13 160 158 151
27 13 167 164 159
28 13 144 144 141
29 13 67 68 67
30 13 5 5 5
31 13 2 2 2
32 13 10 11 10
33 13 88 89 87
34 13 150 151 148
35 13 161 161 159
36 13 168 169 166
37 13 191 191 188
38 13 199 198 194
39 13 198 197 193
40 13 195 195 192
41 13 192 192 190
42 13 189 190 187
43 13 183 184 181
44 13 179 179 177
19 14 90 76 71
20 14 107 85 81
21 14 126 97 95
22 14 127 120 117
23 14 123 125 121
24 14 132 133 129
25 14 154 152 145
26 14 167 164 157
27 14 155 154 150
28 14 142 143 141
29 14 86 87 86
30 14 21 22 22
31 14 2 2 2
32 14 29 29 28
33 14 113 114 111
34 14 149 150 147
35 14 156 157 154
36 14 161 161 158
37 14 164 164 161
38 14 181 181 179
39 14 195 194 191
40 14 198 196 193
41 14 196 195 192
42 14 193 193 191
43 14 189 189 187
44 14 185 185 183
19 15 85 71 67
20 15 111 91 88
21 15 127 115 112
22 15 128 128 125
23 15 133 135 130
24 15 148 145 139
25 15 165 160 154
26 15 155 153 149
27 15 152 152 148
28 15 147 147 144
29 15 126 127 126
30 15 92 92 91
31 15 69 69 68
32 15 105 105 103
33 15 136 136 133
34 15 151 151 149
35 15 155 156 153
36 15 155 156 153
37 15 155 155 153
38 15 160 161 158
39 15 168 168 166
40 15 190 190 187
41 15 197 195 192
42 15 196 195 191
43 15 194 194 191
44 15 189 189 187
45 15 184 184 182
19 16 82 70 66
20 16 114 104 100
21 16 127 125 122
22 16 131 132 128
23 16 143 141 135
24 16 162 157 150
25 16 156 154 149
26 16 150 149 145
27 16 149 149 146
28 16 150 150 147
29 16 145 145 142
30 16 140 141 138
31 16 139 139 136
32 16 145 146 143
33 16 149 150 147
34 16 152 152 149
35 16 154 154 151
36 16 151 152 149
37 16 154 154 151
38 16 154 155 152
39 16 153 154 151
40 16 160 160 158
41 16 178 179 176
42 16 192 191 188
43 16 195 194 190
44 16 193 192 188
45 16 190 189 187
19 17 75 72 69
20 17 115 113 109
21 17 128 129 125
22 17 136 135 130
23 17 157 151 144
24 17 157 154 149
25 17 147 146 142
26 17 147 146 143
27 17 148 148 145
28 17 149 149 145
29 17 146 145 142
30 17 148 148 144
31 17 148 148 145
32 17 147 148 144
33 17 149 150 146
34 17 150 151 147
35 17 149 150 147
36 17 150 151 147
37 17 152 152 149
38 17 148 148 145
39 17 153 153 150
40 17 156 157 154
41 17 152 152 149
42 17 167 168 165
43 17 184 184 181
44 17 192 191 186
45 17 189 187 182
46 17 184 182 178
19 18 76 75 72
20 18 120 120 116
21 18 131 130 125
22 18 153 148 140
23 18 156 152 146
24 18 146 145 140
25 18 145 144 140
26 18 145 145 141
27 18 147 146 143
28 18 144 143 140
29 18 147 146 143
30 18 146 146 142
31 18 146 146 143
32 18 146 146 142
33 18 148 148 145
34 18 147 148 144
35 18 147 148 144
36 18 149 149 146
37 18 147 148 144
38 18 148 148 145
39 18 151 151 148
40 18 150 150 147
41 18 150 150 147
42 18 155 156 153
43 18 154 155 151
44 18 177 178 175
45 18 185 185 182
46 18 184 182 178
18 19 41 39 36
19 19 84 83 79
20 19 123 123 118
21 19 148 142 135
22 19 157 152 145
23 19 144 142 138
24 19 143 142 138
25 19 142 142 137
26 19 146 145 141
27 19 143 143 139
28 19 143 142 139
29 19 145 144 141
30 19 146 145 142
31 19 143 143 140
32 19 145 145 142
33 19 145 146 142
34 19 144 145 141
35 19 146 147 143
36 19 146 146 143
37 19 144 144 141
38 19 147 148 144
39 19 148 148 145
40 19 145 146 142
41 19 150 150 147
42 19 149 149 146
43 19 152 152 149
44 19 158 160 158
45 19 154 157 156
46 19 177 178 176
18 20 44 42 39
19 20 87 84 80
20 20 140 135 128
21 20 155 148 141
22 20 145 142 138
23 20 141 139 136
24 20 142 141 137
25 20 141 140 136
26 20 142 141 138
27 20 141 140 137
28 20 142 141 138
29 20 143 143 140
30 20 142 142 139
31 20 142 143 139
32 20 143 143 140
33 20 142 143 139
34 20 142 143 140
35 20 143 143 140
36 20 143 143 140
37 20 142 142 139
38 20 146 146 142
39 20 143 143 140
40 20 145 145 142
41 20 147 148 144
42 20 147 147 144
43 20 153 154 152
44 20 136 138 137
45 20 88 91 90
18 21 43 39 35
19 21 110 100 91
20 21 149 140 131
21 21 145 141 135
22 21 140 138 134
23 21 139 138 134
24 21 138 137 133
25 21 140 139 135
26 21 139 139 135
27 21 139 138 134
28 21 140 140 136
29 21 140 140 137
30 21 140 139 136
31 21 141 141 138
32 21 141 141 138
33 21 140 140 137
34 21 140 140 137
35 21 141 141 138
36 21 140 139 136
37 21 142 141 138
38 21 143 142 139
39 21 141 141 138
40 21 145 144 141
41 21 146 146 143
42 21 149 150 148
43 21 137 139 138
44 21 71 73 72
18 22 40 31 26
19 22 136 120 109
20 22 143 134 126
21 22 137 134 129
22 22 137 135 131
23 22 138 136 132
24 22 139 137 133
25 22 139 138 133
26 22 136 136 132
27 22 136 136 132
28 22 138 137 133
29 22 138 138 135
30 22 138 137 134
31 22 138 138 135
32 22 139 139 136
33 22 138 138 135
34 22 138 138 135
35 22 139 138 135
36 22 139 138 135
37 22 140 140 136
38 22 140 140 136
39 22 142 141 138
40 22 145 145 142
41 22 146 147 145
42 22 134 136 134
43 22 64 66 65
19 23 127 110 98
20 23 133 124 116
21 23 133 128 123
22 23 133 130 125
23 23 136 134 130
24 23 137 135 131
25 23 137 135 131
26 23 135 134 130
27 23 134 134 130
28 23 135 135 131
29 23 135 135 131
30 23 136 135 132
31 23 137 137 133
32 23 135 135 132
33 23 134 134 131
34 23 136 136 133
35 23 138 137 134
36 23 137 136 133
37 23 139 138 135
38 23 137 137 134
39 23 140 140 136
40 23 144 144 141
41 23 136 137 136
42 23 105 107 106
20 24 131 122 113
21 24 124 118 111
22 24 131 126 120
23 24 132 129 124
24 24 134 132 127
25 24 134 132 128
26 24 134 133 128
27 24 135 134 129
28 24 133 132 127
29 24 132 132 128
30 24 134 134 130
31 24 131 131 128
32 24 120 120 117
33 24 116 117 114
34 24 119 119 116
35 24 131 131 127
36 24 134 134 130
37 24 136 135 132
38 24 138 137 133
39 24 141 142 138
40 24 137 138 135
41 24 101 103 101
22 25 134 128 121
23 25 126 121 115
24 25 128 124 119
25 25 130 127 123
26 25 133 131 127
27 25 131 130 126
28 25 132 131 126
29 25 131 130 126
30 25 128 128 124
31 25 103 103 101
32 25 62 63 62
33 25 53 54 52
34 25 57 57 55
35 25 105 106 102
36 25 131 131 127
37 25 135 134 130
38 25 138 137 133
39 25 138 139 136
40 25 99 100 98
24 26 108 103 98
25 26 129 124 118
26 26 127 124 118
27 26 128 126 121
28 26 128 127 122
29 26 129 128 124
30 26 120 119 115
31 26 67 67 65
32 26 16 16 15
33 26 2 2 2
34 26 16 16 16
35 26 85 85 82
36 26 126 126 122
37 26 135 135 131
38 26 135 136 133
39 26 92 92 90
26 27 128 123 117
27 27 123 118 113
28 27 126 122 117
29 27 125 123 118
30 27 120 119 115
31 27 74 74 71
32 27 23 23 22
33 27 17 17 16
34 27 39 38 36
35 27 91 91 87
36 27 128 128 124
37 27 132 133 130
38 27 91 91 89
39 27 61 62 60
27 28 46 43 40
28 28 116 111 105
29 28 121 116 110
30 28 120 117 112
31 28 107 105 100
32 28 83 81 77
33 28 87 84 80
34 28 96 94 89
35 28 118 116 111
36 28 129 128 124
37 28 88 88 86
38 28 59 59 58
29 29 124 118 111
30 29 117 112 105
31 29 116 112 106
32 29 114 110 104
33 29 117 114 108
34 29 121 118 112
35 29 124 122 116
36 29 93 92 89
37 29 58 58 55
31 30 93 88 81
32 30 109 103 96
33 30 113 107 101
34 30 116 112 106
35 30 88 86 81
36 30 56 54 51
33 31 104 97 90
34 31 99 93 88
35 31 49 46 43
