29 0 184 188 186
30 0 188 191 190
28 1 187 190 188
29 1 192 193 192
30 1 193 195 193
31 1 194 196 194
32 1 194 196 194
27 2 189 191 189
28 2 194 192 189
29 2 200 190 187
30 2 200 192 190
31 2 196 195 193
32 2 195 197 194
33 2 194 196 194
26 3 189 190 188
27 3 193 193 191
28 3 199 189 187
29 3 207 169 166
30 3 208 171 169
31 3 204 186 185
32 3 199 193 191
33 3 197 195 193
34 3 197 198 196
35 3 198 199 197
25 4 188 190 188
26 4 193 191 189
27 4 198 185 183
28 4 201 183 182
29 4 204 179 178
30 4 210 151 150
31 4 210 153 152
32 4 208 171 170
33 4 206 182 180
34 4 201 192 191
35 4 201 198 196
36 4 199 200 197
37 4 198 200 198
24 5 188 189 187
25 5 193 190 188
26 5 199 184 182
27 5 203 164 163
28 5 206 157 157
29 5 206 163 163
30 5 207 159 161
31 5 210 147 147
32 5 210 136 135
33 5 210 149 147
34 5 209 173 171
35 5 204 193 191
36 5 200 200 198
37 5 199 201 198
38 5 199 201 199
39 5 200 202 200
23 6 187 188 187
24 6 192 191 189
25 6 197 185 183
26 6 202 164 163
27 6 204 162 163
28 6 204 170 172
29 6 205 159 160
30 6 206 158 159
31 6 205 171 171
32 6 203 181 179
33 6 203 187 185
34 6 202 192 190
35 6 200 197 194
36 6 198 200 197
37 6 199 201 198
38 6 199 201 199
39 6 201 203 201
40 6 202 204 201
22 7 187 187 186
23 7 191 188 186
24 7 195 183 181
25 7 200 164 163
26 7 202 145 145
27 7 204 159 160
28 7 203 169 170
29 7 200 177 177
30 7 198 187 186
31 7 196 190 188
32 7 194 194 192
33 7 195 196 193
34 7 196 197 195
35 7 197 199 196
36 7 198 200 197
37 7 199 201 198
38 7 200 201 199
39 7 200 202 199
40 7 201 203 200
41 7 203 204 202
42 7 203 204 201
21 8 187 187 185
22 8 191 187 185
23 8 194 176 174
24 8 198 164 163
25 8 199 158 158
26 8 200 138 138
27 8 201 165 165
28 8 197 183 182
29 8 193 187 185
30 8 190 190 188
31 8 187 189 186
32 8 190 192 190
33 8 193 196 193
34 8 195 197 195
35 8 196 198 195
36 8 198 200 197
37 8 199 201 198
38 8 200 201 199
39 8 201 203 200
40 8 202 203 201
41 8 203 204 201
42 8 202 203 199
43 8 199 196 190
44 8 184 177 167
20 9 186 186 183
21 9 188 184 182
22 9 192 178 176
23 9 195 153 151
24 9 197 154 154
25 9 196 173 173
26 9 196 172 171
27 9 196 181 180
28 9 189 187 185
29 9 177 178 176
30 9 162 164 162
31 9 148 151 148
32 9 162 165 162
33 9 186 189 186
34 9 194 196 194
35 9 196 198 196
36 9 198 200 197
37 9 199 200 198
38 9 200 201 198
39 9 200 202 199
40 9 201 203 200
41 9 202 203 200
42 9 201 199 195
43 9 195 190 182
44 9 187 182 173
19 10 184 183 180
20 10 187 183 180
21 10 190 173 171
22 10 193 142 139
23 10 194 110 108
24 10 196 127 127
25 10 196 160 160
26 10 194 174 173
27 10 189 186 184
28 10 179 181 178
29 10 137 139 137
30 10 75 77 75
31 10 48 50 48
32 10 83 87 85
33 10 165 168 166
34 10 192 194 192
35 10 197 199 196
36 10 198 199 197
37 10 198 200 197
38 10 199 201 198
39 10 200 201 198
40 10 201 202 199
41 10 201 201 197
42 10 198 194 188
43 10 193 190 183
44 10 181 179 173
18 11 182 180 176
19 11 185 180 176
20 11 188 168 165
21 11 190 144 141
22 11 191 99 97
23 11 192 91 90
24 11 194 110 109
25 11 195 162 162
26 11 191 182 181
27 11 187 187 185
28 11 173 175 172
29 11 103 106 103
30 11 13 13 13
31 11 5 6 6
32 11 55 57 56
33 11 158 162 159
34 11 192 194 192
35 11 196 197 195
36 11 197 199 196
37 11 198 200 197
38 11 199 201 198
39 11 199 200 197
40 11 200 200 196
41 11 197 195 189
42 11 191 188 183
43 11 179 178 174
44 11 171 170 166
17 12 174 171 165
18 12 180 179 174
19 12 184 175 170
20 12 188 153 149
21 12 190 133 132
22 12 190 112 113
23 12 191 97 97
24 12 192 102 102
25 12 194 163 162
26 12 189 186 184
27 12 187 188 186
28 12 176 178 175
29 12 127 130 127
30 12 70 73 72
31 12 69 72 70
32 12 129 132 130
33 12 180 183 180
34 12 194 196 194
35 12 196 198 195
36 12 197 199 195
37 12 199 200 197
38 12 198 199 196
39 12 199 200 196
40 12 196 194 189
41 12 187 183 178
42 12 146 145 141
43 12 162 162 159
44 12 163 163 159
16 13 139 124 116
17 13 164 158 151
18 13 174 171 166
19 13 181 176 171
20 13 185 166 161
21 13 189 142 138
22 13 191 119 117
23 13 190 124 123
24 13 192 119 118
25 13 192 164 162
26 13 188 186 183
27 13 189 190 187
28 13 186 188 185
29 13 173 175 172
30 13 161 164 162
31 13 167 169 167
32 13 181 183 180
33 13 192 194 191
34 13 194 196 193
35 13 195 197 194
36 13 197 198 195
37 13 197 198 195
38 13 198 198 195
39 13 197 195 190
40 13 190 187 181
41 13 142 140 136
42 13 112 112 109
43 13 168 168 165
44 13 167 167 163
17 14 68 61 56
18 14 129 124 118
19 14 166 163 158
20 14 180 177 172
21 14 185 171 167
22 14 189 153 150
23 14 191 139 137
24 14 191 127 125
25 14 191 165 162
26 14 187 185 183
27 14 188 189 186
28 14 190 191 188
29 14 189 191 188
30 14 188 190 187
31 14 191 192 190
32 14 193 194 191
33 14 194 196 193
34 14 195 196 193
35 14 196 197 194
36 14 196 197 194
37 14 196 197 193
38 14 196 195 190
39 14 193 190 184
40 14 172 171 167
41 14 90 90 88
42 14 153 153 150
43 14 173 173 170
44 14 158 158 154
17 15 49 45 41
18 15 46 43 40
19 15 89 85 80
20 15 154 152 147
21 15 178 176 172
22 15 183 177 174
23 15 188 167 164
24 15 190 148 144
25 15 190 166 163
26 15 188 186 183
27 15 189 189 186
28 15 189 190 187
29 15 190 192 188
30 15 190 192 189
31 15 192 194 190
32 15 193 194 191
33 15 194 195 192
34 15 194 195 192
35 15 196 197 193
36 15 196 197 193
37 15 195 194 189
38 15 194 190 184
39 15 188 187 183
40 15 154 155 152
41 15 142 143 140
42 15 172 172 170
43 15 172 172 169
44 15 153 152 149
18 16 51 47 44
19 16 43 41 38
20 16 53 50 47
21 16 136 134 129
22 16 175 173 169
23 16 183 181 177
24 16 188 176 173
25 16 189 177 174
26 16 188 186 183
27 16 188 189 186
28 16 189 191 187
29 16 190 191 188
30 16 191 193 190
31 16 192 193 190
32 16 193 194 191
33 16 194 195 192
34 16 194 195 192
35 16 196 196 192
36 16 195 194 189
37 16 194 190 184
38 16 193 191 187
39 16 182 182 179
40 16 169 169 166
41 16 172 173 170
42 16 173 173 170
43 16 168 169 166
44 16 146 146 142
45 16 160 159 155
19 17 52 50 47
20 17 40 38 36
21 17 27 27 25
22 17 116 114 108
23 17 167 165 161
24 17 183 182 178
25 17 186 185 182
26 17 187 188 184
27 17 189 189 186
28 17 190 190 187
29 17 190 191 188
30 17 192 193 190
31 17 192 193 190
32 17 193 194 190
33 17 194 194 191
34 17 194 195 191
35 17 194 193 188
36 17 193 189 182
37 17 192 189 185
38 17 184 184 181
39 17 180 180 177
40 17 176 176 173
41 17 173 174 171
42 17 169 170 167
43 17 164 165 162
44 17 142 141 138
45 17 158 157 153
19 18 57 56 53
20 18 55 55 52
21 18 44 43 41
22 18 40 39 37
23 18 86 84 79
24 18 155 153 148
25 18 181 181 177
26 18 187 187 183
27 18 188 189 185
28 18 189 190 186
29 18 191 192 188
30 18 191 192 189
31 18 193 193 190
32 18 192 193 189
33 18 194 194 190
34 18 194 193 188
35 18 192 188 181
36 18 193 189 184
37 18 185 184 180
38 18 180 180 177
39 18 177 177 174
40 18 174 175 171
41 18 169 170 166
42 18 166 167 163
43 18 160 160 157
44 18 125 125 121
45 18 145 144 140
20 19 58 58 55
21 19 56 56 54
22 19 51 51 49
23 19 53 52 50
24 19 63 62 59
25 19 133 131 125
26 19 176 175 170
27 19 187 186 183
28 19 188 189 185
29 19 191 191 187
30 19 191 192 188
31 19 192 192 188
32 19 192 192 188
33 19 192 191 187
34 19 191 186 180
35 19 192 187 181
36 19 183 182 178
37 19 179 179 175
38 19 177 177 174
39 19 173 174 170
40 19 170 170 167
41 19 166 166 163
42 19 161 162 159
43 19 150 151 148
44 19 106 106 104
20 20 56 56 54
21 20 53 54 51
22 20 50 50 48
23 20 53 53 51
24 20 58 57 55
25 20 55 55 52
26 20 102 99 95
27 20 164 162 157
28 20 185 184 180
29 20 189 189 185
30 20 191 191 187
31 20 191 191 187
32 20 190 189 184
33 20 190 185 179
34 20 190 184 178
35 20 184 183 178
36 20 179 179 175
37 20 176 175 172
38 20 174 174 171
39 20 171 171 168
40 20 167 167 163
41 20 162 162 159
42 20 153 154 151
43 20 123 124 122
21 21 52 52 50
22 21 43 43 42
23 21 41 42 40
24 21 55 55 53
25 21 59 59 56
26 21 55 55 52
27 21 65 63 60
28 21 143 140 135
29 21 180 178 173
30 21 188 187 182
31 21 190 187 182
32 21 188 183 176
33 21 189 182 175
34 21 185 182 177
35 21 179 178 174
36 21 175 175 171
37 21 173 173 170
38 21 170 170 167
39 21 166 165 162
40 21 162 162 159
41 21 156 156 153
42 21 122 122 120
43 21 57 57 56
22 22 47 47 45
23 22 39 40 38
24 22 44 44 43
25 22 56 56 54
26 22 59 58 56
27 22 48 47 45
28 22 29 28 27
29 22 111 107 101
30 22 169 164 156
31 22 184 175 167
32 22 185 175 167
33 22 184 180 175
34 22 178 177 173
35 22 175 175 171
36 22 172 172 168
37 22 169 169 166
38 22 166 165 162
39 22 163 163 160
40 22 157 157 153
41 22 132 132 129
42 22 56 57 55
23 23 46 46 44
24 23 44 45 43
25 23 54 54 53
26 23 61 61 59
27 23 58 57 55
28 23 47 46 44
29 23 29 29 27
30 23 87 80 74
31 23 160 147 138
32 23 179 172 165
33 23 177 175 171
34 23 175 174 170
35 23 172 171 167
36 23 168 167 164
37 23 162 162 159
38 23 159 158 155
39 23 157 156 153
40 23 141 141 138
41 23 57 57 55
24 24 49 50 48
25 24 55 56 54
26 24 59 60 58
27 24 60 60 58
28 24 58 57 56
29 24 50 49 47
30 24 40 39 38
31 24 133 123 117
32 24 171 166 161
33 24 173 171 167
34 24 172 170 166
35 24 168 167 163
36 24 152 152 148
37 24 140 140 137
38 24 152 152 149
39 24 145 144 141
40 24 56 56 54
26 25 60 60 59
27 25 60 60 58
28 25 57 57 55
29 25 53 52 51
30 25 56 55 53
31 25 95 89 85
32 25 163 158 152
33 25 170 167 163
34 25 167 166 161
35 25 152 151 147
36 25 101 101 98
37 25 126 126 122
38 25 144 143 140
39 25 106 105 103
27 26 59 59 57
28 26 55 55 54
29 26 45 45 44
30 26 45 45 43
31 26 64 62 59
32 26 153 147 142
33 26 164 161 156
34 26 158 156 152
35 26 113 112 108
36 26 84 83 80
37 26 132 132 128
38 26 116 116 113
28 27 55 55 53
29 27 48 48 47
30 27 37 37 36
31 27 43 42 41
32 27 130 125 119
33 27 157 153 148
34 27 144 141 137
35 27 93 91 88
36 27 119 117 113
37 27 110 109 106
38 27 50 49 48
30 28 46 46 45
31 28 43 42 41
32 28 83 80 77
33 28 149 144 139
34 28 140 136 131
35 28 128 125 120
36 28 115 113 109
37 28 48 47 45
31 29 50 50 48
32 29 57 57 55
33 29 135 131 126
34 29 141 136 130
35 29 128 125 119
36 29 48 46 43
32 30 53 52 49
33 30 133 129 125
34 30 126 120 113
35 30 45 42 39
34 31 125 120 115
