33 0 177 172 164
34 0 175 167 156
32 1 190 190 187
33 1 191 190 186
34 1 187 183 176
35 1 182 175 165
30 2 193 194 191
31 2 193 194 192
32 2 194 195 193
33 2 190 191 188
34 2 188 187 183
35 2 189 186 180
36 2 185 179 172
28 3 190 191 189
29 3 194 195 193
30 3 195 196 194
31 3 194 195 193
32 3 181 182 180
33 3 148 149 147
34 3 143 144 141
35 3 178 178 174
36 3 190 186 182
37 3 190 182 175
27 4 194 195 192
28 4 196 197 194
29 4 197 197 195
30 4 196 197 194
31 4 187 188 186
32 4 140 141 139
33 4 43 44 43
34 4 29 30 29
35 4 117 119 116
36 4 179 178 176
37 4 192 188 184
38 4 191 182 176
25 5 193 194 192
26 5 195 196 194
27 5 196 197 195
28 5 197 198 195
29 5 197 197 195
30 5 196 196 194
31 5 192 193 191
32 5 164 165 163
33 5 77 78 76
34 5 8 8 7
35 5 66 67 65
36 5 160 160 158
37 5 190 190 187
38 5 192 188 184
39 5 191 183 176
23 6 188 190 187
24 6 193 195 193
25 6 196 197 195
26 6 196 197 195
27 6 196 197 195
28 6 197 197 195
29 6 196 197 194
30 6 196 196 194
31 6 195 195 193
32 6 189 190 187
33 6 163 163 161
34 6 123 124 121
35 6 158 159 156
36 6 184 184 182
37 6 193 193 190
38 6 193 192 189
39 6 193 189 184
40 6 192 183 176
22 7 191 193 191
23 7 193 194 192
24 7 194 195 193
25 7 189 190 188
26 7 186 187 185
27 7 190 192 189
28 7 194 195 193
29 7 195 196 193
30 7 196 196 194
31 7 195 195 193
32 7 193 194 191
33 7 191 191 189
34 7 185 186 183
35 7 190 190 188
36 7 192 193 190
37 7 194 194 191
38 7 193 193 191
39 7 193 192 189
40 7 192 188 183
41 7 192 184 177
20 8 181 183 181
21 8 189 191 190
22 8 195 197 195
23 8 194 195 194
24 8 179 180 179
25 8 135 137 135
26 8 115 117 115
27 8 140 143 141
28 8 174 176 173
29 8 192 193 191
30 8 195 195 193
31 8 193 194 191
32 8 191 192 189
33 8 188 189 187
34 8 190 191 189
35 8 192 192 190
36 8 193 194 191
37 8 193 194 191
38 8 193 193 191
39 8 194 193 191
40 8 193 192 189
41 8 192 188 184
42 8 191 182 176
20 9 157 160 158
21 9 185 188 187
22 9 197 199 198
23 9 193 195 193
24 9 154 156 154
25 9 50 51 50
26 9 11 11 11
27 9 36 37 37
28 9 130 132 130
29 9 184 185 183
30 9 193 194 191
31 9 189 190 188
32 9 168 169 166
33 9 137 138 136
34 9 150 152 150
35 9 173 174 172
36 9 191 192 190
37 9 193 194 191
38 9 193 194 191
39 9 192 192 190
40 9 190 189 187
41 9 189 188 186
42 9 190 185 181
43 9 190 181 175
19 10 61 62 61
20 10 63 64 62
21 10 145 148 147
22 10 191 194 193
23 10 193 195 194
24 10 161 162 160
25 10 71 72 70
26 10 18 18 18
27 10 31 32 32
28 10 129 131 130
29 10 182 183 181
30 10 192 192 190
31 10 181 182 179
32 10 121 121 119
33 10 28 28 27
34 10 30 31 30
35 10 103 105 103
36 10 174 175 173
37 10 191 192 190
38 10 192 193 190
39 10 181 182 179
40 10 152 153 150
41 10 152 152 151
42 10 172 171 169
43 10 184 179 175
44 10 188 180 174
19 11 62 63 61
20 11 71 72 70
21 11 67 68 67
22 11 147 150 149
23 11 191 194 192
24 11 185 187 185
25 11 155 156 153
26 11 129 130 127
27 11 131 132 130
28 11 162 163 162
29 11 187 188 186
30 11 191 192 189
31 11 186 187 184
32 11 144 144 141
33 11 44 44 43
34 11 1 1 1
35 11 54 56 54
36 11 154 155 153
37 11 189 190 187
38 11 191 191 189
39 11 164 165 162
40 11 70 70 69
41 11 41 42 41
42 11 96 96 95
43 11 162 159 157
44 11 187 182 178
45 11 188 179 173
19 12 61 62 61
20 12 91 93 90
21 12 40 41 40
22 12 35 36 35
23 12 152 154 153
24 12 192 194 192
25 12 192 193 191
26 12 186 186 183
27 12 184 184 181
28 12 185 185 183
29 12 191 191 189
30 12 192 192 189
31 12 189 189 187
32 12 171 172 169
33 12 131 132 129
34 12 92 92 89
35 12 119 118 115
36 12 169 169 166
37 12 190 190 188
38 12 190 190 187
39 12 168 168 165
40 12 71 71 69
41 12 5 5 5
42 12 25 25 24
43 12 135 135 133
44 12 186 184 181
45 12 188 182 177
46 12 184 173 165
19 13 62 63 61
20 13 100 100 98
21 13 28 28 28
22 13 7 7 7
23 13 35 35 34
24 13 159 160 159
25 13 193 194 192
26 13 195 195 193
27 13 193 193 189
28 13 191 191 187
29 13 192 191 188
30 13 191 191 188
31 13 191 191 188
32 13 186 187 184
33 13 181 181 179
34 13 174 174 171
35 13 173 173 170
36 13 183 183 181
37 13 190 190 187
38 13 191 191 188
39 13 186 185 182
40 13 150 150 146
41 13 85 84 81
42 13 87 87 84
43 13 140 140 138
44 13 184 183 180
45 13 189 185 181
46 13 182 173 166
47 13 174 159 149
18 14 61 61 59
19 14 59 60 58
20 14 79 79 77
21 14 40 41 40
22 14 14 15 14
23 14 13 13 12
24 14 50 50 48
25 14 165 166 164
26 14 194 194 192
27 14 195 195 192
28 14 193 192 189
29 14 191 191 188
30 14 190 190 187
31 14 190 190 187
32 14 189 189 187
33 14 188 188 186
34 14 187 187 185
35 14 188 188 186
36 14 189 189 186
37 14 190 190 187
38 14 191 190 188
39 14 190 190 187
40 14 186 185 182
41 14 173 173 169
42 14 170 169 166
43 14 176 175 172
44 14 187 185 182
45 14 177 173 168
46 14 161 154 148
47 14 156 147 140
18 15 61 62 60
19 15 85 86 83
20 15 49 50 48
21 15 27 28 28
22 15 29 30 30
23 15 19 19 19
24 15 42 42 40
25 15 70 70 68
26 15 167 167 165
27 15 194 195 193
28 15 194 194 191
29 15 192 192 189
30 15 190 189 187
31 15 188 188 186
32 15 181 181 178
33 15 174 175 172
34 15 170 171 169
35 15 180 180 178
36 15 188 188 186
37 15 189 189 186
38 15 190 189 186
39 15 190 189 186
40 15 191 190 186
41 15 190 189 185
42 15 190 189 185
43 15 187 185 181
44 15 166 162 158
45 15 127 120 114
46 15 101 94 88
18 16 59 60 58
19 16 98 99 96
20 16 41 41 40
21 16 10 10 10
22 16 25 26 26
23 16 41 42 41
24 16 50 50 49
25 16 58 57 55
26 16 83 82 79
27 16 168 168 166
28 16 195 196 193
29 16 194 194 191
30 16 191 191 188
31 16 185 185 182
32 16 158 158 155
33 16 117 117 114
34 16 87 87 85
35 16 131 132 129
36 16 176 176 174
37 16 188 188 185
38 16 190 189 185
39 16 190 189 185
40 16 191 189 185
41 16 190 189 185
42 16 184 182 178
43 16 150 147 142
44 16 95 91 86
45 16 113 108 103
18 17 57 56 54
19 17 84 84 81
20 17 37 38 37
21 17 18 19 19
22 17 13 14 13
23 17 45 45 43
24 17 58 58 56
25 17 59 58 56
26 17 59 58 55
27 17 82 81 77
28 17 169 169 166
29 17 194 194 192
30 17 192 192 189
31 17 183 183 180
32 17 134 133 130
33 17 35 35 34
34 17 7 7 6
35 17 38 38 36
36 17 142 142 139
37 17 184 183 180
38 17 189 187 183
39 17 189 188 183
40 17 190 188 183
41 17 181 178 174
42 17 136 133 128
43 17 96 92 87
44 17 88 85 80
17 18 51 48 44
18 18 54 52 49
19 18 58 57 54
20 18 18 18 17
21 18 22 23 23
22 18 26 27 26
23 18 43 43 41
24 18 58 58 56
25 18 59 59 57
26 18 58 58 55
27 18 57 56 53
28 18 86 84 79
29 18 169 169 166
30 18 191 191 188
31 18 187 187 183
32 18 151 150 147
33 18 61 60 58
34 18 8 8 7
35 18 24 24 23
36 18 130 129 126
37 18 182 180 176
38 18 188 186 181
39 18 187 185 181
40 18 176 173 168
41 18 129 126 122
42 18 90 87 83
43 18 83 80 76
44 18 113 110 104
18 19 55 52 47
19 19 47 45 42
20 19 22 22 20
21 19 17 17 17
22 19 43 43 42
23 19 54 54 52
24 19 59 59 56
25 19 59 59 56
26 19 58 58 55
27 19 56 55 52
28 19 49 49 45
29 19 93 92 87
30 19 171 170 166
31 19 188 188 184
32 19 178 177 172
33 19 149 147 143
34 19 100 98 93
35 19 97 95 90
36 19 154 152 147
37 19 183 181 176
38 19 185 183 178
39 19 169 167 162
40 19 129 127 123
41 19 84 83 79
42 19 90 87 83
43 19 116 112 107
19 20 49 46 42
20 20 37 36 33
21 20 23 22 21
22 20 41 41 39
23 20 58 58 55
24 20 61 60 58
25 20 59 59 56
26 20 58 58 55
27 20 54 54 51
28 20 37 37 35
29 20 23 22 20
30 20 92 90 86
31 20 172 171 166
32 20 187 185 181
33 20 184 182 178
34 20 171 169 164
35 20 171 168 163
36 20 182 180 175
37 20 180 178 173
38 20 156 154 150
39 20 116 115 111
40 20 91 89 86
41 20 78 74 70
42 20 119 115 110
20 21 48 46 42
21 21 45 44 41
22 21 48 48 46
23 21 59 58 56
24 21 61 61 58
25 21 60 60 57
26 21 58 58 55
27 21 53 53 51
28 21 35 35 33
29 21 6 5 5
30 21 16 16 14
31 21 97 95 90
32 21 172 170 166
33 21 188 186 182
34 21 186 184 179
35 21 185 182 177
36 21 176 174 169
37 21 138 136 132
38 21 110 109 106
39 21 88 87 84
40 21 86 83 79
41 21 79 75 71
21 22 55 53 49
22 22 58 56 53
23 22 61 61 58
24 22 62 61 59
25 22 60 59 57
26 22 55 55 52
27 22 43 43 41
28 22 34 34 33
29 22 20 20 19
30 22 3 3 3
31 22 24 24 22
32 22 104 101 96
33 22 171 168 163
34 22 185 183 178
35 22 172 170 165
36 22 125 124 119
37 22 100 99 97
38 22 93 92 89
39 22 78 75 72
40 22 50 48 46
41 22 76 73 70
22 23 59 56 53
23 23 61 60 57
24 23 61 61 58
25 23 60 59 57
26 23 55 55 52
27 23 29 29 27
28 23 15 15 14
29 23 27 27 26
30 23 20 20 19
31 23 20 20 18
32 23 45 43 40
33 23 103 97 91
34 23 150 147 143
35 23 112 112 109
36 23 97 97 95
37 23 99 98 95
38 23 82 80 78
39 23 48 46 45
23 24 60 57 53
24 24 60 59 56
25 24 57 56 54
26 24 50 50 48
27 24 34 34 33
28 24 9 9 8
29 24 17 17 16
30 24 37 36 34
31 24 41 40 38
32 24 51 49 46
33 24 86 85 81
34 24 100 101 98
35 24 98 98 95
36 24 98 96 94
37 24 82 80 78
38 24 52 51 49
24 25 58 56 52
25 25 53 52 50
26 25 34 34 32
27 25 29 29 28
28 25 24 24 24
29 25 11 11 11
30 25 35 34 32
31 25 51 50 46
32 25 77 75 70
33 25 105 106 103
34 25 94 94 91
35 25 91 89 87
36 25 82 80 78
37 25 57 56 54
24 26 54 51 47
25 26 51 49 45
26 26 31 30 28
27 26 10 10 9
28 26 27 27 26
29 26 34 34 32
30 26 41 40 38
31 26 71 68 64
32 26 103 103 99
33 26 91 91 89
34 26 89 88 86
35 26 75 74 72
36 26 60 59 57
25 27 49 46 42
26 27 34 31 29
27 27 17 15 14
28 27 20 20 19
29 27 46 45 43
30 27 55 53 50
31 27 97 94 90
32 27 95 95 92
33 27 74 73 71
34 27 52 51 50
26 28 44 40 37
27 28 33 30 27
28 28 30 28 26
29 28 44 43 41
30 28 79 76 71
31 28 100 99 96
32 28 86 86 83
33 28 53 53 51
27 29 48 44 40
28 29 49 46 42
29 29 63 60 55
30 29 95 92 89
31 29 84 83 81
32 29 53 53 51
28 30 50 43 39
29 30 91 84 78
30 30 71 69 66
31 30 58 57 55
29 31 45 37 32
30 31 54 50 47
