29 0 184 187 186
30 0 188 192 190
28 1 188 191 189
29 1 192 194 192
30 1 195 196 194
31 1 194 196 194
32 1 194 196 194
27 2 190 192 190
28 2 192 193 191
29 2 199 192 190
30 2 203 190 188
31 2 199 194 192
32 2 196 196 194
33 2 194 195 193
34 2 193 195 192
26 3 189 191 189
27 3 192 193 192
28 3 197 195 193
29 3 203 186 184
30 3 209 166 163
31 3 208 176 174
32 3 203 188 186
33 3 198 193 191
34 3 196 196 194
35 3 196 197 195
36 3 195 196 194
25 4 189 192 190
26 4 193 194 192
27 4 197 192 190
28 4 202 184 182
29 4 203 183 181
30 4 206 177 177
31 4 210 152 151
32 4 210 157 156
33 4 207 174 172
34 4 204 184 182
35 4 201 194 192
36 4 199 196 195
37 4 197 198 196
38 4 195 197 194
24 5 189 191 189
25 5 192 193 191
26 5 197 193 191
27 5 201 182 181
28 5 206 162 161
29 5 207 160 161
30 5 206 162 163
31 5 208 158 160
32 5 209 147 148
33 5 210 136 135
34 5 210 148 146
35 5 208 172 170
36 5 204 192 190
37 5 197 198 195
38 5 196 198 196
39 5 196 198 196
23 6 187 189 187
24 6 192 193 192
25 6 195 194 192
26 6 199 186 184
27 6 204 163 163
28 6 205 161 162
29 6 205 172 174
30 6 205 162 164
31 6 206 158 159
32 6 206 169 169
33 6 205 178 177
34 6 203 184 182
35 6 202 190 188
36 6 200 194 192
37 6 197 198 195
38 6 196 198 196
39 6 198 200 198
40 6 198 200 197
41 6 198 200 197
22 7 186 187 186
23 7 191 191 190
24 7 194 191 189
25 7 198 185 183
26 7 201 167 166
27 7 204 144 144
28 7 205 155 156
29 7 204 169 170
30 7 203 175 176
31 7 199 186 185
32 7 197 190 188
33 7 195 193 191
34 7 194 195 192
35 7 195 197 194
36 7 196 197 195
37 7 196 198 195
38 7 196 198 196
39 7 197 199 196
40 7 197 199 197
41 7 199 201 198
42 7 199 201 198
43 7 197 199 196
22 8 190 191 189
23 8 193 191 189
24 8 196 181 179
25 8 199 163 162
26 8 200 163 163
27 8 201 151 151
28 8 202 153 153
29 8 199 181 181
30 8 196 188 187
31 8 191 190 188
32 8 189 190 187
33 8 189 191 188
34 8 192 194 192
35 8 194 196 193
36 8 195 197 195
37 8 196 198 195
38 8 196 198 196
39 8 198 199 197
40 8 198 200 197
41 8 199 201 198
42 8 199 200 198
43 8 199 200 197
44 8 197 196 191
45 8 187 181 172
21 9 188 188 186
22 9 192 189 187
23 9 194 183 180
24 9 197 162 160
25 9 199 143 143
26 9 198 169 169
27 9 198 175 175
28 9 197 177 176
29 9 194 188 186
30 9 187 187 185
31 9 173 175 173
32 9 156 159 156
33 9 151 154 151
34 9 172 175 172
35 9 190 192 189
36 9 195 197 195
37 9 196 198 195
38 9 197 198 196
39 9 197 199 196
40 9 198 199 196
41 9 199 200 197
42 9 198 200 196
43 9 199 199 195
44 9 196 192 186
45 9 184 178 169
20 10 187 187 184
21 10 191 188 185
22 10 193 182 179
23 10 193 154 151
24 10 195 117 115
25 10 197 109 108
26 10 198 144 144
27 10 197 166 166
28 10 195 182 181
29 10 189 189 187
30 10 173 175 173
31 10 122 125 123
32 10 59 61 59
33 10 49 51 50
34 10 106 110 107
35 10 175 178 175
36 10 193 195 193
37 10 196 197 195
38 10 197 199 196
39 10 197 198 195
40 10 197 199 196
41 10 198 200 196
42 10 198 199 196
43 10 198 197 192
44 10 191 187 180
45 10 175 169 161
19 11 185 184 180
20 11 188 186 182
21 11 190 178 175
22 11 191 157 155
23 11 193 123 121
24 11 193 95 94
25 11 194 96 95
26 11 197 127 127
27 11 196 171 171
28 11 192 186 185
29 11 188 189 187
30 11 170 172 170
31 11 92 94 92
32 11 10 11 10
33 11 6 6 6
34 11 61 64 62
35 11 161 165 162
36 11 191 194 191
37 11 196 197 195
38 11 197 199 196
39 11 196 198 195
40 11 197 199 195
41 11 197 198 195
42 11 197 197 193
43 11 194 191 185
44 11 174 170 164
45 11 167 163 157
18 12 177 174 168
19 12 183 181 176
20 12 187 184 179
21 12 189 171 167
22 12 191 145 141
23 12 193 133 133
24 12 192 110 110
25 12 192 99 98
26 12 194 110 109
27 12 195 169 168
28 12 191 188 186
29 12 190 191 188
30 12 179 181 178
31 12 131 133 131
32 12 69 72 71
33 12 61 64 63
34 12 117 120 118
35 12 179 182 179
36 12 193 196 193
37 12 196 198 195
38 12 196 198 194
39 12 197 199 196
40 12 197 198 195
41 12 197 198 194
42 12 195 193 187
43 12 181 178 171
44 12 142 139 134
45 12 45 44 41
18 13 142 132 124
19 13 168 164 157
20 13 181 178 173
21 13 184 178 173
22 13 189 168 163
23 13 191 142 139
24 13 193 119 117
25 13 192 128 128
26 13 193 121 120
27 13 195 166 164
28 13 191 188 186
29 13 191 192 189
30 13 188 190 187
31 13 178 180 177
32 13 163 165 163
33 13 166 168 166
34 13 177 179 177
35 13 191 193 190
36 13 194 196 193
37 13 195 197 193
38 13 196 197 194
39 13 197 198 195
40 13 196 197 193
41 13 195 194 189
42 13 186 183 176
43 13 155 154 150
44 13 129 127 123
18 14 50 46 42
19 14 87 81 75
20 14 149 145 138
21 14 176 173 167
22 14 183 180 175
23 14 187 174 171
24 14 191 159 156
25 14 193 144 142
26 14 192 127 126
27 14 193 157 155
28 14 191 187 184
29 14 190 191 188
30 14 190 191 188
31 14 191 193 190
32 14 190 192 189
33 14 192 193 191
34 14 192 194 191
35 14 194 195 192
36 14 194 196 192
37 14 195 196 193
38 14 196 197 194
39 14 195 196 193
40 14 195 195 191
41 14 190 187 181
42 14 163 161 156
43 14 149 148 145
44 14 139 139 134
18 15 53 50 46
19 15 51 48 45
20 15 44 42 39
21 15 117 113 107
22 15 162 160 154
23 15 180 179 175
24 15 186 181 178
25 15 189 174 171
26 15 192 156 152
27 15 194 158 155
28 15 191 184 181
29 15 190 190 188
30 15 190 191 188
31 15 191 192 189
32 15 191 193 190
33 15 193 194 191
34 15 193 194 191
35 15 194 196 192
36 15 194 196 192
37 15 194 195 192
38 15 195 196 192
39 15 195 195 191
40 15 194 191 185
41 15 178 175 169
42 15 153 153 149
43 15 136 136 132
44 15 55 55 52
18 16 57 54 51
19 16 54 51 48
20 16 37 35 33
21 16 17 16 15
22 16 61 58 54
23 16 140 137 131
24 16 176 174 169
25 16 185 183 180
26 16 188 181 178
27 16 191 176 172
28 16 191 185 182
29 16 190 190 187
30 16 191 192 188
31 16 191 192 189
32 16 192 193 190
33 16 193 194 191
34 16 193 194 191
35 16 194 195 192
36 16 194 195 192
37 16 195 195 192
38 16 195 195 191
39 16 193 191 186
40 16 190 186 180
41 16 160 159 156
42 16 153 153 149
43 16 121 120 116
18 17 60 58 55
19 17 58 57 54
20 17 50 49 47
21 17 26 26 24
22 17 11 10 10
23 17 31 30 28
24 17 102 99 93
25 17 162 160 154
26 17 182 181 177
27 17 187 186 182
28 17 189 188 185
29 17 190 190 187
30 17 191 192 188
31 17 191 192 188
32 17 192 193 189
33 17 193 194 191
34 17 193 194 191
35 17 194 195 191
36 17 194 195 191
37 17 194 194 191
38 17 193 191 186
39 17 192 187 181
40 17 175 174 170
41 17 159 160 156
42 17 145 145 142
43 17 120 118 115
19 18 60 59 57
20 18 59 59 56
21 18 51 50 48
22 18 34 34 32
23 18 29 29 28
24 18 48 47 45
25 18 70 68 64
26 18 136 133 127
27 18 173 172 167
28 18 186 185 181
29 18 189 190 186
30 18 190 191 187
31 18 192 192 189
32 18 192 192 189
33 18 193 194 190
34 18 194 194 191
35 18 194 194 190
36 18 194 194 190
37 18 193 192 187
38 18 191 187 180
39 18 184 181 176
40 18 164 164 160
41 18 154 155 151
42 18 130 130 127
43 18 56 56 53
19 19 60 60 58
20 19 60 60 58
21 19 59 59 56
22 19 55 55 53
23 19 51 51 49
24 19 53 53 51
25 19 56 55 53
26 19 57 56 53
27 19 98 96 90
28 19 158 156 150
29 19 182 181 176
30 19 189 188 184
31 19 191 191 187
32 19 192 192 189
33 19 193 193 190
34 19 193 193 189
35 19 193 193 189
36 19 192 191 187
37 19 190 186 180
38 19 188 185 179
39 19 170 170 166
40 19 159 159 156
41 19 143 144 141
42 19 78 78 76
19 20 59 59 58
20 20 58 59 57
21 20 49 49 48
22 20 53 53 51
23 20 57 57 55
24 20 59 59 57
25 20 58 57 55
26 20 58 58 55
27 20 58 57 54
28 20 57 56 53
29 20 126 123 117
30 20 170 168 163
31 20 186 186 181
32 20 189 189 185
33 20 192 192 188
34 20 192 192 188
35 20 192 191 186
36 20 190 187 181
37 20 188 183 176
38 20 174 173 169
39 20 163 163 160
40 20 150 150 147
41 20 114 114 112
42 20 59 59 58
19 21 58 59 57
20 21 55 56 54
21 21 37 37 36
22 21 27 27 27
23 21 47 47 45
24 21 58 58 56
25 21 60 60 58
26 21 60 59 57
27 21 59 58 56
28 21 57 56 54
29 21 46 45 42
30 21 73 71 67
31 21 142 139 134
32 21 180 178 173
33 21 188 187 182
34 21 189 188 183
35 21 190 186 180
36 21 187 180 172
37 21 178 175 170
38 21 165 165 161
39 21 155 155 152
40 21 129 129 126
41 21 58 58 57
20 22 53 54 52
21 22 44 45 44
22 22 28 28 27
23 22 27 28 27
24 22 52 52 51
25 22 60 60 58
26 22 61 61 58
27 22 61 60 58
28 22 58 58 56
29 22 46 46 44
30 22 22 21 20
31 22 19 19 18
32 22 99 95 90
33 22 163 158 151
34 22 184 178 170
35 22 184 174 165
36 22 179 173 167
37 22 167 166 162
38 22 156 156 153
39 22 142 142 139
40 22 66 66 65
21 23 50 50 49
22 23 45 46 44
23 23 40 41 39
24 23 49 50 49
25 23 59 60 58
26 23 62 62 60
27 23 61 60 58
28 23 61 60 58
29 23 57 57 55
30 23 41 41 39
31 23 17 17 16
32 23 16 15 15
33 23 59 57 54
34 23 150 140 132
35 23 174 165 157
36 23 166 164 159
37 23 154 154 150
38 23 145 145 142
39 23 100 100 98
40 23 59 59 58
23 24 51 52 51
24 24 57 58 56
25 24 61 62 60
26 24 62 62 60
27 24 62 62 60
28 24 61 61 59
29 24 60 60 58
30 24 58 58 56
31 24 47 47 45
32 24 32 32 31
33 24 37 36 35
34 24 149 142 136
35 24 164 160 154
36 24 152 151 147
37 24 135 135 132
38 24 119 119 116
39 24 57 57 55
24 25 57 58 56
25 25 61 62 60
26 25 63 63 62
27 25 63 63 61
28 25 60 60 58
29 25 54 54 52
30 25 57 57 55
31 25 60 60 58
32 25 58 58 56
33 25 66 65 63
34 25 155 150 144
35 25 156 153 148
36 25 126 124 121
37 25 118 117 115
38 25 50 49 48
26 26 60 61 59
27 26 61 62 60
28 26 57 58 56
29 26 39 39 38
30 26 34 34 33
31 26 49 49 48
32 26 61 61 59
33 26 84 81 78
34 26 156 151 145
35 26 137 134 129
36 26 114 112 109
37 26 89 89 87
27 27 58 58 56
28 27 59 59 57
29 27 47 47 46
30 27 26 26 25
31 27 23 23 22
32 27 49 49 47
33 27 101 98 94
34 27 152 146 141
35 27 118 116 111
36 27 87 86 83
37 27 41 41 39
29 28 51 51 50
30 28 45 45 44
31 28 34 34 33
32 28 39 39 38
33 28 111 109 105
34 28 138 133 127
35 28 111 109 105
36 28 45 44 42
30 29 54 54 53
31 29 51 52 50
32 29 54 54 52
33 29 121 118 114
34 29 128 123 118
35 29 70 68 65
32 30 57 56 53
33 30 137 132 127
34 30 102 99 95
35 30 46 45 42
33 31 146 140 132
34 31 47 45 43
