29 0 178 181 179
28 1 170 172 170
29 1 184 186 184
30 1 189 191 189
27 2 171 169 166
28 2 181 176 173
29 2 186 184 181
30 2 191 192 190
31 2 189 190 188
26 3 169 169 167
27 3 181 170 168
28 3 195 167 164
29 3 194 174 173
30 3 191 187 185
31 3 193 194 192
32 3 186 186 184
25 4 171 169 167
26 4 177 171 169
27 4 187 173 171
28 4 200 146 144
29 4 202 150 149
30 4 198 172 170
31 4 197 191 190
32 4 195 195 193
33 4 186 186 183
24 5 173 171 169
25 5 176 166 164
26 5 190 159 157
27 5 193 154 154
28 5 198 148 150
29 5 203 127 125
30 5 202 150 148
31 5 196 181 178
32 5 195 196 194
33 5 194 195 193
34 5 181 181 179
23 6 167 166 164
24 6 174 165 163
25 6 188 161 160
26 6 193 153 154
27 6 196 141 142
28 6 196 159 158
29 6 195 172 170
30 6 194 182 180
31 6 193 191 188
32 6 193 195 192
33 6 199 201 199
34 6 193 194 192
35 6 178 178 175
22 7 174 173 171
23 7 171 162 160
24 7 184 159 158
25 7 191 147 148
26 7 190 158 159
27 7 188 170 170
28 7 186 179 177
29 7 185 185 182
30 7 188 190 187
31 7 190 192 189
32 7 192 194 192
33 7 195 197 194
34 7 201 203 200
35 7 194 195 192
36 7 172 171 169
37 7 162 162 161
21 8 169 165 163
22 8 169 159 157
23 8 181 155 154
24 8 188 136 135
25 8 188 155 155
26 8 183 170 168
27 8 179 178 176
28 8 180 182 179
29 8 184 186 183
30 8 188 190 187
31 8 190 192 189
32 8 193 194 191
33 8 196 198 194
34 8 198 199 195
35 8 200 199 194
36 8 187 183 177
37 8 167 166 163
38 8 161 160 159
20 9 168 166 163
21 9 166 157 155
22 9 178 154 152
23 9 182 152 151
24 9 183 155 154
25 9 177 166 164
26 9 160 160 158
27 9 151 153 150
28 9 172 175 172
29 9 185 187 184
30 9 188 190 187
31 9 190 192 189
32 9 193 195 191
33 9 195 196 193
34 9 196 195 190
35 9 198 193 185
36 9 197 193 185
37 9 191 189 185
38 9 171 170 168
39 9 159 158 157
19 10 171 167 164
20 10 164 153 150
21 10 175 145 142
22 10 182 129 128
23 10 181 152 152
24 10 174 165 164
25 10 148 148 145
26 10 92 94 92
27 10 92 95 93
28 10 163 166 163
29 10 185 187 184
30 10 189 190 187
31 10 192 193 190
32 10 193 195 191
33 10 195 194 190
34 10 198 195 188
35 10 197 194 188
36 10 191 190 186
37 10 195 194 191
38 10 191 191 188
39 10 170 170 167
40 10 159 157 156
18 11 169 163 159
19 11 162 149 146
20 11 171 141 138
21 11 178 103 100
22 11 181 120 119
23 11 178 160 158
24 11 162 160 158
25 11 103 105 103
26 11 27 28 27
27 11 109 112 110
28 11 171 174 171
29 11 186 188 185
30 11 189 191 187
31 11 192 193 190
32 11 193 192 188
33 11 197 194 188
34 11 194 191 186
35 11 176 175 172
36 11 168 169 166
37 11 179 179 177
38 11 194 194 192
39 11 189 189 187
40 11 173 172 170
41 11 158 156 154
17 12 162 158 152
18 12 159 151 146
19 12 168 144 140
20 12 175 115 113
21 12 178 89 88
22 12 178 138 137
23 12 172 168 166
24 12 151 153 150
25 12 81 83 81
26 12 97 99 97
27 12 159 161 158
28 12 181 183 180
29 12 187 189 186
30 12 189 191 187
31 12 191 190 186
32 12 196 193 186
33 12 191 188 184
34 12 156 156 154
35 12 94 95 93
36 12 76 77 76
37 12 125 126 124
38 12 178 179 176
39 12 191 192 190
40 12 190 190 188
41 12 180 180 177
42 12 158 155 153
17 13 154 149 142
18 13 157 151 145
19 13 170 138 133
20 13 175 109 107
21 13 176 113 112
22 13 176 157 155
23 13 171 172 169
24 13 161 163 160
25 13 145 148 145
26 13 162 164 161
27 13 180 182 179
28 13 185 187 183
29 13 188 189 185
30 13 188 188 184
31 13 194 191 185
32 13 192 190 185
33 13 164 164 162
34 13 78 80 78
35 13 5 5 5
36 13 9 9 9
37 13 93 94 92
38 13 171 172 170
39 13 185 186 183
40 13 189 190 187
41 13 191 192 189
42 13 175 174 172
17 14 148 144 138
18 14 155 151 146
19 14 166 147 143
20 14 176 122 119
21 14 176 135 133
22 14 173 167 164
23 14 173 174 171
24 14 175 176 173
25 14 176 178 175
26 14 179 181 177
27 14 183 185 181
28 14 186 187 183
29 14 187 187 182
30 14 191 188 182
31 14 193 190 185
32 14 184 184 181
33 14 156 157 155
34 14 62 63 63
35 14 3 3 3
36 14 43 43 42
37 14 137 138 135
38 14 178 179 176
39 14 185 185 183
40 14 184 184 182
41 14 185 186 183
42 14 189 189 187
43 14 186 185 182
18 15 154 152 147
19 15 163 157 153
20 15 173 144 141
21 15 175 151 148
22 15 172 170 167
23 15 174 175 172
24 15 176 178 174
25 15 178 180 176
26 15 181 183 179
27 15 184 185 181
28 15 185 185 180
29 15 190 187 181
30 15 191 188 182
31 15 184 184 180
32 15 181 181 178
33 15 169 169 167
34 15 131 131 130
35 15 95 96 93
36 15 133 134 131
37 15 168 168 166
38 15 180 180 178
39 15 182 182 180
40 15 183 184 181
41 15 182 182 180
42 15 185 185 183
43 15 187 187 185
44 15 181 180 178
18 16 157 155 150
19 16 160 159 154
20 16 169 160 157
21 16 172 164 161
22 16 173 174 170
23 16 175 177 173
24 16 177 179 175
25 16 180 181 177
26 16 181 182 179
27 16 184 183 178
28 16 190 185 179
29 16 190 187 181
30 16 182 181 178
31 16 181 181 178
32 16 181 181 178
33 16 178 178 176
34 16 171 171 169
35 16 168 169 166
36 16 174 175 172
37 16 178 178 175
38 16 180 181 178
39 16 179 179 176
40 16 179 180 177
41 16 180 180 178
42 16 180 180 178
43 16 180 181 178
44 16 184 184 182
45 16 189 189 186
18 17 165 163 158
19 17 157 156 151
20 17 167 166 162
21 17 170 170 167
22 17 173 174 171
23 17 176 177 173
24 17 178 179 176
25 17 180 181 177
26 17 181 180 175
27 17 188 183 177
28 17 188 184 179
29 17 181 179 175
30 17 180 180 176
31 17 179 178 175
32 17 179 178 175
33 17 179 179 175
34 17 178 178 175
35 17 177 178 174
36 17 177 177 174
37 17 178 178 175
38 17 178 178 175
39 17 177 177 174
40 17 177 178 175
41 17 178 178 175
42 17 176 177 174
43 17 177 177 174
44 17 175 175 173
45 17 182 183 180
46 17 184 185 183
19 18 162 160 155
20 18 165 165 161
21 18 172 172 168
22 18 175 175 171
23 18 176 177 173
24 18 179 179 175
25 18 181 179 174
26 18 186 181 174
27 18 187 183 177
28 18 178 177 172
29 18 178 178 174
30 18 177 177 173
31 18 177 177 174
32 18 176 176 173
33 18 177 177 174
34 18 176 176 173
35 18 175 176 172
36 18 175 176 172
37 18 175 175 172
38 18 175 175 172
39 18 174 175 172
40 18 174 175 171
41 18 175 175 172
42 18 174 174 171
43 18 175 175 172
44 18 174 175 172
45 18 175 176 173
46 18 178 180 178
47 18 184 186 185
19 19 170 169 163
20 19 163 162 157
21 19 172 172 167
22 19 175 175 171
23 19 177 177 173
24 19 178 177 172
25 19 183 178 171
26 19 186 181 175
27 19 177 175 171
28 19 175 174 170
29 19 175 175 171
30 19 175 174 171
31 19 174 174 170
32 19 175 174 171
33 19 175 174 171
34 19 173 173 170
35 19 173 173 170
36 19 173 173 170
37 19 172 173 169
38 19 173 173 170
39 19 172 172 169
40 19 171 172 168
41 19 172 172 169
42 19 172 172 169
43 19 171 172 168
44 19 173 174 171
45 19 173 175 173
46 19 160 162 161
47 19 171 173 173
20 20 168 166 161
21 20 170 169 164
22 20 174 174 170
23 20 176 175 169
24 20 181 175 168
25 20 183 177 171
26 20 176 174 170
27 20 174 173 169
28 20 173 173 169
29 20 173 173 169
30 20 173 173 169
31 20 173 172 169
32 20 172 172 169
33 20 173 173 170
34 20 172 172 169
35 20 171 171 168
36 20 171 171 168
37 20 170 171 168
38 20 171 170 168
39 20 170 171 167
40 20 170 170 167
41 20 169 169 166
42 20 170 170 167
43 20 171 171 168
44 20 171 173 170
45 20 161 162 161
46 20 114 116 114
20 21 174 171 164
21 21 166 164 157
22 21 172 169 163
23 21 179 171 163
24 21 182 176 168
25 21 174 171 166
26 21 173 171 167
27 21 172 171 167
28 21 172 171 167
29 21 170 170 166
30 21 170 169 166
31 21 170 169 166
32 21 169 169 166
33 21 170 169 166
34 21 169 169 166
35 21 169 169 166
36 21 168 168 165
37 21 168 167 164
38 21 168 168 165
39 21 167 167 164
40 21 167 167 164
41 21 168 168 165
42 21 168 169 165
43 21 170 171 169
44 21 157 159 157
45 21 75 76 75
21 22 166 157 148
22 22 171 159 148
23 22 179 169 160
24 22 172 168 163
25 22 171 169 165
26 22 171 169 166
27 22 171 169 165
28 22 170 169 164
29 22 168 168 164
30 22 167 167 163
31 22 167 167 164
32 22 168 167 164
33 22 167 166 163
34 22 167 167 164
35 22 167 167 164
36 22 166 166 163
37 22 166 165 162
38 22 165 164 161
39 22 166 166 163
40 22 166 165 162
41 22 167 167 164
42 22 168 168 166
43 22 154 155 153
44 22 63 64 63
22 23 169 153 141
23 23 167 158 150
24 23 166 162 157
25 23 167 165 161
26 23 168 166 163
27 23 168 166 162
28 23 168 167 163
29 23 166 166 162
30 23 165 165 161
31 23 165 165 161
32 23 165 165 161
33 23 164 164 160
34 23 165 165 162
35 23 164 164 161
36 23 163 162 159
37 23 164 163 160
38 23 163 162 159
39 23 163 163 159
40 23 164 164 160
41 23 166 167 164
42 23 151 152 150
43 23 64 65 64
23 24 165 157 149
24 24 165 160 153
25 24 163 160 155
26 24 165 163 158
27 24 166 164 160
28 24 166 164 160
29 24 164 163 159
30 24 163 163 158
31 24 163 162 158
32 24 163 162 159
33 24 159 159 156
34 24 150 150 147
35 24 143 144 141
36 24 148 148 144
37 24 159 159 155
38 24 162 161 158
39 24 163 162 158
40 24 164 164 161
41 24 150 151 148
42 24 61 62 60
24 25 169 163 156
25 25 166 162 155
26 25 162 158 153
27 25 163 160 156
28 25 163 161 157
29 25 163 161 157
30 25 161 160 156
31 25 160 159 155
32 25 156 156 152
33 25 126 127 124
34 25 78 78 77
35 25 64 65 63
36 25 102 103 100
37 25 150 150 146
38 25 160 159 155
39 25 163 163 159
40 25 144 144 142
41 25 63 64 62
26 26 160 155 149
27 26 162 158 152
28 26 159 156 151
29 26 160 158 154
30 26 159 158 154
31 26 157 156 152
32 26 139 139 135
33 26 63 64 62
34 26 9 10 9
35 26 13 13 13
36 26 96 96 93
37 26 150 150 146
38 26 158 158 155
39 26 143 143 140
40 26 60 60 58
27 27 167 161 155
28 27 160 155 149
29 27 157 153 148
30 27 154 152 147
31 27 155 153 149
32 27 132 131 127
33 27 53 53 51
34 27 29 28 27
35 27 59 57 55
36 27 122 121 117
37 27 153 153 149
38 27 135 135 132
39 27 60 60 58
29 28 153 147 141
30 28 155 150 144
31 28 148 145 139
32 28 140 138 133
33 28 111 109 104
34 28 115 112 107
35 28 128 126 121
36 28 145 144 139
37 28 131 130 126
38 28 57 56 54
30 29 157 151 143
31 29 151 146 138
32 29 146 141 135
33 29 142 138 132
34 29 144 141 135
35 29 146 144 138
36 29 128 126 121
37 29 55 54 51
32 30 139 132 125
33 30 143 137 129
34 30 139 134 127
35 30 122 119 113
36 30 53 51 48
33 31 141 133 125
34 31 125 117 110
35 31 45 42 39
