32 0 184 180 173
33 0 181 173 163
34 0 173 164 152
30 1 185 186 183
31 1 191 191 188
32 1 192 191 187
33 1 191 187 180
34 1 188 181 172
29 2 189 190 188
30 2 192 193 190
31 2 191 191 189
32 2 187 188 185
33 2 191 190 186
34 2 193 189 183
35 2 190 183 175
27 3 187 188 185
28 3 190 191 189
29 3 190 191 189
30 3 181 182 180
31 3 154 155 153
32 3 127 128 126
33 3 164 166 163
34 3 193 192 189
35 3 196 190 185
36 3 195 184 177
25 4 186 187 185
26 4 189 190 187
27 4 191 191 189
28 4 192 193 191
29 4 181 182 179
30 4 126 128 125
31 4 44 45 44
32 4 19 20 19
33 4 98 99 97
34 4 180 180 178
35 4 197 195 192
36 4 197 190 184
37 4 196 184 176
23 5 183 183 181
24 5 187 188 186
25 5 190 190 188
26 5 192 192 190
27 5 192 192 190
28 5 192 193 190
29 5 182 183 181
30 5 119 120 118
31 5 15 15 14
32 5 51 52 50
33 5 128 129 127
34 5 182 182 180
35 5 197 197 194
36 5 198 195 191
37 5 197 190 184
38 5 196 181 171
22 6 184 185 183
23 6 187 188 185
24 6 190 191 188
25 6 191 192 189
26 6 191 192 189
27 6 192 192 190
28 6 192 192 190
29 6 189 190 188
30 6 169 170 167
31 6 131 132 129
32 6 159 160 157
33 6 184 184 182
34 6 194 194 192
35 6 197 197 195
36 6 198 197 194
37 6 198 194 189
38 6 197 188 181
20 7 182 183 181
21 7 184 186 183
22 7 184 185 183
23 7 185 186 184
24 7 188 189 186
25 7 190 191 188
26 7 191 191 189
27 7 191 192 189
28 7 191 192 189
29 7 191 191 189
30 7 190 191 188
31 7 186 187 184
32 7 190 191 188
33 7 194 194 192
34 7 196 196 194
35 7 198 197 195
36 7 198 198 195
37 7 199 197 194
38 7 198 193 188
39 7 197 187 180
18 8 177 180 178
19 8 183 185 183
20 8 183 185 183
21 8 174 176 174
22 8 150 152 149
23 8 146 148 146
24 8 165 166 164
25 8 186 187 184
26 8 189 190 187
27 8 190 191 188
28 8 189 189 187
29 8 186 187 184
30 8 188 189 187
31 8 190 191 188
32 8 193 193 191
33 8 195 195 193
34 8 196 196 194
35 8 197 197 194
36 8 198 198 195
37 8 198 198 195
38 8 199 197 193
39 8 199 192 187
40 8 198 187 181
17 9 172 175 173
18 9 182 184 183
19 9 186 188 186
20 9 174 176 173
21 9 113 115 113
22 9 44 45 44
23 9 41 43 42
24 9 111 113 111
25 9 177 178 175
26 9 189 189 187
27 9 186 187 184
28 9 167 168 166
29 9 138 139 136
30 9 144 146 145
31 9 169 170 168
32 9 191 192 190
33 9 194 195 192
34 9 195 196 193
35 9 195 195 193
36 9 192 192 190
37 9 189 189 187
38 9 194 193 191
39 9 197 194 190
40 9 198 191 186
41 9 197 184 176
17 10 184 188 188
18 10 184 188 187
19 10 186 188 186
20 10 160 161 159
21 10 70 72 70
22 10 3 3 3
23 10 37 38 38
24 10 131 133 132
25 10 179 180 178
26 10 186 187 184
27 10 166 167 164
28 10 99 99 97
29 10 22 23 22
30 10 27 28 28
31 10 109 111 109
32 10 181 182 180
33 10 194 194 192
34 10 193 194 191
35 10 179 180 177
36 10 144 144 141
37 10 129 130 128
38 10 154 155 153
39 10 181 179 177
40 10 196 191 187
41 10 198 189 183
18 11 186 189 189
19 11 186 189 187
20 11 165 167 164
21 11 118 118 116
22 11 95 95 93
23 11 123 125 123
24 11 167 168 167
25 11 184 185 183
26 11 186 186 184
27 11 163 164 161
28 11 74 74 72
29 11 3 3 3
30 11 33 33 32
31 11 118 119 117
32 11 179 180 177
33 11 193 193 191
34 11 188 189 186
35 11 143 144 141
36 11 44 44 42
37 11 20 21 20
38 11 62 62 61
39 11 155 154 153
40 11 194 192 189
41 11 198 192 186
42 11 196 185 178
19 12 188 190 189
20 12 186 187 185
21 12 177 177 174
22 12 172 172 169
23 12 175 175 172
24 12 182 183 180
25 12 186 186 184
26 12 185 185 183
27 12 170 170 167
28 12 128 129 126
29 12 90 89 86
30 12 114 113 110
31 12 163 164 161
32 12 188 188 186
33 12 192 192 190
34 12 184 184 181
35 12 119 119 116
36 12 16 16 15
37 12 11 11 10
38 12 56 56 56
39 12 159 158 156
40 12 194 193 190
41 12 199 195 190
42 12 196 187 180
43 12 188 172 162
19 13 188 190 190
20 13 189 190 188
21 13 187 187 184
22 13 185 185 181
23 13 184 183 180
24 13 186 185 182
25 13 185 185 182
26 13 185 185 182
27 13 183 183 181
28 13 177 177 175
29 13 172 172 169
30 13 173 173 170
31 13 184 184 182
32 13 191 190 187
33 13 192 191 189
34 13 189 189 186
35 13 161 160 157
36 13 100 100 97
37 13 99 99 96
38 13 128 127 125
39 13 179 179 176
40 13 196 194 191
41 13 197 192 188
42 13 188 179 172
43 13 179 167 157
20 14 189 191 189
21 14 190 190 188
22 14 187 186 183
23 14 185 184 181
24 14 185 185 182
25 14 186 186 183
26 14 184 184 181
27 14 184 184 182
28 14 185 185 183
29 14 186 186 183
30 14 187 187 184
31 14 189 189 187
32 14 191 191 188
33 14 193 192 189
34 14 192 192 189
35 14 188 188 184
36 14 180 179 175
37 14 178 177 174
38 14 184 183 180
39 14 192 191 187
40 14 191 188 184
41 14 173 168 163
42 14 150 143 137
43 14 171 165 157
20 15 189 190 189
21 15 189 190 188
22 15 188 188 185
23 15 186 185 182
24 15 184 184 181
25 15 182 182 179
26 15 175 176 173
27 15 170 170 167
28 15 167 168 166
29 15 179 180 177
30 15 187 187 184
31 15 189 188 186
32 15 190 189 186
33 15 192 191 188
34 15 192 191 188
35 15 194 193 189
36 15 194 193 189
37 15 193 192 188
38 15 191 189 186
39 15 179 175 171
40 15 140 136 130
41 15 100 96 91
42 15 126 122 116
43 15 162 157 150
44 15 179 174 166
21 16 189 190 188
22 16 190 190 188
23 16 188 187 184
24 16 185 184 181
25 16 174 173 170
26 16 137 137 133
27 16 103 103 100
28 16 86 86 84
29 16 146 147 145
30 16 183 183 180
31 16 189 188 184
32 16 190 189 185
33 16 192 191 187
34 16 192 191 187
35 16 193 192 188
36 16 194 192 188
37 16 186 184 180
38 16 156 153 148
39 16 84 82 77
40 16 34 33 30
41 16 44 43 41
42 16 107 104 99
43 16 148 144 137
44 16 178 173 166
21 17 187 188 187
22 17 188 189 187
23 17 188 187 185
24 17 182 182 178
25 17 152 152 148
26 17 67 67 64
27 17 16 16 16
28 17 10 10 10
29 17 102 102 99
30 17 176 175 171
31 17 188 186 183
32 17 190 188 184
33 17 191 189 185
34 17 192 190 186
35 17 189 187 183
36 17 173 171 167
37 17 138 136 131
38 17 67 66 62
39 17 12 12 11
40 17 30 30 29
41 17 82 81 78
42 17 114 111 106
43 17 143 139 133
44 17 174 170 163
22 18 186 187 185
23 18 186 186 183
24 18 181 181 177
25 18 148 147 144
26 18 52 51 49
27 18 7 7 7
28 18 23 23 22
29 18 127 127 124
30 18 179 178 174
31 18 188 186 181
32 18 189 187 182
33 18 190 189 185
34 18 184 183 179
35 18 153 152 148
36 18 134 133 130
37 18 108 107 104
38 18 63 63 60
39 18 65 65 63
40 18 95 94 91
41 18 114 113 108
42 18 118 115 110
43 18 135 131 125
44 18 165 160 154
22 19 182 182 179
23 19 184 184 180
24 19 182 181 177
25 19 168 166 162
26 19 127 125 121
27 19 86 84 80
28 19 113 111 106
29 19 164 162 157
30 19 184 182 177
31 19 187 186 182
32 19 183 182 179
33 19 164 163 159
34 19 133 133 129
35 19 127 127 123
36 19 126 126 123
37 19 119 119 116
38 19 109 109 106
39 19 113 113 109
40 19 118 118 113
41 19 118 117 112
42 19 114 112 107
43 19 126 123 117
44 19 157 153 147
23 20 181 180 176
24 20 184 182 178
25 20 182 180 175
26 20 173 170 166
27 20 166 163 158
28 20 175 173 168
29 20 184 182 177
30 20 183 182 179
31 20 168 168 165
32 20 136 136 132
33 20 129 129 125
34 20 129 129 126
35 20 127 127 123
36 20 128 127 124
37 20 125 124 121
38 20 122 122 118
39 20 122 122 118
40 20 120 119 115
41 20 109 107 103
42 20 98 96 92
43 20 111 109 105
44 20 141 136 131
45 20 161 156 150
24 21 181 179 175
25 21 184 182 178
26 21 183 181 176
27 21 182 180 175
28 21 183 182 178
29 21 174 174 171
30 21 132 133 130
31 21 92 93 90
32 21 102 103 101
33 21 127 127 124
34 21 126 126 123
35 21 126 125 122
36 21 125 124 121
37 21 123 123 120
38 21 121 121 117
39 21 117 117 113
40 21 98 97 93
41 21 63 62 58
42 21 50 49 47
43 21 92 91 87
44 21 129 122 115
45 21 158 148 140
24 22 177 175 172
25 22 180 178 174
26 22 184 183 179
27 22 180 180 177
28 22 148 150 147
29 22 86 87 85
30 22 29 29 27
31 22 32 33 32
32 22 98 100 98
33 22 121 122 119
34 22 126 126 123
35 22 124 123 120
36 22 124 124 121
37 22 122 122 119
38 22 117 117 113
39 22 103 102 99
40 22 53 52 49
41 22 22 22 21
42 22 63 61 58
43 22 99 94 89
44 22 111 99 92
45 22 153 139 130
25 23 166 166 163
26 23 161 162 159
27 23 131 132 129
28 23 78 79 77
29 23 18 18 18
30 23 36 38 38
31 23 88 90 89
32 23 118 119 117
33 23 126 126 123
34 23 124 123 121
35 23 124 124 121
36 23 121 121 117
37 23 119 119 116
38 23 117 117 114
39 23 87 86 83
40 23 57 55 54
41 23 70 67 63
42 23 76 71 67
43 23 79 73 68
44 23 58 51 46
25 24 63 63 62
26 24 141 142 139
27 24 123 125 122
28 24 85 88 86
29 24 88 90 89
30 24 103 105 104
31 24 120 122 119
32 24 123 124 121
33 24 123 124 121
34 24 121 121 118
35 24 122 122 119
36 24 119 119 116
37 24 118 117 114
38 24 116 115 113
39 24 108 105 102
40 24 93 89 85
41 24 85 80 76
42 24 49 45 42
26 25 130 131 129
27 25 134 136 133
28 25 122 123 121
29 25 121 123 120
30 25 124 125 123
31 25 123 123 121
32 25 119 120 117
33 25 113 113 110
34 25 110 110 108
35 25 117 117 114
36 25 118 118 115
37 25 116 114 111
38 25 113 109 105
39 25 99 95 90
40 25 99 92 87
27 26 145 147 144
28 26 127 128 125
29 26 125 126 123
30 26 123 124 121
31 26 110 110 107
32 26 81 81 79
33 26 59 59 58
34 26 84 85 83
35 26 114 113 110
36 26 113 111 107
37 26 104 100 96
38 26 92 87 83
39 26 61 56 52
27 27 65 66 64
28 27 139 139 137
29 27 124 125 122
30 27 111 112 109
31 27 59 59 57
32 27 23 23 22
33 27 48 49 49
34 27 100 99 96
35 27 107 104 100
36 27 107 103 98
37 27 62 59 55
28 28 118 119 116
29 28 124 125 122
30 28 94 94 92
31 28 57 58 57
32 28 68 68 66
33 28 89 88 84
34 28 94 91 88
35 28 113 107 101
28 29 64 65 63
29 29 133 133 131
30 29 111 111 108
31 29 103 102 98
32 29 85 83 79
33 29 84 81 77
34 29 57 54 50
29 30 102 101 99
30 30 113 110 105
31 30 103 99 93
32 30 59 56 53
30 31 125 118 109
