30 0 153 141 135
29 1 162 154 148
30 1 164 155 148
31 1 173 167 162
28 2 135 127 124
29 2 164 157 149
30 2 173 167 160
31 2 176 171 166
32 2 178 174 169
33 2 178 174 170
28 3 137 129 123
29 3 176 171 164
30 3 179 175 169
31 3 179 176 170
32 3 177 174 168
33 3 177 174 169
34 3 180 177 174
35 3 183 180 178
27 4 58 54 53
28 4 163 157 150
29 4 184 180 174
30 4 185 182 177
31 4 183 180 175
32 4 181 178 173
33 4 178 176 171
34 4 179 177 173
35 4 181 180 177
36 4 182 181 179
26 5 61 56 55
27 5 110 105 101
28 5 181 176 170
29 5 189 187 182
30 5 189 187 182
31 5 187 186 181
32 5 184 183 178
33 5 182 181 176
34 5 181 180 175
35 5 180 179 176
36 5 181 181 177
37 5 181 180 178
38 5 180 180 179
26 6 59 51 50
27 6 155 149 144
28 6 189 186 181
29 6 191 190 186
30 6 190 189 185
31 6 190 189 185
32 6 188 188 184
33 6 187 187 183
34 6 184 184 180
35 6 183 182 179
36 6 181 181 177
37 6 180 180 177
38 6 180 180 178
39 6 180 181 179
25 7 59 57 56
26 7 103 95 90
27 7 180 174 168
28 7 190 188 184
29 7 179 178 174
30 7 170 169 165
31 7 179 179 175
32 7 188 187 184
33 7 189 189 186
34 7 184 184 181
35 7 178 178 175
36 7 180 181 177
37 7 183 183 179
38 7 180 180 177
39 7 178 178 175
40 7 176 176 174
41 7 176 177 176
25 8 57 53 51
26 8 138 128 119
27 8 191 183 175
28 8 193 190 186
29 8 169 168 165
30 8 92 92 90
31 8 102 102 98
32 8 162 162 158
33 8 188 188 185
34 8 179 179 176
35 8 135 136 133
36 8 141 141 138
37 8 172 172 169
38 8 180 180 178
39 8 170 171 168
40 8 155 156 154
41 8 164 166 164
42 8 172 173 172
43 8 175 177 175
24 9 62 56 55
25 9 83 79 76
26 9 145 138 128
27 9 184 178 172
28 9 197 192 187
29 9 189 185 181
30 9 144 142 139
31 9 60 61 59
32 9 95 96 93
33 9 171 171 168
34 9 185 186 183
35 9 150 151 148
36 9 78 79 77
37 9 109 110 107
38 9 166 167 164
39 9 170 171 169
40 9 118 120 118
41 9 106 108 106
42 9 153 155 153
43 9 172 174 172
44 9 171 173 171
23 10 59 56 55
24 10 55 49 47
25 10 114 108 102
26 10 121 118 111
27 10 122 121 116
28 10 169 168 165
29 10 189 187 183
30 10 191 188 184
31 10 167 164 160
32 10 141 141 138
33 10 169 169 166
34 10 193 193 190
35 10 188 189 186
36 10 161 162 160
37 10 120 121 119
38 10 155 156 154
39 10 184 185 183
40 10 166 167 165
41 10 113 114 113
42 10 111 113 111
43 10 164 166 164
44 10 173 175 173
23 11 57 54 53
24 11 96 90 86
25 11 130 125 119
26 11 109 108 104
27 11 95 96 93
28 11 95 96 93
29 11 127 128 125
30 11 173 172 169
31 11 195 193 189
32 11 194 192 188
33 11 195 194 190
34 11 197 197 194
35 11 196 196 194
36 11 193 193 191
37 11 185 186 183
38 11 184 185 183
39 11 190 191 189
40 11 188 189 187
41 11 177 178 176
42 11 162 164 162
43 11 169 171 169
44 11 175 176 175
45 11 173 173 171
22 12 55 47 46
23 12 75 71 69
24 12 118 114 108
25 12 104 104 101
26 12 67 67 66
27 12 40 41 40
28 12 28 29 28
29 12 63 64 62
30 12 103 103 101
31 12 147 148 145
32 12 185 185 181
33 12 198 196 192
34 12 201 199 195
35 12 200 199 196
36 12 198 198 195
37 12 197 197 195
38 12 195 195 192
39 12 195 195 193
40 12 193 193 191
41 12 192 192 190
42 12 188 190 187
43 12 185 186 184
44 12 184 185 183
21 13 56 54 53
22 13 55 51 50
23 13 108 104 99
24 13 124 121 116
25 13 93 93 91
26 13 28 28 28
27 13 1 1 1
28 13 1 1 1
29 13 16 16 16
30 13 80 80 78
31 13 110 111 108
32 13 123 124 121
33 13 166 167 164
34 13 190 189 185
35 13 200 198 195
36 13 200 198 195
37 13 199 198 195
38 13 198 197 195
39 13 197 197 194
40 13 195 195 193
41 13 194 194 191
42 13 193 193 191
43 13 191 191 189
44 13 189 189 187
21 14 56 53 51
22 14 89 82 78
23 14 122 118 112
24 14 112 111 108
25 14 96 96 94
26 14 44 45 44
27 14 10 10 10
28 14 1 1 1
29 14 19 20 19
30 14 81 82 80
31 14 111 111 109
32 14 110 110 108
33 14 115 116 113
34 14 131 132 128
35 14 173 173 170
36 14 195 194 190
37 14 200 198 194
38 14 199 199 195
39 14 198 198 195
40 14 198 198 195
41 14 196 196 194
42 14 195 196 193
43 14 194 194 192
44 14 192 193 190
20 15 53 50 48
21 15 55 52 50
22 15 111 107 101
23 15 113 111 106
24 15 107 107 104
25 15 104 104 102
26 15 85 85 84
27 15 57 57 56
28 15 35 35 34
29 15 65 66 63
30 15 93 94 91
31 15 110 110 107
32 15 111 111 108
33 15 111 111 109
34 15 114 114 111
35 15 115 115 112
36 15 148 149 146
37 15 182 182 179
38 15 197 195 191
39 15 199 198 194
40 15 199 199 196
41 15 198 198 196
42 15 198 198 195
43 15 196 197 194
44 15 194 195 192
20 16 51 48 46
21 16 100 94 89
22 16 117 113 107
23 16 110 109 105
24 16 106 106 103
25 16 106 106 103
26 16 101 102 99
27 16 94 94 92
28 16 94 94 92
29 16 97 98 95
30 16 107 107 104
31 16 108 109 106
32 16 112 113 110
33 16 110 110 107
34 16 113 114 111
35 16 110 111 108
36 16 112 113 110
37 16 119 120 117
38 16 156 157 154
39 16 189 187 184
40 16 199 197 193
41 16 199 198 194
42 16 199 199 196
43 16 198 198 195
44 16 196 197 194
19 17 53 50 49
20 17 59 56 52
21 17 110 105 99
22 17 107 105 100
23 17 102 102 98
24 17 104 104 100
25 17 105 105 101
26 17 104 104 101
27 17 103 103 100
28 17 102 102 99
29 17 105 106 102
30 17 105 106 103
31 17 106 107 104
32 17 109 110 107
33 17 111 111 109
34 17 109 109 106
35 17 114 115 112
36 17 109 110 107
37 17 111 112 109
38 17 113 114 111
39 17 124 125 122
40 17 169 169 166
41 17 193 192 188
42 17 198 196 192
43 17 198 197 193
44 17 196 196 193
19 18 52 50 47
20 18 101 96 90
21 18 113 109 104
22 18 103 102 98
23 18 101 100 96
24 18 101 101 97
25 18 103 102 99
26 18 102 102 99
27 18 102 102 99
28 18 102 102 99
29 18 101 102 98
30 18 105 106 102
31 18 103 104 101
32 18 106 107 104
33 18 109 109 106
34 18 109 109 106
35 18 109 110 106
36 18 113 114 110
37 18 108 109 105
38 18 108 108 105
39 18 109 110 107
40 18 116 117 114
41 18 144 145 142
42 18 179 179 176
43 18 192 191 186
44 18 192 189 184
18 19 52 49 47
19 19 81 75 70
20 19 110 105 98
21 19 105 103 98
22 19 99 98 94
23 19 98 98 94
24 19 102 101 98
25 19 100 100 97
26 19 101 101 98
27 19 101 101 98
28 19 101 101 98
29 19 103 103 100
30 19 101 102 98
31 19 105 105 102
32 19 103 104 101
33 19 106 106 103
34 19 105 105 102
35 19 107 107 104
36 19 108 109 105
37 19 105 105 102
38 19 107 107 104
39 19 109 109 106
40 19 109 110 107
41 19 117 118 115
42 19 122 124 122
43 19 151 154 153
44 19 186 188 186
18 20 54 50 45
19 20 102 96 89
20 20 104 101 97
21 20 100 98 94
22 20 98 97 93
23 20 100 99 95
24 20 100 99 96
25 20 99 99 96
26 20 101 101 98
27 20 102 101 98
28 20 102 102 99
29 20 102 102 99
30 20 104 104 101
31 20 103 104 101
32 20 101 101 98
33 20 105 105 103
34 20 103 103 100
35 20 104 104 101
36 20 104 105 102
37 20 105 106 102
38 20 105 106 102
39 20 109 110 106
40 20 111 111 108
41 20 112 113 111
42 20 133 136 135
43 20 108 111 111
17 21 49 47 45
18 21 98 88 80
19 21 106 100 93
20 21 100 97 93
21 21 98 96 93
22 21 97 95 92
23 21 99 98 94
24 21 97 97 93
25 21 100 99 96
26 21 98 98 95
27 21 99 99 96
28 21 100 100 97
29 21 101 101 98
30 21 100 100 97
31 21 102 102 99
32 21 103 103 100
33 21 102 102 99
34 21 105 105 102
35 21 101 101 98
36 21 104 104 100
37 21 103 103 100
38 21 105 105 101
39 21 106 106 103
40 21 112 112 110
41 21 133 135 134
42 21 95 98 97
43 21 63 65 65
17 22 100 80 69
18 22 101 88 78
19 22 95 89 83
20 22 95 93 89
21 22 95 93 89
22 22 97 95 92
23 22 97 96 92
24 22 96 95 91
25 22 96 96 92
26 22 96 95 92
27 22 98 97 95
28 22 97 96 93
29 22 98 98 95
30 22 98 98 95
31 22 98 98 96
32 22 101 101 98
33 22 101 101 98
34 22 102 101 99
35 22 102 102 98
36 22 102 101 99
37 22 104 103 100
38 22 103 103 100
39 22 107 107 105
40 22 133 135 133
41 22 103 106 105
42 22 64 66 65
18 23 102 88 79
19 23 95 89 82
20 23 93 89 84
21 23 93 90 86
22 23 94 92 88
23 23 94 93 89
24 23 94 93 90
25 23 95 95 91
26 23 94 93 90
27 23 95 95 92
28 23 95 94 91
29 23 97 97 94
30 23 95 95 92
31 23 97 97 94
32 23 96 96 93
33 23 98 97 95
34 23 99 99 96
35 23 100 99 97
36 23 101 100 97
37 23 104 104 101
38 23 105 105 102
39 23 124 125 123
40 23 114 116 115
41 23 64 66 64
20 24 103 97 91
21 24 93 89 84
22 24 92 90 86
23 24 92 90 86
24 24 94 93 89
25 24 94 93 89
26 24 94 93 89
27 24 95 95 90
28 24 94 94 90
29 24 93 93 90
30 24 90 90 88
31 24 85 86 83
32 24 85 85 83
33 24 89 89 86
34 24 95 94 91
35 24 98 97 94
36 24 98 98 95
37 24 103 102 99
38 24 118 119 116
39 24 134 136 134
40 24 64 65 64
21 25 47 44 40
22 25 89 85 80
23 25 90 87 83
24 25 91 89 85
25 25 92 90 86
26 25 94 93 89
27 25 92 92 88
28 25 91 91 87
29 25 89 88 85
30 25 59 59 57
31 25 42 43 41
32 25 39 40 38
33 25 55 55 53
34 25 85 85 82
35 25 95 94 91
36 25 98 97 93
37 25 110 110 106
38 25 132 133 131
39 25 64 65 63
23 26 128 123 117
24 26 95 91 86
25 26 91 88 83
26 26 90 87 83
27 26 90 89 85
28 26 90 89 85
29 26 80 79 76
30 26 37 37 36
31 26 7 7 7
32 26 5 5 4
33 26 18 18 17
34 26 69 69 66
35 26 93 93 90
36 26 102 102 98
37 26 138 139 137
38 26 97 98 97
25 27 119 114 108
26 27 93 89 84
27 27 89 86 82
28 27 89 87 83
29 27 83 82 79
30 27 47 47 45
31 27 11 11 10
32 27 5 5 5
33 27 18 18 17
34 27 61 60 57
35 27 91 90 87
36 27 130 130 127
37 27 91 92 90
38 27 63 64 63
27 28 100 96 90
28 28 89 85 80
29 28 85 82 78
30 28 72 71 67
31 28 52 51 48
32 28 49 48 45
33 28 57 55 52
34 28 79 77 73
35 28 117 116 112
36 28 89 89 87
37 28 63 63 61
29 29 90 85 79
30 29 85 81 76
31 29 79 76 71
32 29 80 77 73
33 29 82 80 75
34 29 105 102 97
35 29 111 110 106
36 29 61 60 58
30 30 43 39 36
31 30 81 76 70
32 30 81 77 71
33 30 92 87 82
34 30 114 112 106
35 30 57 55 52
32 31 114 107 99
33 31 115 108 101
34 31 49 46 42
