29 0 185 189 187
30 0 188 192 190
31 0 191 194 192
29 1 193 195 194
30 1 194 196 194
31 1 195 196 194
32 1 194 196 194
33 1 192 194 192
28 2 191 194 191
29 2 196 196 194
30 2 202 194 191
31 2 203 191 189
32 2 198 195 193
33 2 195 195 193
34 2 193 194 192
35 2 191 192 190
27 3 192 194 192
28 3 195 196 195
29 3 199 196 194
30 3 204 187 184
31 3 210 168 166
32 3 207 177 176
33 3 201 189 187
34 3 197 194 192
35 3 195 195 193
36 3 194 195 194
26 4 190 193 191
27 4 194 196 194
28 4 199 196 194
29 4 203 187 185
30 4 205 181 179
31 4 206 178 178
32 4 210 157 156
33 4 210 160 159
34 4 206 176 175
35 4 203 187 186
36 4 198 193 191
37 4 196 195 193
38 4 192 193 191
26 5 195 196 194
27 5 197 196 194
28 5 202 190 188
29 5 206 168 167
30 5 207 160 160
31 5 207 164 165
32 5 207 156 158
33 5 209 150 151
34 5 210 136 135
35 5 210 148 146
36 5 207 174 172
37 5 200 190 188
38 5 194 195 192
39 5 193 195 192
40 5 191 194 191
25 6 194 196 194
26 6 197 197 195
27 6 199 194 192
28 6 204 178 177
29 6 207 157 157
30 6 206 171 173
31 6 206 168 170
32 6 206 158 159
33 6 207 165 165
34 6 205 172 171
35 6 204 180 178
36 6 202 186 184
37 6 199 192 189
38 6 194 195 192
39 6 194 196 194
40 6 194 197 194
41 6 192 195 192
42 6 190 192 189
24 7 192 193 192
25 7 196 196 194
26 7 199 193 191
27 7 201 182 180
28 7 204 159 158
29 7 205 144 144
30 7 207 162 163
31 7 205 172 173
32 7 202 180 180
33 7 199 188 187
34 7 196 191 189
35 7 194 194 192
36 7 194 195 193
37 7 194 196 193
38 7 193 195 192
39 7 193 195 193
40 7 193 195 193
41 7 194 196 193
42 7 194 196 193
43 7 193 195 192
23 8 189 191 189
24 8 194 195 193
25 8 197 194 192
26 8 199 181 179
27 8 202 162 160
28 8 202 165 165
29 8 202 154 154
30 8 204 162 162
31 8 199 185 184
32 8 195 190 188
33 8 192 192 190
34 8 189 191 188
35 8 189 192 189
36 8 192 195 192
37 8 193 195 192
38 8 193 195 192
39 8 194 196 193
40 8 194 196 193
41 8 194 196 193
42 8 194 196 193
43 8 194 195 192
44 8 193 194 190
45 8 189 186 180
23 9 192 193 190
24 9 196 194 191
25 9 197 186 184
26 9 198 164 161
27 9 201 142 142
28 9 200 169 169
29 9 199 176 176
30 9 199 180 179
31 9 196 190 189
32 9 188 188 186
33 9 173 175 173
34 9 155 158 155
35 9 158 161 159
36 9 180 183 180
37 9 191 194 191
38 9 194 196 193
39 9 194 196 193
40 9 194 196 193
41 9 195 196 193
42 9 194 195 192
43 9 194 195 192
44 9 193 193 189
45 9 187 183 175
46 9 170 162 151
22 10 192 192 189
23 10 193 192 189
24 10 195 187 184
25 10 196 166 164
26 10 196 121 119
27 10 197 106 104
28 10 200 135 135
29 10 199 163 163
30 10 197 181 179
31 10 192 191 189
32 10 177 179 177
33 10 127 130 127
34 10 58 60 58
35 10 57 59 58
36 10 127 130 128
37 10 180 183 181
38 10 193 195 192
39 10 194 195 193
40 10 194 196 193
41 10 194 196 192
42 10 194 195 192
43 10 194 195 192
44 10 192 192 187
45 10 186 181 173
46 10 174 166 154
21 11 188 187 182
22 11 191 190 186
23 11 193 188 184
24 11 193 169 165
25 11 194 140 137
26 11 195 106 105
27 11 195 99 99
28 11 197 110 110
29 11 199 160 160
30 11 195 185 184
31 11 192 192 190
32 11 180 181 179
33 11 117 120 117
34 11 19 20 19
35 11 5 6 6
36 11 67 70 69
37 11 164 167 165
38 11 192 194 191
39 11 193 195 192
40 11 194 196 193
41 11 194 195 192
42 11 194 195 192
43 11 193 194 190
44 11 190 188 183
45 11 187 181 172
21 12 182 178 172
22 12 189 187 183
23 12 191 185 180
24 12 193 166 162
25 12 194 143 140
26 12 195 129 129
27 12 194 106 106
28 12 193 99 99
29 12 197 143 143
30 12 196 184 183
31 12 192 192 190
32 12 187 188 186
33 12 155 158 155
34 12 89 91 89
35 12 62 65 64
36 12 98 101 99
37 12 174 177 174
38 12 192 194 191
39 12 194 196 193
40 12 194 195 192
41 12 194 196 193
42 12 194 195 192
43 12 192 191 187
44 12 189 186 179
45 12 185 179 169
20 13 112 100 92
21 13 149 140 131
22 13 176 172 166
23 13 185 182 177
24 13 189 181 176
25 13 191 168 164
26 13 194 141 138
27 13 195 125 123
28 13 194 130 130
29 13 196 135 134
30 13 195 178 176
31 13 192 192 189
32 13 191 192 189
33 13 184 186 183
34 13 168 170 167
35 13 162 165 162
36 13 171 173 171
37 13 189 191 188
38 13 193 195 192
39 13 194 196 192
40 13 194 195 192
41 13 193 195 191
42 13 193 194 190
43 13 190 189 183
44 13 187 182 174
20 14 54 51 47
21 14 53 49 46
22 14 101 95 89
23 14 159 154 148
24 14 180 177 172
25 14 187 183 179
26 14 190 176 173
27 14 194 163 160
28 14 195 148 146
29 14 194 132 131
30 14 193 165 163
31 14 192 190 187
32 14 192 193 190
33 14 192 193 191
34 14 191 192 189
35 14 190 192 190
36 14 191 193 190
37 14 193 194 191
38 14 193 195 191
39 14 193 195 191
40 14 194 195 192
41 14 193 194 190
42 14 192 192 187
43 14 189 185 178
44 14 188 182 174
20 15 55 53 50
21 15 51 49 46
22 15 39 37 35
23 15 50 47 44
24 15 129 124 118
25 15 166 163 158
26 15 184 181 177
27 15 189 184 181
28 15 191 177 174
29 15 194 161 158
30 15 194 161 158
31 15 193 186 183
32 15 191 192 189
33 15 192 193 190
34 15 191 193 190
35 15 193 194 191
36 15 193 194 191
37 15 192 194 191
38 15 193 194 191
39 15 193 194 190
40 15 194 195 191
41 15 193 193 189
42 15 191 189 184
43 15 188 182 174
19 16 60 58 56
20 16 58 56 53
21 16 52 51 48
22 16 24 24 22
23 16 8 7 7
24 16 17 17 16
25 16 73 69 65
26 16 142 138 132
27 16 177 175 170
28 16 187 185 181
29 16 190 184 181
30 16 193 178 175
31 16 192 186 183
32 16 192 192 189
33 16 192 193 190
34 16 192 193 190
35 16 193 194 191
36 16 193 194 191
37 16 193 194 191
38 16 193 194 191
39 16 193 194 190
40 16 193 194 190
41 16 192 191 187
42 16 190 185 177
43 16 188 181 173
19 17 62 62 59
20 17 60 60 57
21 17 55 54 51
22 17 37 36 35
23 17 11 11 10
24 17 2 1 1
25 17 15 15 14
26 17 43 42 40
27 17 102 98 92
28 17 157 154 148
29 17 181 179 174
30 17 188 187 183
31 17 190 189 186
32 17 191 191 188
33 17 192 193 189
34 17 192 193 190
35 17 193 194 190
36 17 193 194 191
37 17 193 194 191
38 17 193 194 190
39 17 193 193 190
40 17 193 193 188
41 17 191 187 181
42 17 188 180 171
19 18 63 63 61
20 18 62 61 59
21 18 59 59 56
22 18 54 53 51
23 18 38 38 36
24 18 22 22 21
25 18 21 21 21
26 18 43 43 41
27 18 54 53 50
28 18 55 54 51
29 18 124 120 114
30 18 169 166 161
31 18 186 185 181
32 18 189 189 186
33 18 192 192 189
34 18 193 193 190
35 18 193 193 190
36 18 193 194 190
37 18 193 194 190
38 18 192 193 189
39 18 192 192 188
40 18 192 190 185
41 18 189 183 175
42 18 189 180 171
18 19 64 65 63
19 19 63 64 62
20 19 68 68 65
21 19 60 60 57
22 19 59 59 56
23 19 57 57 55
24 19 52 52 50
25 19 49 48 47
26 19 54 54 52
27 19 56 56 53
28 19 57 56 53
29 19 58 56 53
30 19 74 72 67
31 19 142 139 133
32 19 176 174 169
33 19 189 188 183
34 19 191 191 187
35 19 192 192 189
36 19 192 193 189
37 19 192 192 189
38 19 192 193 189
39 19 191 191 186
40 19 190 185 179
41 19 188 179 170
18 20 63 64 63
19 20 62 63 61
20 20 57 58 55
21 20 51 51 49
22 20 55 55 53
23 20 59 59 56
24 20 60 60 57
25 20 58 58 56
26 20 58 58 56
27 20 59 58 56
28 20 58 58 56
29 20 58 58 55
30 20 58 57 54
31 20 58 56 53
32 20 94 91 86
33 20 155 152 147
34 20 182 180 175
35 20 189 189 184
36 20 191 191 187
37 20 191 191 187
38 20 192 191 187
39 20 191 188 182
40 20 187 180 172
41 20 186 177 167
18 21 62 64 62
19 21 62 63 61
20 21 43 43 42
21 21 19 19 19
22 21 26 26 25
23 21 47 48 46
24 21 59 59 57
25 21 60 60 58
26 21 60 60 58
27 21 59 59 57
28 21 60 59 57
29 21 59 59 56
30 21 58 58 55
31 21 54 54 51
32 21 43 42 40
33 21 38 38 36
34 21 105 102 97
35 21 163 161 156
36 21 183 181 176
37 21 188 187 182
38 21 190 187 182
39 21 187 181 173
40 21 186 174 165
18 22 58 59 57
19 22 60 61 59
20 22 51 52 50
21 22 25 25 25
22 22 7 7 7
23 22 25 26 25
24 22 53 54 52
25 22 60 60 58
26 22 61 61 59
27 22 61 61 58
28 22 60 60 58
29 22 60 60 58
30 22 59 59 57
31 22 53 53 50
32 22 31 30 29
33 22 9 8 8
34 22 13 12 12
35 22 41 40 38
36 22 132 128 123
37 22 172 166 160
38 22 184 176 168
39 22 182 170 160
40 22 184 170 160
19 23 57 57 56
20 23 58 59 57
21 23 48 49 47
22 23 36 36 35
23 23 33 35 34
24 23 51 53 52
25 23 60 61 59
26 23 62 62 60
27 23 61 61 59
28 23 61 61 59
29 23 61 61 59
30 23 61 61 58
31 23 59 58 56
32 23 45 44 42
33 23 19 18 18
34 23 4 4 4
35 23 9 9 9
36 23 36 36 35
37 23 83 79 75
38 23 155 143 133
39 23 171 155 143
21 24 57 58 56
22 24 56 57 55
23 24 57 58 57
24 24 60 61 60
25 24 62 63 61
26 24 62 62 60
27 24 62 62 60
28 24 62 62 60
29 24 61 61 59
30 24 61 61 59
31 24 62 61 59
32 24 59 59 57
33 24 48 48 46
34 24 34 34 33
35 24 27 27 26
36 24 39 39 37
37 24 118 114 108
38 24 93 84 77
39 24 58 51 45
23 25 61 62 60
24 25 63 63 61
25 25 63 64 62
26 25 64 64 62
27 25 63 63 61
28 25 61 61 60
29 25 56 56 54
30 25 56 56 54
31 25 59 59 57
32 25 62 62 60
33 25 62 62 59
34 25 59 59 57
35 25 57 56 54
36 25 112 108 104
37 25 125 118 112
38 25 59 55 51
24 26 59 59 58
25 26 61 61 59
26 26 63 63 62
27 26 63 63 61
28 26 58 59 57
29 26 37 37 36
30 26 26 26 25
31 26 37 37 35
32 26 54 54 53
33 26 62 62 60
34 26 63 63 61
35 26 93 90 86
36 26 132 127 120
37 26 61 57 53
26 27 62 63 61
27 27 63 64 62
28 27 61 62 60
29 27 45 45 44
30 27 16 16 15
31 27 7 7 7
32 27 29 30 29
33 27 55 55 54
34 27 76 75 72
35 27 138 133 128
36 27 97 91 85
28 28 60 61 59
29 28 55 56 54
30 28 44 45 43
31 28 29 29 28
32 28 28 29 28
33 28 57 57 56
34 28 124 121 116
35 28 101 95 89
36 28 62 57 53
30 29 59 59 58
31 29 56 56 55
32 29 57 57 56
33 29 107 104 100
34 29 122 118 112
35 29 61 58 54
31 30 58 58 56
32 30 70 68 64
33 30 126 121 114
34 30 60 56 51
33 31 148 140 131
