28 1 59 59 57
29 1 153 147 141
30 1 168 160 155
31 1 175 169 165
28 2 99 94 92
29 2 165 160 155
30 2 173 167 159
31 2 176 171 165
32 2 179 175 170
27 3 62 54 53
28 3 112 101 99
29 3 175 168 164
30 3 178 173 167
31 3 179 175 169
32 3 178 174 169
33 3 178 175 170
34 3 180 178 175
26 4 61 54 53
27 4 69 56 55
28 4 135 112 109
29 4 182 176 172
30 4 185 181 175
31 4 184 181 176
32 4 181 179 173
33 4 178 176 171
34 4 178 176 173
35 4 181 179 176
36 4 181 180 179
26 5 64 51 50
27 5 116 95 94
28 5 140 114 111
29 5 186 183 179
30 5 188 185 180
31 5 189 187 182
32 5 186 184 180
33 5 183 181 177
34 5 180 179 175
35 5 179 178 175
36 5 180 179 176
37 5 178 178 176
25 6 61 51 50
26 6 105 86 85
27 6 129 101 100
28 6 146 135 132
29 6 187 185 180
30 6 190 188 183
31 6 190 189 184
32 6 189 188 184
33 6 188 187 183
34 6 184 184 180
35 6 182 181 177
36 6 179 179 175
37 6 178 178 175
38 6 176 177 175
39 6 176 177 176
24 7 60 52 51
25 7 88 75 74
26 7 117 92 91
27 7 124 113 110
28 7 144 144 140
29 7 189 185 180
30 7 187 184 180
31 7 174 173 169
32 7 175 174 170
33 7 185 185 181
34 7 186 186 183
35 7 181 181 178
36 7 178 178 174
37 7 180 180 177
38 7 176 176 173
39 7 172 173 171
40 7 170 171 169
23 8 60 52 52
24 8 60 47 46
25 8 111 89 88
26 8 114 103 100
27 8 121 122 118
28 8 150 148 142
29 8 187 180 172
30 8 191 186 181
31 8 164 163 159
32 8 111 111 107
33 8 149 149 146
34 8 181 181 178
35 8 173 173 170
36 8 144 144 141
37 8 165 165 162
38 8 173 173 171
39 8 162 162 160
40 8 156 157 155
41 8 162 164 162
42 8 169 170 169
23 9 66 54 54
24 9 100 82 81
25 9 107 91 89
26 9 108 107 104
27 9 123 124 120
28 9 157 153 144
29 9 176 171 163
30 9 195 191 186
31 9 191 187 183
32 9 152 148 143
33 9 95 94 91
34 9 153 154 151
35 9 179 179 176
36 9 146 147 144
37 9 105 106 104
38 9 150 151 148
39 9 158 159 156
40 9 122 124 122
41 9 138 140 138
42 9 160 162 160
43 9 164 165 164
22 10 58 45 44
23 10 91 73 71
24 10 104 84 83
25 10 89 83 81
26 10 112 114 110
27 10 148 145 138
28 10 156 152 144
29 10 150 148 143
30 10 161 161 157
31 10 189 188 185
32 10 192 190 186
33 10 170 167 162
34 10 153 152 149
35 10 182 182 179
36 10 185 185 182
37 10 158 158 156
38 10 137 138 136
39 10 171 172 170
40 10 158 160 158
41 10 114 115 114
42 10 143 144 142
43 10 162 163 161
21 11 57 47 46
22 11 69 53 52
23 11 104 76 74
24 11 84 71 69
25 11 90 91 87
26 11 135 134 128
27 11 156 152 145
28 11 139 138 134
29 11 120 121 118
30 11 122 123 121
31 11 140 141 138
32 11 175 175 172
33 11 192 191 187
34 11 195 193 189
35 11 193 191 188
36 11 195 194 192
37 11 192 192 190
38 11 183 184 181
39 11 183 184 182
40 11 185 186 184
41 11 170 171 169
42 11 155 157 155
43 11 163 163 162
44 11 165 165 163
21 12 53 40 38
22 12 98 72 70
23 12 99 76 75
24 12 73 72 70
25 12 115 115 110
26 12 151 147 141
27 12 139 138 134
28 12 92 93 91
29 12 51 52 51
30 12 39 40 39
31 12 72 72 71
32 12 129 130 128
33 12 155 155 153
34 12 185 185 182
35 12 198 197 193
36 12 200 198 194
37 12 199 198 195
38 12 196 196 193
39 12 194 194 191
40 12 191 192 189
41 12 189 190 188
42 12 184 185 182
43 12 178 178 176
44 12 177 177 175
20 13 49 41 39
21 13 80 66 64
22 13 104 78 75
23 13 94 88 85
24 13 100 101 97
25 13 145 141 135
26 13 151 149 144
27 13 116 116 114
28 13 37 38 37
29 13 2 2 2
31 13 20 21 20
32 13 98 99 97
33 13 141 142 139
34 13 143 144 141
35 13 168 168 166
36 13 191 190 187
37 13 200 198 195
38 13 199 197 193
39 13 198 197 194
40 13 195 195 192
41 13 192 193 190
42 13 191 191 189
43 13 187 187 185
44 13 183 183 181
20 14 47 37 35
21 14 88 71 68
22 14 105 95 92
23 14 105 105 101
24 14 138 136 129
25 14 151 148 142
26 14 136 136 132
27 14 119 119 117
28 14 54 55 54
29 14 11 11 11
31 14 33 34 33
32 14 109 110 108
33 14 139 139 137
34 14 145 146 143
35 14 142 143 139
36 14 151 152 149
37 14 179 179 176
38 14 196 195 192
39 14 199 197 193
40 14 198 197 194
41 14 196 196 193
42 14 194 194 192
43 14 191 191 189
44 14 188 188 186
19 15 44 37 35
20 15 52 43 41
21 15 94 84 80
22 15 104 103 100
23 15 129 126 120
24 15 149 145 138
25 15 137 136 132
26 15 135 134 131
27 15 130 130 128
28 15 106 107 106
29 15 72 72 71
30 15 51 51 50
31 15 92 93 90
32 15 125 125 123
33 15 140 140 137
34 15 140 140 137
35 15 141 142 139
36 15 144 145 142
37 15 141 142 139
38 15 165 165 163
39 15 187 186 183
40 15 197 195 192
41 15 198 196 193
42 15 197 197 194
43 15 195 195 192
44 15 191 191 189
45 15 188 188 185
19 16 47 41 39
20 16 71 64 61
21 16 99 96 93
22 16 120 119 114
23 16 146 141 134
24 16 141 139 134
25 16 133 133 129
26 16 134 134 131
27 16 134 134 131
28 16 128 128 125
29 16 124 125 122
30 16 121 122 119
31 16 126 127 124
32 16 136 136 133
33 16 137 137 134
34 16 136 136 133
35 16 137 137 134
36 16 139 140 137
37 16 142 142 139
38 16 139 139 136
39 16 148 148 145
40 16 174 174 171
41 16 191 190 187
42 16 197 196 192
43 16 196 195 192
44 16 194 194 191
45 16 191 191 189
19 17 47 45 43
20 17 86 83 79
21 17 103 101 97
22 17 141 135 129
23 17 144 140 134
24 17 133 132 128
25 17 132 131 128
26 17 132 132 128
27 17 133 133 130
28 17 133 133 130
29 17 131 131 128
30 17 132 132 129
31 17 132 133 129
32 17 134 134 131
33 17 135 135 132
34 17 134 135 132
35 17 135 136 133
36 17 139 139 136
37 17 140 140 137
38 17 140 141 138
39 17 140 141 138
40 17 138 138 136
41 17 157 158 155
42 17 180 179 176
43 17 193 191 187
44 17 194 192 187
45 17 192 191 187
19 18 49 48 45
20 18 95 94 90
21 18 130 125 118
22 18 144 139 132
23 18 132 130 126
24 18 129 128 124
25 18 131 131 127
26 18 131 130 127
27 18 131 130 127
28 18 131 130 127
29 18 131 131 128
30 18 130 130 127
31 18 132 133 129
32 18 132 133 129
33 18 132 133 129
34 18 135 135 132
35 18 134 134 131
36 18 134 135 131
37 18 137 138 134
38 18 135 135 131
39 18 136 136 133
40 18 138 139 135
41 18 138 139 135
42 18 144 145 142
43 18 165 166 163
44 18 184 184 180
45 18 191 190 186
18 19 45 43 40
19 19 50 49 46
20 19 119 115 108
21 19 141 136 128
22 19 130 128 123
23 19 128 126 122
24 19 128 128 123
25 19 128 127 123
26 19 130 129 126
27 19 128 128 124
28 19 128 128 124
29 19 130 129 126
30 19 130 130 127
31 19 130 130 126
32 19 130 131 127
33 19 132 132 129
34 19 130 131 128
35 19 133 134 131
36 19 132 133 129
37 19 132 132 129
38 19 131 132 128
39 19 132 133 129
40 19 132 132 129
41 19 137 138 134
42 19 137 137 134
43 19 142 143 141
44 19 152 155 154
45 19 168 170 168
46 19 171 165 157
18 20 47 44 41
19 20 86 80 74
20 20 136 129 121
21 20 135 131 126
22 20 126 124 120
23 20 126 125 121
24 20 126 125 121
25 20 127 126 122
26 20 125 124 121
27 20 128 128 124
28 20 126 126 123
29 20 128 128 124
30 20 128 129 125
31 20 128 129 125
32 20 129 129 125
33 20 129 129 126
34 20 130 131 128
35 20 130 130 127
36 20 132 133 129
37 20 130 130 127
38 20 129 130 126
39 20 132 133 129
40 20 134 134 131
41 20 135 135 132
42 20 139 140 137
43 20 144 146 145
44 20 113 116 116
45 20 63 66 65
18 21 56 49 43
19 21 121 112 103
20 21 134 128 121
21 21 126 123 118
22 21 125 123 119
23 21 123 122 118
24 21 125 124 119
25 21 124 123 119
26 21 125 124 121
27 21 124 123 120
28 21 126 125 122
29 21 126 125 122
30 21 127 127 124
31 21 126 126 123
32 21 126 126 123
33 21 127 127 124
34 21 127 127 124
35 21 129 128 126
36 21 127 127 124
37 21 128 128 125
38 21 129 129 125
39 21 129 129 125
40 21 132 132 128
41 21 135 136 133
42 21 143 145 143
43 21 126 128 127
44 21 63 65 64
18 22 116 98 86
19 22 130 118 108
20 22 122 117 111
21 22 122 120 116
22 22 121 119 116
23 22 123 122 118
24 22 123 121 117
25 22 122 122 117
26 22 122 122 117
27 22 123 123 119
28 22 122 122 118
29 22 125 124 121
30 22 123 123 119
31 22 125 125 122
32 22 125 125 122
33 22 124 124 121
34 22 126 126 123
35 22 126 125 122
36 22 126 126 123
37 22 125 125 122
38 22 127 127 124
39 22 131 131 128
40 22 133 133 130
41 22 139 141 139
42 22 132 134 133
43 22 63 65 64
18 23 117 97 86
19 23 124 113 104
20 23 120 114 108
21 23 117 114 109
22 23 120 118 114
23 23 120 118 114
24 23 122 120 116
25 23 120 120 115
26 23 121 120 116
27 23 119 119 115
28 23 121 121 117
29 23 121 121 117
30 23 123 122 119
31 23 121 121 118
32 23 122 122 119
33 23 122 122 118
34 23 124 124 120
35 23 124 124 121
36 23 122 122 119
37 23 125 125 121
38 23 126 126 122
39 23 129 128 125
40 23 138 139 137
41 23 128 130 129
42 23 64 66 65
20 24 106 99 92
21 24 119 114 108
22 24 118 114 109
23 24 118 115 111
24 24 118 116 112
25 24 120 118 114
26 24 119 118 114
27 24 119 118 114
28 24 118 117 113
29 24 119 119 115
30 24 119 119 115
31 24 114 114 111
32 24 109 109 106
33 24 107 107 104
34 24 114 114 111
35 24 119 119 116
36 24 122 121 118
37 24 124 123 119
38 24 126 126 122
39 24 136 137 134
40 24 134 136 134
41 24 64 65 64
22 25 118 113 107
23 25 119 114 109
24 25 118 114 110
25 25 117 115 111
26 25 118 117 112
27 25 117 116 112
28 25 117 116 112
29 25 115 115 111
30 25 108 108 105
31 25 72 72 70
32 25 54 54 53
33 25 49 50 48
34 25 75 75 73
35 25 110 110 107
36 25 121 120 116
37 25 123 123 118
38 25 131 131 128
39 25 135 136 134
40 25 64 65 63
24 26 125 120 114
25 26 118 114 108
26 26 115 112 107
27 26 114 113 108
28 26 114 113 108
29 26 114 113 109
30 26 90 90 87
31 26 32 32 31
32 26 7 7 7
33 26 5 5 5
34 26 38 38 37
35 26 97 97 94
36 26 119 118 114
37 26 128 128 124
38 26 135 136 134
39 26 63 64 62
25 27 126 121 114
26 27 117 112 106
27 27 114 110 105
28 27 112 109 104
29 27 111 110 106
30 27 95 94 91
31 27 40 40 38
32 27 12 12 11
33 27 14 14 13
34 27 43 42 40
35 27 94 94 90
36 27 121 121 117
37 27 132 132 130
38 27 62 63 61
27 28 126 120 114
28 28 118 113 107
29 28 110 106 101
30 28 104 102 97
31 28 81 80 76
32 28 65 64 60
33 28 72 70 66
34 28 85 83 79
35 28 112 110 106
36 28 126 126 122
37 28 61 61 59
29 29 97 92 86
30 29 108 104 97
31 29 106 102 96
32 29 100 97 92
33 29 104 101 96
34 29 109 107 101
35 29 123 121 116
36 29 91 90 87
31 30 104 98 91
32 30 107 101 94
33 30 105 100 94
34 30 115 112 106
35 30 80 79 74
33 31 110 103 96
34 31 85 80 75
35 31 50 47 44
