31 0 169 166 159
32 0 184 186 183
29 1 169 167 163
30 1 158 156 150
31 1 184 181 175
32 1 192 192 190
33 1 193 193 190
34 1 183 183 180
28 2 144 144 141
29 2 155 155 152
30 2 164 163 160
31 2 189 186 181
32 2 199 195 193
33 2 200 191 189
34 2 194 190 187
35 2 186 186 183
27 3 159 159 155
28 3 150 150 147
29 3 136 136 134
30 3 148 148 144
31 3 191 188 184
32 3 200 195 193
33 3 206 184 181
34 3 203 182 180
35 3 195 187 185
36 3 186 184 182
26 4 157 157 154
27 4 152 152 149
28 4 127 128 125
29 4 81 82 80
30 4 143 142 139
31 4 193 189 185
32 4 201 196 194
33 4 206 183 182
34 4 207 171 170
35 4 205 175 173
36 4 195 182 180
37 4 186 183 181
25 5 145 145 142
26 5 155 156 153
27 5 150 150 147
28 5 89 89 87
29 5 110 110 107
30 5 162 161 158
31 5 195 191 188
32 5 202 196 194
33 5 207 174 173
34 5 208 165 165
35 5 208 153 153
36 5 206 160 159
37 5 195 175 173
38 5 184 180 178
23 6 162 161 158
24 6 149 149 145
25 6 156 156 153
26 6 163 163 161
27 6 150 150 148
28 6 125 126 123
29 6 158 158 155
30 6 177 176 173
31 6 195 191 187
32 6 202 198 196
33 6 207 177 176
34 6 206 167 168
35 6 206 160 161
36 6 205 158 158
37 6 200 173 171
38 6 188 182 180
39 6 180 182 179
40 6 171 174 170
22 7 141 141 138
23 7 141 141 138
24 7 154 155 152
25 7 162 162 159
26 7 163 164 161
27 7 161 162 159
28 7 164 164 161
29 7 174 174 171
30 7 178 177 173
31 7 197 193 189
32 7 203 196 194
33 7 206 172 171
34 7 206 157 157
35 7 205 171 172
36 7 199 182 181
37 7 192 187 185
38 7 187 187 184
39 7 182 184 181
40 7 177 179 176
41 7 172 175 171
21 8 134 134 131
22 8 133 134 131
23 8 139 141 138
24 8 157 158 155
25 8 161 161 158
26 8 162 162 160
27 8 166 166 164
28 8 170 171 168
29 8 174 174 171
30 8 179 178 174
31 8 196 192 188
32 8 202 195 193
33 8 205 171 170
34 8 205 162 162
35 8 202 174 174
36 8 195 189 187
37 8 187 189 186
38 8 185 187 184
39 8 184 186 183
40 8 181 183 180
41 8 177 179 175
42 8 169 171 167
20 9 141 141 139
21 9 128 129 126
22 9 105 107 104
23 9 115 117 114
24 9 152 152 149
25 9 145 146 143
26 9 140 142 140
27 9 164 165 162
28 9 169 170 167
29 9 166 166 163
30 9 172 171 168
31 9 197 192 188
32 9 202 195 192
33 9 203 166 164
34 9 202 167 166
35 9 200 181 180
36 9 192 188 187
37 9 173 175 173
38 9 170 172 169
39 9 181 183 180
40 9 183 185 182
41 9 180 182 179
42 9 172 174 170
43 9 161 159 153
19 10 120 121 119
20 10 128 130 128
21 10 120 121 119
22 10 71 72 71
23 10 119 120 118
24 10 134 135 132
25 10 85 86 83
26 10 115 116 114
27 10 160 161 159
28 10 149 150 147
29 10 115 116 113
30 10 152 150 147
31 10 196 190 186
32 10 201 193 190
33 10 200 152 150
34 10 200 124 123
35 10 201 165 165
36 10 192 184 183
37 10 156 158 155
38 10 105 108 105
39 10 158 161 158
40 10 182 184 181
41 10 182 183 180
42 10 177 178 174
43 10 166 164 157
44 10 149 141 131
19 11 128 130 128
20 11 122 124 122
21 11 100 102 99
22 11 104 105 103
23 11 137 138 135
24 11 102 103 100
25 11 73 74 72
26 11 138 138 135
27 11 151 151 148
28 11 94 94 92
29 11 74 73 72
30 11 158 154 151
31 11 196 190 185
32 11 199 190 186
33 11 199 152 148
34 11 198 108 106
35 11 199 140 140
36 11 195 182 181
37 11 174 174 172
38 11 93 95 93
39 11 105 108 105
40 11 171 173 170
41 11 182 184 181
42 11 179 180 177
43 11 172 171 165
44 11 163 157 148
19 12 148 149 147
20 12 138 139 136
21 12 129 129 126
22 12 142 142 140
23 12 139 139 137
24 12 94 94 91
25 12 125 125 122
26 12 156 156 153
27 12 128 128 125
28 12 43 43 42
29 12 119 118 115
30 12 172 168 164
31 12 191 184 178
32 12 196 191 186
33 12 197 172 167
34 12 198 138 137
35 12 196 114 114
36 12 197 166 165
37 12 189 187 185
38 12 151 152 150
39 12 82 85 83
40 12 155 158 155
41 12 182 184 181
42 12 181 183 179
43 12 174 174 168
44 12 169 164 156
19 13 152 152 150
20 13 147 147 143
21 13 150 149 146
22 13 153 153 150
23 13 147 148 145
24 13 142 142 139
25 13 155 154 151
26 13 161 161 158
27 13 122 122 118
28 13 105 104 101
29 13 158 156 152
30 13 165 160 156
31 13 162 151 143
32 13 182 176 169
33 13 192 185 180
34 13 196 170 166
35 13 196 137 134
36 13 196 146 145
37 13 194 183 180
38 13 183 184 181
39 13 161 163 160
40 13 167 170 167
41 13 182 184 181
42 13 182 184 180
43 13 177 177 172
44 13 170 167 159
19 14 141 141 138
20 14 152 152 149
21 14 153 153 149
22 14 154 154 151
23 14 155 155 152
24 14 158 158 155
25 14 166 165 162
26 14 165 164 160
27 14 158 157 154
28 14 160 158 154
29 14 157 154 149
30 14 122 117 111
31 14 67 63 59
32 14 128 120 113
33 14 173 168 162
34 14 189 184 179
35 14 194 177 174
36 14 195 156 154
37 14 194 165 163
38 14 192 189 186
39 14 187 189 186
40 14 186 187 184
41 14 185 187 183
42 14 183 185 181
43 14 179 179 174
44 14 173 169 162
19 15 132 131 128
20 15 153 152 149
21 15 148 148 144
22 15 140 140 137
23 15 152 152 149
24 15 162 161 158
25 15 165 164 160
26 15 169 168 164
27 15 167 166 161
28 15 149 147 142
29 15 101 97 92
30 15 50 48 44
31 15 35 33 31
32 15 38 36 34
33 15 96 92 87
34 15 160 156 150
35 15 186 182 177
36 15 192 182 179
37 15 194 169 166
38 15 193 181 179
39 15 190 190 187
40 15 189 190 187
41 15 187 188 185
42 15 185 186 183
43 15 181 181 177
44 15 176 172 164
18 16 142 142 139
19 16 139 138 135
20 16 148 147 144
21 16 116 116 113
22 16 102 102 100
23 16 151 150 147
24 16 163 161 157
25 16 167 165 161
26 16 164 162 158
27 16 137 135 130
28 16 79 77 73
29 16 37 36 34
30 16 15 15 14
31 16 9 8 8
32 16 11 10 9
33 16 28 27 25
34 16 63 60 57
35 16 145 141 134
36 16 178 175 170
37 16 190 184 180
38 16 193 184 181
39 16 191 189 186
40 16 189 190 187
41 16 188 189 186
42 16 186 187 183
43 16 183 183 178
44 16 178 174 167
18 17 141 140 137
19 17 140 139 135
20 17 128 127 123
21 17 62 62 60
22 17 102 101 97
23 17 155 153 148
24 17 164 162 157
25 17 160 158 154
26 17 132 130 126
27 17 67 65 62
28 17 50 49 46
29 17 25 25 23
30 17 5 5 4
32 17 2 2 2
33 17 17 17 16
34 17 45 44 42
35 17 61 60 56
36 17 114 110 104
37 17 168 164 158
38 17 186 184 179
39 17 189 189 186
40 17 190 191 187
41 17 189 189 186
42 17 186 187 184
43 17 184 184 180
44 17 179 174 168
45 17 174 163 152
18 18 150 149 145
19 18 139 137 133
20 18 103 103 99
21 18 71 70 67
22 18 136 135 130
23 18 158 156 151
24 18 153 151 147
25 18 111 110 106
26 18 67 66 63
27 18 58 57 55
28 18 53 53 51
29 18 40 39 38
30 18 22 22 21
31 18 16 16 16
32 18 21 21 20
33 18 37 37 35
34 18 52 51 49
35 18 56 55 52
36 18 58 56 53
37 18 82 79 74
38 18 151 148 141
39 18 181 180 175
40 18 188 188 184
41 18 189 189 186
42 18 188 189 185
43 18 185 186 181
44 18 180 176 170
45 18 175 166 156
18 19 154 151 146
19 19 139 137 132
20 19 115 113 108
21 19 128 125 121
22 19 153 152 147
23 19 137 136 133
24 19 86 86 83
25 19 61 61 58
26 19 60 59 57
27 19 59 58 56
28 19 58 57 55
29 19 55 55 53
30 19 48 48 46
31 19 46 45 44
32 19 49 49 47
33 19 53 53 51
34 19 56 56 53
35 19 57 57 54
36 19 57 56 53
37 19 57 56 53
38 19 58 56 53
39 19 135 131 125
40 19 172 169 164
41 19 186 185 181
42 19 187 187 183
43 19 185 186 181
44 19 181 178 172
45 19 176 167 157
18 20 138 135 130
19 20 146 143 138
20 20 147 144 139
21 20 148 148 144
22 20 127 128 125
23 20 66 66 64
24 20 57 57 55
25 20 56 56 54
26 20 59 59 57
27 20 60 60 57
28 20 60 59 57
29 20 59 59 57
30 20 59 58 56
31 20 58 58 56
32 20 58 57 55
33 20 59 58 56
34 20 59 58 56
35 20 58 58 55
36 20 58 57 54
37 20 57 56 53
38 20 57 56 53
39 20 65 63 60
40 20 102 99 94
41 20 160 157 152
42 20 181 179 174
43 20 184 184 179
44 20 181 177 171
45 20 177 167 158
18 21 130 127 122
19 21 150 148 144
20 21 143 143 140
21 21 102 103 101
22 21 53 54 52
23 21 31 31 29
24 21 31 31 30
25 21 38 38 37
26 21 53 54 52
27 21 59 59 57
28 21 60 60 58
29 21 60 60 58
30 21 60 59 57
31 21 60 60 57
32 21 59 59 57
33 21 60 59 57
34 21 59 58 56
35 21 59 59 56
36 21 58 57 55
37 21 51 51 48
38 21 40 39 37
39 21 38 37 35
40 21 35 34 33
41 21 62 61 58
42 21 141 138 133
43 21 173 170 164
44 21 177 172 165
45 21 174 162 153
17 22 152 146 141
18 22 125 125 122
19 22 130 131 128
20 22 82 84 82
21 22 52 53 51
22 22 19 19 19
23 22 3 3 3
24 22 4 4 4
25 22 14 14 14
26 22 43 44 43
27 22 59 59 58
28 22 61 61 59
29 22 61 61 59
30 22 60 60 58
31 22 60 60 58
32 22 61 60 58
33 22 60 60 57
34 22 60 60 58
35 22 60 60 58
36 22 57 56 54
37 22 41 41 38
38 22 16 16 14
39 22 7 6 6
40 22 5 5 5
41 22 20 20 19
42 22 52 51 49
43 22 111 106 100
44 22 158 148 140
45 22 169 153 142
18 23 106 108 105
19 23 74 75 73
20 23 63 64 61
21 23 54 55 53
22 23 30 31 30
23 23 15 15 15
24 23 13 14 14
25 23 26 28 27
26 23 49 50 50
27 23 60 60 58
28 23 61 61 60
29 23 61 61 59
30 23 61 61 59
31 23 61 61 58
32 23 61 60 58
33 23 60 60 58
34 23 61 61 59
35 23 61 61 59
36 23 57 57 55
37 23 42 42 40
38 23 18 18 17
39 23 8 8 8
40 23 8 8 8
41 23 24 24 23
42 23 52 51 49
43 23 68 64 60
44 23 100 89 81
45 23 139 121 109
20 24 62 63 62
21 24 61 62 60
22 24 54 56 54
23 24 48 49 48
24 24 47 49 48
25 24 53 55 54
26 24 58 59 58
27 24 62 62 60
28 24 62 62 60
29 24 61 62 60
30 24 62 62 60
31 24 62 62 59
32 24 62 61 59
33 24 61 61 59
34 24 62 61 59
35 24 62 62 60
36 24 61 60 58
37 24 56 56 54
38 24 46 46 44
39 24 41 41 39
40 24 41 40 39
41 24 51 49 46
42 24 58 54 51
43 24 67 62 57
44 24 58 52 46
21 25 61 62 60
22 25 62 64 62
23 25 62 63 61
24 25 62 63 62
25 25 63 64 62
26 25 63 64 62
27 25 63 63 61
28 25 62 63 61
29 25 61 62 60
30 25 59 59 57
31 25 56 56 54
32 25 57 56 54
33 25 59 59 57
34 25 62 62 59
35 25 62 62 60
36 25 63 63 61
37 25 62 61 59
38 25 61 60 58
39 25 60 59 56
40 25 59 56 53
41 25 58 54 50
42 25 59 55 52
23 26 63 64 63
24 26 64 65 63
25 26 64 64 63
26 26 64 64 62
27 26 63 64 62
28 26 62 62 61
29 26 56 56 55
30 26 38 38 37
31 26 27 27 26
32 26 29 29 28
33 26 39 39 38
34 26 57 57 55
35 26 63 63 61
36 26 63 63 61
37 26 63 62 59
38 26 62 60 56
39 26 62 59 55
40 26 61 57 53
25 27 64 65 63
26 27 64 65 63
27 27 65 65 63
28 27 63 64 62
29 27 49 49 48
30 27 17 17 17
31 27 3 3 3
32 27 4 4 4
33 27 20 21 20
34 27 51 51 50
35 27 62 61 59
36 27 63 61 59
37 27 63 60 56
38 27 63 59 55
27 28 64 65 63
28 28 63 64 62
29 28 56 56 55
30 28 37 38 36
31 28 24 24 24
32 28 26 26 26
33 28 36 36 35
34 28 54 54 52
35 28 61 59 56
36 28 62 59 55
37 28 62 58 54
28 29 64 64 62
29 29 63 63 62
30 29 60 60 59
31 29 57 56 55
32 29 57 56 53
33 29 57 55 52
34 29 59 57 53
35 29 61 59 56
30 30 62 62 60
31 30 59 57 54
32 30 60 57 53
33 30 61 57 53
32 31 49 46 41
