29 1 153 140 129
30 1 157 148 139
31 1 164 156 150
32 1 174 168 163
28 2 166 158 149
29 2 167 160 151
30 2 171 165 158
31 2 175 170 164
32 2 177 173 168
33 2 178 174 169
34 2 180 176 171
27 3 171 164 156
28 3 173 168 160
29 3 176 172 166
30 3 178 174 168
31 3 178 175 169
32 3 177 174 168
33 3 178 175 170
34 3 181 178 174
35 3 183 181 178
36 3 186 184 181
26 4 176 170 163
27 4 178 174 167
28 4 182 179 173
29 4 183 180 175
30 4 182 180 174
31 4 181 178 173
32 4 180 178 172
33 4 179 177 172
34 4 180 179 174
35 4 184 182 179
36 4 186 185 182
37 4 188 187 185
38 4 187 186 185
24 5 178 172 164
25 5 180 175 168
26 5 183 180 174
27 5 184 182 177
28 5 186 184 179
29 5 186 184 180
30 5 185 184 179
31 5 185 183 178
32 5 183 182 177
33 5 183 182 177
34 5 183 182 178
35 5 183 183 178
36 5 185 185 181
37 5 186 186 183
38 5 187 187 185
39 5 187 188 186
23 6 179 172 165
24 6 182 178 172
25 6 185 183 178
26 6 187 185 181
27 6 187 186 182
28 6 188 187 183
29 6 188 187 183
30 6 188 187 183
31 6 187 187 183
32 6 187 186 183
33 6 187 186 183
34 6 185 185 182
35 6 186 185 182
36 6 185 185 181
37 6 186 186 182
38 6 187 187 184
39 6 189 189 187
40 6 189 190 188
41 6 188 190 188
22 7 180 174 166
23 7 183 179 174
24 7 182 181 176
25 7 176 175 171
26 7 170 169 165
27 7 173 173 168
28 7 183 183 179
29 7 188 188 185
30 7 190 190 187
31 7 188 188 185
32 7 182 182 179
33 7 176 176 173
34 7 178 178 175
35 7 186 186 183
36 7 188 188 185
37 7 188 188 185
38 7 187 187 184
39 7 185 185 183
40 7 184 184 181
41 7 187 188 186
42 7 189 191 189
43 7 188 190 189
20 8 172 158 144
21 8 180 167 156
22 8 187 180 173
23 8 187 185 181
24 8 174 173 171
25 8 127 127 124
26 8 83 83 80
27 8 96 96 92
28 8 144 144 140
29 8 181 181 178
30 8 190 191 188
31 8 183 184 181
32 8 152 153 150
33 8 106 107 104
34 8 114 115 112
35 8 156 156 153
36 8 183 183 181
37 8 190 190 188
38 8 185 186 183
39 8 161 162 160
40 8 135 135 132
41 8 153 154 152
42 8 179 180 178
43 8 189 190 189
44 8 190 192 191
45 8 187 190 189
20 9 132 124 111
21 9 172 162 153
22 9 191 184 178
23 9 191 187 182
24 9 177 176 173
25 9 116 116 114
26 9 41 42 41
27 9 23 23 23
28 9 84 84 81
29 9 169 169 167
30 9 190 190 188
31 9 186 187 184
32 9 148 149 146
33 9 64 65 64
34 9 19 19 18
35 9 73 74 72
36 9 162 163 160
37 9 189 190 188
38 9 184 185 183
39 9 136 138 136
40 9 47 49 48
41 9 41 42 40
42 9 119 121 118
43 9 177 179 177
44 9 192 194 192
45 9 190 192 191
46 9 180 180 178
20 10 60 56 50
21 10 82 79 73
22 10 153 150 146
23 10 184 181 177
24 10 189 185 181
25 10 171 169 165
26 10 144 144 141
27 10 129 129 126
28 10 144 145 142
29 10 182 182 179
30 10 193 193 190
31 10 193 193 191
32 10 182 182 180
33 10 155 157 154
34 10 125 126 124
35 10 126 128 125
36 10 176 177 175
37 10 192 193 191
38 10 192 193 191
39 10 175 176 175
40 10 135 138 136
41 10 95 97 96
42 10 116 118 116
43 10 175 177 175
44 10 192 194 192
45 10 186 187 186
46 10 172 172 170
20 11 60 56 52
21 11 60 59 56
22 11 54 54 52
23 11 109 110 107
24 11 170 169 165
25 11 188 185 180
26 11 189 186 182
27 11 187 186 182
28 11 189 189 186
29 11 194 194 192
30 11 195 195 192
31 11 197 196 194
32 11 195 195 192
33 11 191 192 189
34 11 187 188 185
35 11 186 186 184
36 11 193 194 192
37 11 196 196 194
38 11 196 197 195
39 11 193 194 192
40 11 187 188 186
41 11 180 182 180
42 11 182 184 182
43 11 190 192 190
44 11 186 187 186
45 11 156 156 153
46 11 163 161 158
19 12 57 54 49
20 12 59 57 53
21 12 51 51 49
22 12 26 26 26
23 12 23 24 23
24 12 41 41 40
25 12 129 130 126
26 12 181 179 174
27 12 195 192 188
28 12 197 194 190
29 12 198 197 194
30 12 198 197 195
31 12 198 198 195
32 12 198 198 195
33 12 197 197 194
34 12 197 197 195
35 12 197 197 194
36 12 197 198 195
37 12 198 198 196
38 12 197 198 195
39 12 198 198 196
40 12 196 197 195
41 12 197 198 196
42 12 197 198 196
43 12 188 189 187
44 12 164 164 162
45 12 122 122 119
19 13 58 55 50
20 13 59 57 53
21 13 46 46 44
22 13 13 13 13
23 13 1 1 1
24 13 17 17 16
25 13 45 45 44
26 13 83 84 82
27 13 157 156 153
28 13 189 187 183
29 13 199 196 191
30 13 199 197 193
31 13 199 199 195
32 13 199 198 195
33 13 198 198 195
34 13 198 197 195
35 13 198 198 195
36 13 198 199 196
37 13 198 199 196
38 13 198 199 196
39 13 199 199 197
40 13 199 199 197
41 13 199 200 197
42 13 193 194 191
43 13 163 164 161
44 13 120 119 117
45 13 55 55 53
19 14 58 55 50
20 14 61 59 56
21 14 53 53 52
22 14 29 29 29
23 14 8 8 8
24 14 8 8 8
25 14 40 40 39
26 14 59 59 57
27 14 63 63 61
28 14 116 117 114
29 14 173 172 169
30 14 193 190 186
31 14 199 197 192
32 14 200 199 195
33 14 200 200 197
34 14 199 199 197
35 14 199 200 197
36 14 199 200 197
37 14 199 200 197
38 14 200 200 198
39 14 200 200 198
40 14 201 201 199
41 14 196 197 195
42 14 162 163 160
43 14 140 140 137
44 14 91 90 87
19 15 59 55 51
20 15 61 59 56
21 15 60 60 58
22 15 49 50 48
23 15 32 32 32
24 15 25 25 24
25 15 44 44 43
26 15 58 59 57
27 15 62 62 60
28 15 62 62 60
29 15 63 64 61
30 15 135 135 132
31 15 183 181 177
32 15 199 196 192
33 15 200 198 194
34 15 200 199 196
35 15 201 201 198
36 15 201 201 198
37 15 200 200 198
38 15 201 201 198
39 15 201 201 199
40 15 199 200 198
41 15 173 173 170
42 15 131 130 127
43 15 128 127 123
44 15 53 52 50
19 16 59 55 51
20 16 61 59 56
21 16 61 61 59
22 16 60 60 58
23 16 55 55 53
24 16 53 53 51
25 16 57 58 55
26 16 60 60 58
27 16 61 61 59
28 16 62 62 60
29 16 62 62 60
30 16 63 63 61
31 16 82 83 80
32 16 159 158 154
33 16 191 189 185
34 16 200 198 193
35 16 201 200 196
36 16 201 201 198
37 16 202 202 199
38 16 202 202 200
39 16 200 201 198
40 16 182 182 180
41 16 126 126 123
42 16 137 136 132
43 16 104 103 98
18 17 57 52 47
19 17 59 55 51
20 17 60 59 56
21 17 60 60 58
22 17 61 61 58
23 17 60 60 58
24 17 60 60 58
25 17 60 60 58
26 17 60 61 58
27 17 61 61 59
28 17 61 61 59
29 17 61 61 59
30 17 62 62 60
31 17 62 62 60
32 17 62 62 60
33 17 115 116 113
34 17 177 176 172
35 17 196 194 189
36 17 201 198 193
37 17 202 200 196
38 17 201 201 198
39 17 188 188 185
40 17 134 134 131
41 17 140 139 135
42 17 122 120 116
43 17 56 55 52
18 18 57 52 47
19 18 59 56 52
20 18 60 60 57
21 18 61 61 58
22 18 61 60 58
23 18 60 59 57
24 18 60 60 57
25 18 60 60 58
26 18 60 60 58
27 18 60 60 58
28 18 60 60 58
29 18 61 61 59
30 18 61 61 59
31 18 61 62 59
32 18 61 61 59
33 18 62 63 60
34 18 63 64 62
35 18 134 134 131
36 18 186 185 181
37 18 197 195 190
38 18 190 187 182
39 18 145 145 141
40 18 131 131 127
41 18 141 139 135
42 18 90 88 84
18 19 57 53 48
19 19 58 56 52
20 19 60 59 56
21 19 61 60 58
22 19 60 60 57
23 19 60 60 57
24 19 60 59 57
25 19 59 59 57
26 19 60 60 58
27 19 60 60 58
28 19 59 60 57
29 19 60 61 59
30 19 60 60 58
31 19 60 61 58
32 19 61 61 59
33 19 61 62 59
34 19 62 62 60
35 19 64 64 62
36 19 86 87 85
37 19 173 174 172
38 19 156 154 149
39 19 136 136 133
40 19 138 137 133
41 19 119 116 111
42 19 121 118 113
18 20 56 51 46
19 20 58 56 52
20 20 61 59 57
21 20 60 60 57
22 20 60 59 57
23 20 59 59 56
24 20 60 59 57
25 20 58 58 56
26 20 59 59 57
27 20 59 60 57
28 20 60 60 58
29 20 60 60 58
30 20 60 60 58
31 20 60 60 58
32 20 59 60 57
33 20 61 61 59
34 20 62 62 60
35 20 63 64 61
36 20 120 122 121
37 20 154 153 149
38 20 139 138 133
39 20 143 142 139
40 20 117 115 110
41 20 88 83 79
17 21 49 40 34
18 21 55 48 43
19 21 58 55 51
20 21 59 58 55
21 21 60 59 56
22 21 59 58 55
23 21 59 59 56
24 21 59 58 56
25 21 59 59 57
26 21 59 59 57
27 21 59 59 56
28 21 59 59 57
29 21 59 59 57
30 21 59 59 57
31 21 59 59 57
32 21 59 59 57
33 21 60 60 58
34 21 61 61 58
35 21 69 70 67
36 21 166 168 166
37 21 148 146 141
38 21 148 147 144
39 21 112 111 107
40 21 96 92 87
41 21 102 96 90
18 22 49 41 36
19 22 54 50 46
20 22 57 55 52
21 22 59 57 55
22 22 59 58 55
23 22 59 58 56
24 22 59 58 56
25 22 58 58 56
26 22 59 58 56
27 22 59 59 56
28 22 58 58 56
29 22 59 59 56
30 22 58 58 56
31 22 59 58 56
32 22 59 59 57
33 22 60 60 57
34 22 61 61 59
35 22 119 120 118
36 22 166 166 164
37 22 156 155 151
38 22 123 122 118
39 22 86 82 77
40 22 77 74 70
19 23 48 44 40
20 23 53 50 46
21 23 55 53 50
22 23 58 57 54
23 23 58 58 55
24 23 58 57 54
25 23 58 57 55
26 23 58 58 56
27 23 57 57 55
28 23 58 58 56
29 23 58 58 55
30 23 58 58 56
31 23 58 58 55
32 23 59 58 56
33 23 59 59 57
34 23 62 62 59
35 23 155 156 154
36 23 167 165 161
37 23 139 139 135
38 23 86 83 79
39 23 57 54 50
40 23 34 32 30
20 24 44 42 39
21 24 49 47 44
22 24 54 51 49
23 24 57 55 52
24 24 58 57 54
25 24 58 57 54
26 24 57 57 54
27 24 57 57 54
28 24 52 52 50
29 24 47 48 46
30 24 50 50 48
31 24 56 55 53
32 24 58 58 56
33 24 59 59 56
34 24 91 92 89
35 24 168 168 165
36 24 148 145 141
37 24 95 93 89
38 24 68 65 61
39 24 28 26 24
22 25 47 45 42
23 25 50 48 45
24 25 54 53 50
25 25 57 56 53
26 25 57 57 54
27 25 55 54 52
28 25 37 37 36
29 25 20 20 19
30 25 23 24 23
31 25 41 41 39
32 25 55 55 53
33 25 60 59 56
34 25 140 140 137
35 25 158 156 152
36 25 109 106 102
37 25 77 73 69
38 25 27 26 24
23 26 43 41 38
24 26 48 46 43
25 26 52 50 47
26 26 54 53 50
27 26 53 53 50
28 26 36 36 34
29 26 10 10 9
30 26 3 3 3
31 26 22 22 21
32 26 48 48 46
33 26 70 70 67
34 26 158 158 155
35 26 125 121 116
36 26 91 87 83
37 26 49 46 43
25 27 44 42 39
26 27 49 47 44
27 27 52 51 48
28 27 46 45 43
29 27 24 23 22
30 27 6 6 6
31 27 13 13 12
32 27 39 39 37
33 27 112 112 109
34 27 150 148 145
35 27 100 96 91
36 27 61 58 54
27 28 45 43 40
28 28 47 45 42
29 28 42 40 37
30 28 33 32 30
31 28 32 31 29
32 28 48 47 45
33 28 144 143 140
34 28 126 121 115
35 28 73 69 65
36 28 34 32 29
28 29 41 39 36
29 29 45 43 39
30 29 47 45 42
31 29 50 48 45
32 29 85 83 79
33 29 146 143 138
34 29 98 92 86
35 29 34 31 29
30 30 44 41 38
31 30 47 44 40
32 30 120 116 110
33 30 127 122 116
34 30 43 40 37
31 31 39 36 33
32 31 134 128 122
33 31 80 74 69
