31 0 141 125 117
30 1 156 146 137
31 1 163 154 148
32 1 174 167 162
28 2 166 158 148
29 2 167 160 151
30 2 171 165 158
31 2 174 169 163
32 2 177 173 167
33 2 178 174 169
34 2 180 176 172
27 3 171 164 156
28 3 173 168 160
29 3 176 172 165
30 3 177 174 168
31 3 178 175 169
32 3 177 174 168
33 3 178 175 170
34 3 181 178 174
35 3 184 182 178
36 3 186 184 182
25 4 172 165 156
26 4 176 171 163
27 4 178 174 167
28 4 181 178 172
29 4 182 180 175
30 4 182 179 174
31 4 181 178 173
32 4 180 178 172
33 4 180 177 172
34 4 180 179 174
35 4 184 183 179
36 4 187 186 183
37 4 189 188 185
38 4 188 187 186
24 5 176 170 162
25 5 179 175 168
26 5 182 179 173
27 5 184 182 177
28 5 185 184 179
29 5 186 184 179
30 5 185 183 178
31 5 184 183 178
32 5 183 182 177
33 5 183 182 177
34 5 183 182 178
35 5 184 183 179
36 5 186 185 181
37 5 187 187 184
38 5 188 188 186
39 5 188 189 187
40 5 188 189 188
23 6 179 174 167
24 6 182 179 173
25 6 185 184 179
26 6 186 185 180
27 6 187 185 181
28 6 187 186 182
29 6 187 186 183
30 6 187 187 183
31 6 187 187 183
32 6 187 186 183
33 6 186 186 183
34 6 186 186 182
35 6 186 186 182
36 6 186 186 182
37 6 187 186 183
38 6 188 188 185
39 6 190 191 188
40 6 191 191 190
41 6 190 191 190
21 7 179 171 163
22 7 180 175 168
23 7 182 179 175
24 7 179 177 173
25 7 173 172 168
26 7 170 169 165
27 7 177 177 173
28 7 186 186 182
29 7 189 188 185
30 7 189 189 186
31 7 186 186 183
32 7 180 180 177
33 7 175 175 172
34 7 180 180 177
35 7 187 188 185
36 7 189 189 186
37 7 189 189 186
38 7 188 188 185
39 7 185 185 183
40 7 184 184 182
41 7 189 190 188
42 7 191 193 191
43 7 190 192 191
20 8 175 160 148
21 8 182 173 164
22 8 187 183 178
23 8 182 181 177
24 8 153 153 150
25 8 103 102 99
26 8 87 86 83
27 8 117 117 113
28 8 166 165 162
29 8 187 187 184
30 8 189 190 187
31 8 174 175 172
32 8 133 134 131
33 8 99 100 97
34 8 125 126 123
35 8 166 166 164
36 8 187 187 185
37 8 190 191 188
38 8 182 183 181
39 8 153 154 151
40 8 131 132 128
41 8 154 155 152
42 8 180 182 180
43 8 191 192 191
44 8 192 194 193
45 8 189 192 191
19 9 154 145 131
20 9 167 158 147
21 9 185 176 168
22 9 191 186 180
23 9 184 183 179
24 9 146 145 143
25 9 61 61 60
26 9 24 24 24
27 9 39 40 38
28 9 138 138 135
29 9 185 185 182
30 9 190 191 188
31 9 175 176 173
32 9 110 111 109
33 9 37 38 37
34 9 22 23 22
35 9 111 112 110
36 9 178 179 176
37 9 191 192 190
38 9 178 180 178
39 9 114 116 115
40 9 35 36 35
41 9 43 44 43
42 9 127 129 126
43 9 182 184 182
44 9 194 196 195
45 9 191 193 192
46 9 183 183 182
19 10 59 54 48
20 10 62 58 53
21 10 136 133 128
22 10 179 176 171
23 10 190 187 182
24 10 177 174 170
25 10 150 149 146
26 10 131 131 128
27 10 129 129 126
28 10 169 170 167
29 10 190 190 187
30 10 193 193 190
31 10 189 190 187
32 10 169 170 168
33 10 140 141 139
34 10 117 119 116
35 10 151 153 150
36 10 187 188 186
37 10 194 195 192
38 10 190 191 190
39 10 166 168 167
40 10 126 128 127
41 10 94 96 95
42 10 135 137 135
43 10 182 184 182
44 10 194 195 194
45 10 188 189 188
46 10 163 165 163
19 11 59 55 50
20 11 60 58 53
21 11 57 57 55
22 11 84 85 82
23 11 155 153 149
24 11 186 183 179
25 11 189 185 181
26 11 187 185 182
27 11 186 186 183
28 11 192 192 189
29 11 195 195 192
30 11 195 195 192
31 11 196 196 193
32 11 193 193 190
33 11 189 190 187
34 11 185 186 183
35 11 190 190 188
36 11 195 196 194
37 11 196 197 195
38 11 196 197 195
39 11 192 193 191
40 11 186 188 186
41 11 181 182 180
42 11 187 188 186
43 11 192 193 192
44 11 184 185 184
45 11 155 156 154
46 11 56 56 54
19 12 57 54 50
20 12 58 56 53
21 12 40 40 39
22 12 21 22 21
23 12 35 35 34
24 12 115 116 113
25 12 174 173 169
26 12 193 190 185
27 12 196 193 189
28 12 197 195 192
29 12 198 197 194
30 12 197 197 194
31 12 197 197 194
32 12 197 197 194
33 12 196 196 194
34 12 197 197 195
35 12 197 198 195
36 12 197 198 195
37 12 198 199 196
38 12 197 198 196
39 12 198 199 197
40 12 197 198 196
41 12 198 199 197
42 12 197 198 197
43 12 182 183 181
44 12 162 162 160
45 12 106 106 104
19 13 58 55 51
20 13 57 55 53
21 13 32 32 31
22 13 3 4 4
23 13 8 8 8
24 13 36 36 35
25 13 63 64 62
26 13 148 148 145
27 13 186 184 179
28 13 197 194 190
29 13 199 197 193
30 13 198 198 194
31 13 199 199 195
32 13 198 198 195
33 13 198 197 195
34 13 197 198 195
35 13 198 198 195
36 13 198 199 196
37 13 198 199 196
38 13 199 199 197
39 13 200 200 198
40 13 200 200 198
41 13 199 200 197
42 13 187 188 185
43 13 142 143 140
44 13 138 138 135
45 13 53 53 52
19 14 58 55 51
20 14 60 59 56
21 14 45 45 44
22 14 18 18 18
23 14 4 4 4
24 14 26 26 25
25 14 56 56 54
26 14 62 62 60
27 14 97 98 95
28 14 166 165 161
29 14 193 190 186
30 14 197 195 191
31 14 199 198 194
32 14 200 199 196
33 14 200 200 197
34 14 199 199 197
35 14 200 200 197
36 14 199 200 197
37 14 200 200 197
38 14 200 201 198
39 14 200 201 199
40 14 201 201 199
41 14 188 188 186
42 14 144 145 142
43 14 136 136 133
44 14 135 134 131
19 15 59 56 52
20 15 61 60 57
21 15 58 58 56
22 15 43 43 42
23 15 26 26 25
24 15 34 34 33
25 15 54 55 53
26 15 61 61 59
27 15 62 63 61
28 15 62 63 61
29 15 125 126 123
30 15 180 178 175
31 15 197 195 190
32 15 199 197 193
33 15 200 199 196
34 15 200 200 197
35 15 201 201 198
36 15 201 201 199
37 15 200 201 198
38 15 201 202 199
39 15 201 201 199
40 15 190 191 189
41 15 143 144 141
42 15 123 123 120
43 15 145 144 140
44 15 160 158 155
18 16 57 52 47
19 16 59 56 52
20 16 61 60 57
21 16 61 61 59
22 16 58 58 56
23 16 54 54 52
24 16 55 55 53
25 16 59 60 58
26 16 61 61 59
27 16 61 62 59
28 16 62 63 60
29 16 62 63 61
30 16 78 78 76
31 16 157 156 153
32 16 189 187 182
33 16 200 197 192
34 16 200 199 195
35 16 202 201 198
36 16 201 202 199
37 16 202 202 200
38 16 202 202 200
39 16 193 193 191
40 16 149 149 146
41 16 125 126 123
42 16 145 144 140
43 16 125 124 120
44 16 170 168 164
18 17 57 53 48
19 17 59 56 52
20 17 60 59 57
21 17 60 60 58
22 17 61 61 58
23 17 60 60 58
24 17 60 60 58
25 17 60 61 58
26 17 60 61 58
27 17 61 61 59
28 17 61 61 59
29 17 61 62 59
30 17 62 62 60
31 17 62 62 60
32 17 112 112 110
33 17 173 172 168
34 17 195 192 187
35 17 200 198 193
36 17 202 200 196
37 17 202 201 198
38 17 192 192 189
39 17 153 154 151
40 17 120 121 118
41 17 151 151 147
42 17 148 146 142
43 17 114 112 107
18 18 57 52 48
19 18 59 56 52
20 18 61 60 57
21 18 61 61 58
22 18 60 60 58
23 18 60 59 57
24 18 60 60 58
25 18 60 60 58
26 18 60 61 58
27 18 60 60 58
28 18 60 60 58
29 18 61 61 59
30 18 61 61 59
31 18 62 62 60
32 18 61 62 60
33 18 63 64 61
34 18 137 138 135
35 18 184 182 177
36 18 196 194 189
37 18 190 188 183
38 18 149 148 144
39 18 120 121 118
40 18 145 145 142
41 18 148 147 143
42 18 129 127 122
43 18 56 55 52
18 19 56 52 47
19 19 58 56 52
20 19 60 59 56
21 19 61 60 58
22 19 60 60 57
23 19 60 59 57
24 19 60 59 57
25 19 59 59 57
26 19 60 60 58
27 19 60 60 58
28 19 60 60 58
29 19 60 61 59
30 19 60 60 58
31 19 61 61 59
32 19 61 61 59
33 19 62 63 60
34 19 63 64 61
35 19 90 91 89
36 19 172 172 170
37 19 157 155 150
38 19 121 122 118
39 19 150 151 147
40 19 148 147 143
41 19 128 126 121
42 19 112 108 103
18 20 56 50 45
19 20 58 55 51
20 20 61 59 57
21 20 60 59 57
22 20 60 59 57
23 20 59 59 56
24 20 60 59 57
25 20 58 58 56
26 20 59 59 57
27 20 59 60 57
28 20 60 60 58
29 20 60 60 58
30 20 60 60 58
31 20 60 60 58
32 20 60 60 58
33 20 62 62 59
34 20 63 64 61
35 20 116 118 116
36 20 162 160 156
37 20 118 116 112
38 20 150 150 146
39 20 155 154 151
40 20 119 118 114
41 20 110 106 101
42 20 126 121 115
18 21 54 47 41
19 21 58 54 50
20 21 59 58 55
21 21 60 59 56
22 21 59 58 55
23 21 59 59 56
24 21 59 58 56
25 21 59 59 57
26 21 59 59 57
27 21 59 59 56
28 21 59 59 57
29 21 59 59 57
30 21 59 59 57
31 21 60 59 57
32 21 60 60 58
33 21 61 61 59
34 21 62 62 60
35 21 162 163 162
36 21 151 149 143
37 21 147 147 144
38 21 158 157 154
39 21 124 124 120
40 21 92 88 84
41 21 87 83 78
42 21 131 125 118
18 22 49 41 36
19 22 53 48 44
20 22 57 54 51
21 22 59 57 54
22 22 59 58 55
23 22 59 58 55
24 22 59 58 56
25 22 58 58 56
26 22 59 58 56
27 22 59 59 57
28 22 58 58 56
29 22 59 59 56
30 22 58 58 56
31 22 59 58 56
32 22 60 60 58
33 22 61 61 58
34 22 89 90 88
35 22 168 169 166
36 22 158 156 152
37 22 161 161 157
38 22 128 127 123
39 22 89 87 82
40 22 84 79 74
41 22 34 31 29
19 23 45 41 38
20 23 52 49 46
21 23 55 53 50
22 23 58 56 53
23 23 58 57 55
24 23 58 57 54
25 23 58 57 55
26 23 58 58 56
27 23 57 57 55
28 23 58 58 56
29 23 58 58 55
30 23 58 58 56
31 23 58 58 56
32 23 59 59 57
33 23 61 60 58
34 23 128 130 127
35 23 171 170 166
36 23 165 164 160
37 23 142 141 138
38 23 92 90 86
39 23 82 78 74
40 23 28 26 24
21 24 49 47 43
22 24 53 51 48
23 24 56 55 52
24 24 58 57 54
25 24 58 57 54
26 24 57 57 54
27 24 56 56 54
28 24 50 50 48
29 24 47 47 46
30 24 52 52 50
31 24 57 57 55
32 24 59 59 56
33 24 65 65 63
34 24 159 159 157
35 24 170 168 163
36 24 145 145 141
37 24 99 98 95
38 24 87 84 79
39 24 49 46 43
22 25 46 43 40
23 25 51 48 46
24 25 54 53 50
25 25 57 56 53
26 25 57 57 54
27 25 53 52 50
28 25 31 31 30
29 25 18 19 18
30 25 29 29 28
31 25 48 48 46
32 25 58 58 55
33 25 88 88 85
34 25 167 166 163
35 25 149 146 142
36 25 107 106 102
37 25 89 86 82
38 25 72 68 64
24 26 48 46 43
25 26 52 50 47
26 26 54 53 50
27 26 52 51 49
28 26 31 31 29
29 26 6 6 6
30 26 8 8 7
31 26 32 33 31
32 26 55 54 52
33 26 128 128 126
34 26 157 155 151
35 26 107 105 100
36 26 99 96 92
37 26 69 65 62
38 26 31 29 27
25 27 44 42 39
26 27 49 47 44
27 27 52 50 47
28 27 44 43 41
29 27 20 19 18
30 27 6 6 5
31 27 20 20 19
32 27 51 50 48
33 27 152 152 149
34 27 130 126 120
35 27 100 97 92
36 27 89 85 81
37 27 36 34 32
27 28 46 44 40
28 28 47 45 42
29 28 40 39 36
30 28 32 31 29
31 28 34 33 31
32 28 79 78 74
33 28 152 151 147
34 28 111 106 100
35 28 85 81 77
36 28 34 33 30
28 29 42 40 37
29 29 45 43 40
30 29 48 46 43
31 29 51 49 46
32 29 116 114 109
33 29 139 134 128
34 29 98 92 87
35 29 32 30 28
30 30 43 40 37
31 30 60 57 52
32 30 136 132 126
33 30 120 112 105
34 30 39 35 32
31 31 83 77 71
32 31 135 129 123
33 31 69 63 58
