29 0 184 188 186
30 0 187 191 189
28 1 187 190 188
29 1 191 193 191
30 1 193 195 193
31 1 194 196 194
32 1 193 195 193
27 2 190 191 189
28 2 194 191 189
29 2 200 189 187
30 2 200 193 191
31 2 196 196 193
32 2 195 196 194
33 2 195 196 194
26 3 189 191 189
27 3 193 192 190
28 3 200 188 186
29 3 208 168 165
30 3 207 173 171
31 3 204 187 186
32 3 199 193 191
33 3 196 196 194
34 3 197 198 196
35 3 198 199 197
25 4 189 190 188
26 4 193 190 188
27 4 198 184 182
28 4 201 184 182
29 4 205 176 175
30 4 210 148 147
31 4 210 155 154
32 4 208 173 172
33 4 205 183 182
34 4 201 193 192
35 4 200 199 197
36 4 199 200 198
37 4 199 201 198
24 5 189 190 188
25 5 193 189 187
26 5 199 183 181
27 5 203 162 161
28 5 206 157 157
29 5 206 163 164
30 5 208 158 161
31 5 210 143 143
32 5 210 138 136
33 5 210 152 150
34 5 208 177 175
35 5 203 196 193
36 5 200 201 198
37 5 199 201 199
38 5 199 201 199
39 5 199 201 199
23 6 188 189 187
24 6 192 190 188
25 6 197 183 181
26 6 203 162 161
27 6 203 164 165
28 6 204 169 171
29 6 205 157 158
30 6 206 160 161
31 6 205 173 172
32 6 203 182 180
33 6 203 188 186
34 6 201 192 190
35 6 200 198 195
36 6 199 200 198
37 6 199 201 199
38 6 200 202 199
39 6 201 204 201
40 6 203 205 202
22 7 187 187 185
23 7 191 187 185
24 7 195 181 179
25 7 200 161 160
26 7 203 146 146
27 7 204 162 163
28 7 202 169 170
29 7 200 179 179
30 7 198 187 186
31 7 196 191 189
32 7 194 194 192
33 7 195 196 194
34 7 196 198 195
35 7 197 199 196
36 7 198 200 197
37 7 199 201 199
38 7 200 202 199
39 7 201 203 200
40 7 202 203 201
41 7 203 205 202
42 7 203 204 200
21 8 186 187 185
22 8 191 186 184
23 8 194 174 172
24 8 198 163 162
25 8 199 155 155
26 8 200 137 137
27 8 200 171 170
28 8 196 183 183
29 8 192 187 185
30 8 189 190 188
31 8 187 189 186
32 8 191 193 190
33 8 194 196 194
34 8 195 198 195
35 8 197 199 196
36 8 198 200 197
37 8 200 201 198
38 8 200 202 199
39 8 202 203 200
40 8 202 204 201
41 8 203 204 201
42 8 203 202 198
43 8 197 193 186
20 9 185 185 182
21 9 188 184 181
22 9 192 176 174
23 9 195 149 148
24 9 197 159 159
25 9 195 173 173
26 9 196 172 171
27 9 195 183 182
28 9 187 185 184
29 9 174 176 173
30 9 158 160 158
31 9 148 151 149
32 9 169 172 169
33 9 189 192 189
34 9 195 197 194
35 9 197 199 196
36 9 199 200 197
37 9 199 201 198
38 9 200 202 199
39 9 201 202 199
40 9 202 203 200
41 9 203 203 200
42 9 200 198 192
43 9 194 188 180
44 9 188 183 174
19 10 183 182 179
20 10 187 182 179
21 10 190 170 167
22 10 193 137 134
23 10 194 109 107
24 10 196 135 135
25 10 196 163 163
26 10 193 177 176
27 10 188 186 184
28 10 173 174 172
29 10 123 125 123
30 10 62 65 63
31 10 50 51 50
32 10 108 112 109
33 10 177 180 177
34 10 194 196 193
35 10 197 199 196
36 10 198 200 197
37 10 198 200 197
38 10 200 201 198
39 10 200 202 198
40 10 201 202 199
41 10 201 200 195
42 10 197 193 186
43 10 192 189 183
44 10 191 189 185
18 11 181 180 176
19 11 185 179 175
20 11 188 165 162
21 11 190 137 135
22 11 191 95 93
23 11 193 91 90
24 11 194 121 121
25 11 194 169 168
26 11 190 184 182
27 11 185 186 184
28 11 162 164 162
29 11 74 76 74
30 11 6 6 6
31 11 9 10 10
32 11 89 92 90
33 11 174 177 175
34 11 194 196 194
35 11 196 198 195
36 11 198 199 196
37 11 199 200 197
38 11 200 201 198
39 11 199 200 197
40 11 200 199 195
41 11 196 193 187
42 11 188 186 181
43 11 181 180 177
44 11 181 180 177
17 12 176 173 167
18 12 180 178 174
19 12 184 172 167
20 12 189 148 144
21 12 190 130 130
22 12 190 107 107
23 12 191 95 94
24 12 193 116 115
25 12 193 172 171
26 12 188 187 185
27 12 186 187 184
28 12 167 169 166
29 12 106 108 106
30 12 66 69 68
31 12 79 82 80
32 12 150 153 151
33 12 187 189 187
34 12 195 197 194
35 12 197 198 195
36 12 197 199 196
37 12 199 200 197
38 12 199 200 196
39 12 199 199 195
40 12 195 192 186
41 12 178 175 170
42 12 138 138 135
43 12 170 170 167
44 12 172 172 168
16 13 166 160 153
17 13 166 161 155
18 13 176 173 167
19 13 181 174 170
20 13 185 161 157
21 13 189 134 131
22 13 191 118 117
23 13 190 122 121
24 13 192 127 125
25 13 190 173 171
26 13 187 187 184
27 13 188 190 187
28 13 183 185 182
29 13 167 169 167
30 13 162 165 163
31 13 169 172 169
32 13 186 188 185
33 13 193 195 192
34 13 195 196 193
35 13 196 197 194
36 13 197 198 195
37 13 197 199 195
38 13 198 198 194
39 13 196 194 188
40 13 185 183 178
41 13 109 108 105
42 13 121 122 119
43 13 173 173 170
44 13 172 172 169
17 14 101 94 88
18 14 138 135 128
19 14 171 168 163
20 14 180 176 172
21 14 186 167 163
22 14 190 148 145
23 14 190 135 133
24 14 191 132 130
25 14 190 174 172
26 14 187 187 184
27 14 188 189 186
28 14 189 191 188
29 14 189 190 188
30 14 188 190 187
31 14 191 193 190
32 14 193 195 192
33 14 195 196 193
34 14 195 196 193
35 14 196 197 194
36 14 196 197 194
37 14 196 197 193
38 14 195 193 187
39 14 193 190 185
40 14 152 151 148
41 14 86 87 85
42 14 160 161 158
43 14 175 176 173
44 14 161 161 157
17 15 49 44 40
18 15 45 42 38
19 15 106 102 97
20 15 162 160 155
21 15 180 177 174
22 15 184 175 172
23 15 189 161 158
24 15 191 147 143
25 15 189 175 172
26 15 187 187 184
27 15 188 189 187
28 15 189 190 187
29 15 190 192 189
30 15 191 192 189
31 15 192 194 190
32 15 193 194 191
33 15 194 196 192
34 15 194 196 192
35 15 196 197 194
36 15 196 196 192
37 15 194 192 187
38 15 194 191 186
39 15 184 183 180
40 15 143 143 141
41 15 148 149 146
42 15 175 175 173
43 15 175 175 172
44 15 157 157 153
45 15 171 171 167
18 16 50 46 43
19 16 42 40 37
20 16 72 69 66
21 16 149 147 142
22 16 179 177 173
23 16 184 179 176
24 16 188 174 170
25 16 189 180 177
26 16 187 187 184
27 16 188 189 186
28 16 190 191 188
29 16 190 192 188
30 16 192 193 190
31 16 192 193 190
32 16 193 194 191
33 16 194 196 192
34 16 195 195 192
35 16 196 196 192
36 16 194 192 186
37 16 194 190 184
38 16 189 188 185
39 16 180 180 177
40 16 169 169 166
41 16 174 175 172
42 16 175 175 172
43 16 170 171 168
44 16 150 150 146
45 16 164 164 160
19 17 52 49 46
20 17 40 38 36
21 17 43 41 38
22 17 132 130 125
23 17 173 172 168
24 17 184 183 179
25 17 186 186 182
26 17 188 188 185
27 17 189 189 186
28 17 190 190 187
29 17 190 191 188
30 17 192 193 190
31 17 192 193 189
32 17 193 194 190
33 17 194 194 191
34 17 194 194 190
35 17 194 191 186
36 17 193 188 182
37 17 192 190 186
38 17 184 184 180
39 17 180 180 177
40 17 176 177 174
41 17 174 175 172
42 17 171 171 168
43 17 167 167 164
44 17 150 150 146
45 17 159 159 155
19 18 57 55 52
20 18 55 54 51
21 18 44 43 41
22 18 41 40 38
23 18 111 108 103
24 18 166 164 160
25 18 184 184 180
26 18 187 187 184
27 18 188 189 185
28 18 189 190 186
29 18 191 192 188
30 18 192 192 189
31 18 193 193 189
32 18 192 193 189
33 18 194 193 189
34 18 193 191 185
35 18 192 187 180
36 18 189 187 182
37 18 183 183 179
38 18 180 179 176
39 18 176 176 173
40 18 175 175 172
41 18 171 172 169
42 18 168 169 165
43 18 163 163 160
44 18 141 141 138
45 18 152 152 149
20 19 58 57 55
21 19 56 56 53
22 19 51 50 48
23 19 52 52 49
24 19 82 80 76
25 19 153 151 146
26 19 182 181 177
27 19 187 187 184
28 19 189 189 185
29 19 191 191 188
30 19 191 192 188
31 19 192 192 188
32 19 192 192 188
33 19 192 189 184
34 19 190 185 178
35 19 189 186 181
36 19 183 182 178
37 19 180 179 176
38 19 177 177 174
39 19 173 174 170
40 19 170 171 168
41 19 167 167 164
42 19 164 164 161
43 19 156 157 154
44 19 118 119 116
45 19 59 59 58
20 20 55 55 53
21 20 54 53 51
22 20 50 50 48
23 20 52 52 50
24 20 57 57 54
25 20 58 57 54
26 20 131 129 124
27 20 176 174 170
28 20 188 187 183
29 20 189 190 186
30 20 191 191 187
31 20 191 191 186
32 20 190 187 182
33 20 190 184 176
34 20 189 185 180
35 20 183 182 178
36 20 179 178 175
37 20 176 176 173
38 20 173 173 170
39 20 171 171 168
40 20 168 168 165
41 20 164 164 161
42 20 158 158 155
43 20 133 134 132
44 20 57 57 56
21 21 53 52 50
22 21 45 45 43
23 21 42 42 41
24 21 53 53 51
25 21 58 57 55
26 21 51 51 48
27 21 97 94 89
28 21 163 161 155
29 21 185 183 178
30 21 189 187 182
31 21 189 186 180
32 21 188 180 173
33 21 188 183 178
34 21 182 180 176
35 21 178 177 174
36 21 176 175 172
37 21 173 173 170
38 21 170 170 167
39 21 167 166 163
40 21 164 164 161
41 21 159 159 156
42 21 135 136 133
43 21 58 59 57
22 22 48 48 46
23 22 42 42 40
24 22 44 44 42
25 22 55 55 53
26 22 57 57 55
27 22 43 43 41
28 22 56 53 50
29 22 148 143 136
30 22 180 173 166
31 22 183 173 164
32 22 187 180 173
33 22 181 178 174
34 22 178 177 173
35 22 175 174 170
36 22 172 172 169
37 22 170 169 166
38 22 166 166 163
39 22 164 164 161
40 22 160 159 156
41 22 146 146 143
42 22 58 58 56
23 23 47 47 45
24 23 44 44 43
25 23 52 53 51
26 23 60 60 58
27 23 56 56 54
28 23 42 42 40
29 23 32 31 30
30 23 132 120 111
31 23 173 162 152
32 23 179 175 170
33 23 177 175 172
34 23 175 174 170
35 23 171 171 167
36 23 168 168 164
37 23 163 163 160
38 23 160 160 157
39 23 160 160 156
40 23 147 148 144
41 23 57 57 55
24 24 48 48 46
25 24 53 54 52
26 24 58 59 57
27 24 59 59 57
28 24 56 56 54
29 24 47 47 45
30 24 62 57 54
31 24 156 148 141
32 24 173 170 165
33 24 174 172 168
34 24 171 170 166
35 24 167 167 163
36 24 151 151 148
37 24 140 140 137
38 24 154 154 150
39 24 150 150 147
40 24 118 118 116
26 25 60 60 58
27 25 59 60 58
28 25 56 56 54
29 25 52 51 50
30 25 54 54 52
31 25 133 126 120
32 25 168 164 159
33 25 170 168 164
34 25 167 166 161
35 25 149 149 145
36 25 96 96 93
37 25 125 124 121
38 25 149 148 145
39 25 131 131 128
27 26 58 58 56
28 26 54 55 53
29 26 45 45 44
30 26 46 46 44
31 26 94 90 86
32 26 162 157 152
33 26 165 163 158
34 26 157 155 151
35 26 106 105 102
36 26 79 78 75
37 26 134 134 130
38 26 123 123 120
39 26 55 55 53
28 27 56 56 54
29 27 49 49 47
30 27 39 39 38
31 27 46 45 43
32 27 145 139 134
33 27 158 155 150
34 27 142 140 135
35 27 89 87 83
36 27 119 117 113
37 27 121 120 117
38 27 52 52 50
30 28 47 47 45
31 28 45 45 43
32 28 100 97 93
33 28 151 147 141
34 28 140 137 131
35 28 129 126 121
36 28 122 120 116
37 28 48 47 45
31 29 51 50 48
32 29 64 64 61
33 29 137 134 128
34 29 142 138 132
35 29 133 130 124
36 29 49 47 44
32 30 54 53 51
33 30 136 132 128
34 30 128 122 115
35 30 76 73 69
34 31 129 124 119
