34 0 170 164 154
32 1 190 190 187
33 1 189 188 184
34 1 185 181 175
35 1 177 171 163
31 2 193 194 191
32 2 194 195 193
33 2 192 192 190
34 2 187 186 183
35 2 185 182 176
36 2 181 176 169
29 3 195 196 193
30 3 194 195 193
31 3 196 197 195
32 3 191 192 190
33 3 169 169 168
34 3 145 146 143
35 3 168 168 164
36 3 183 180 175
37 3 186 178 171
28 4 196 197 195
29 4 198 198 196
30 4 198 198 196
31 4 195 196 194
32 4 179 180 178
33 4 106 107 105
34 4 39 40 39
35 4 101 103 100
36 4 165 165 162
37 4 187 183 178
38 4 188 179 172
26 5 196 196 194
27 5 197 197 195
28 5 198 199 197
29 5 199 199 197
30 5 197 198 195
31 5 196 197 195
32 5 189 189 187
33 5 148 149 147
34 5 54 55 53
35 5 23 24 23
36 5 130 130 128
37 5 182 182 179
38 5 190 185 181
39 5 188 179 173
25 6 195 197 195
26 6 197 198 196
27 6 198 199 197
28 6 198 199 197
29 6 198 198 196
30 6 197 197 195
31 6 196 197 195
32 6 194 195 193
33 6 186 187 185
34 6 149 149 147
35 6 124 125 122
36 6 168 168 166
37 6 188 188 186
38 6 191 190 187
39 6 191 186 182
40 6 189 180 173
23 7 194 196 194
24 7 195 197 195
25 7 197 198 197
26 7 193 195 193
27 7 186 187 185
28 7 190 191 189
29 7 193 194 192
30 7 197 197 195
31 7 196 196 194
32 7 195 195 193
33 7 193 194 191
34 7 189 189 187
35 7 185 186 183
36 7 189 190 187
37 7 192 192 189
38 7 192 191 189
39 7 191 190 187
40 7 189 185 180
41 7 189 180 174
22 8 186 188 187
23 8 194 197 196
24 8 198 200 198
25 8 192 194 192
26 8 159 161 159
27 8 107 109 107
28 8 126 128 126
29 8 161 163 160
30 8 191 192 189
31 8 195 195 193
32 8 194 194 192
33 8 193 193 191
34 8 189 190 187
35 8 190 191 188
36 8 192 192 190
37 8 192 192 190
38 8 192 192 189
39 8 192 191 189
40 8 191 190 187
41 8 189 185 181
42 8 188 179 173
21 9 62 63 62
22 9 161 163 162
23 9 192 195 194
24 9 200 202 200
25 9 190 192 189
26 9 125 127 125
27 9 22 22 22
28 9 17 17 17
29 9 82 84 83
30 9 171 173 170
31 9 193 194 191
32 9 193 193 191
33 9 175 176 174
34 9 141 143 141
35 9 152 154 152
36 9 176 177 175
37 9 191 192 189
38 9 192 192 190
39 9 191 191 189
40 9 190 190 187
41 9 187 186 183
42 9 186 181 177
43 9 186 177 171
44 9 185 173 166
21 10 66 67 66
22 10 107 109 107
23 10 158 161 160
24 10 195 197 196
25 10 194 196 194
26 10 149 151 148
27 10 56 57 55
28 10 14 14 13
29 10 70 72 71
30 10 164 165 164
31 10 192 192 190
32 10 189 189 186
33 10 148 149 146
34 10 45 45 44
35 10 31 32 31
36 10 106 108 106
37 10 174 175 173
38 10 191 192 189
39 10 189 190 187
40 10 174 174 171
41 10 151 152 150
42 10 164 163 161
43 10 177 172 168
44 10 181 172 166
45 10 183 171 164
20 11 63 64 62
21 11 111 113 110
22 11 76 77 75
23 11 54 55 54
24 11 158 161 160
25 11 194 196 195
26 11 186 188 185
27 11 156 157 154
28 11 131 131 128
29 11 143 144 142
30 11 176 177 175
31 11 192 193 191
32 11 191 192 189
33 11 169 170 167
34 11 85 85 83
35 11 5 5 5
36 11 40 41 40
37 11 147 149 146
38 11 188 189 186
39 11 187 187 185
40 11 150 150 147
41 11 55 56 54
42 11 85 86 84
43 11 140 137 135
44 11 176 171 167
45 11 184 175 169
46 11 181 168 160
20 12 64 64 63
21 12 117 118 116
22 12 46 47 45
23 12 23 24 23
24 12 43 43 42
25 12 160 162 161
26 12 195 196 195
27 12 194 195 193
28 12 188 188 185
29 12 187 187 184
30 12 189 189 187
31 12 192 192 190
32 12 192 192 190
33 12 183 184 181
34 12 152 152 149
35 12 101 101 99
36 12 106 105 101
37 12 160 160 157
38 12 187 187 185
39 12 189 189 186
40 12 158 158 155
41 12 51 51 49
42 12 5 5 5
43 12 77 77 76
44 12 168 166 164
45 12 183 178 173
46 12 181 170 163
47 12 174 158 149
19 13 64 64 62
20 13 112 113 110
21 13 79 80 78
22 13 28 29 28
23 13 2 3 2
24 13 15 15 14
25 13 43 44 42
26 13 161 163 161
27 13 196 197 195
28 13 198 197 195
29 13 195 194 191
30 13 192 192 189
31 13 193 192 189
32 13 192 192 189
33 13 189 190 187
34 13 184 185 182
35 13 176 176 174
36 13 173 173 170
37 13 179 179 176
38 13 189 188 186
39 13 190 190 187
40 13 182 182 179
41 13 141 140 137
42 13 75 75 72
43 13 93 93 91
44 13 163 163 160
45 13 184 181 178
46 13 182 174 168
47 13 174 160 151
18 14 63 63 62
19 14 63 63 61
20 14 113 113 111
21 14 53 54 53
22 14 38 39 39
23 14 14 15 15
24 14 2 2 2
25 14 26 26 25
26 14 54 54 52
27 14 163 165 162
28 14 196 197 195
29 14 197 197 194
30 14 193 192 189
31 14 193 192 189
32 14 192 192 189
33 14 191 191 188
34 14 188 189 186
35 14 187 188 185
36 14 187 187 185
37 14 188 188 186
38 14 189 189 186
39 14 189 189 186
40 14 190 189 186
41 14 183 182 178
42 14 169 169 165
43 14 166 165 161
44 14 178 176 173
45 14 184 182 178
46 14 179 174 170
47 14 178 167 160
18 15 63 64 62
19 15 115 115 113
20 15 69 70 68
21 15 23 24 23
22 15 29 30 29
23 15 30 32 31
24 15 16 16 16
25 15 27 27 26
26 15 52 52 50
27 15 61 61 58
28 15 164 165 163
29 15 195 195 193
30 15 196 196 193
31 15 193 193 190
32 15 191 191 188
33 15 189 189 186
34 15 180 180 177
35 15 174 175 172
36 15 173 173 171
37 15 183 183 181
38 15 188 188 185
39 15 189 188 185
40 15 190 189 185
41 15 189 188 184
42 15 188 187 184
43 15 187 186 182
44 15 184 183 179
45 15 180 177 173
46 15 183 179 175
17 16 62 62 60
18 16 63 63 61
19 16 105 106 103
20 16 45 45 44
21 16 9 10 9
22 16 7 8 8
23 16 30 32 31
24 16 43 44 43
25 16 47 48 46
26 16 55 55 53
27 16 59 59 56
28 16 64 64 61
29 16 164 164 161
30 16 194 194 192
31 16 196 195 193
32 16 192 192 189
33 16 187 186 184
34 16 157 157 154
35 16 111 112 109
36 16 90 91 88
37 16 150 151 148
38 16 183 182 180
39 16 188 187 184
40 16 189 188 184
41 16 189 187 183
42 16 188 186 182
43 16 184 183 179
44 16 179 177 173
45 16 155 152 148
17 17 59 59 56
18 17 110 110 106
19 17 65 66 64
20 17 40 41 40
21 17 22 24 23
22 17 4 5 5
23 17 20 20 19
24 17 50 50 49
25 17 58 58 56
26 17 59 58 56
27 17 59 58 56
28 17 59 58 55
29 17 66 64 61
30 17 163 163 159
31 17 192 192 190
32 17 194 193 190
33 17 186 186 183
34 17 141 140 137
35 17 35 35 34
36 17 5 5 4
37 17 65 65 63
38 17 160 159 156
39 17 186 185 181
40 17 189 187 183
41 17 188 186 182
42 17 183 181 176
43 17 176 174 169
44 17 156 153 149
17 18 56 53 49
18 18 88 86 82
19 18 29 29 28
20 18 15 15 15
21 18 25 26 25
22 18 25 26 25
23 18 27 28 26
24 18 50 51 49
25 18 59 59 57
26 18 59 59 57
27 18 58 58 55
28 18 58 57 54
29 18 58 57 53
30 18 64 62 58
31 18 162 161 157
32 18 190 190 187
33 18 190 190 186
34 18 162 161 158
35 18 80 78 75
36 18 12 11 11
37 18 37 37 35
38 18 145 145 141
39 18 183 182 178
40 18 187 186 181
41 18 181 179 174
42 18 168 165 161
43 18 156 153 148
17 19 58 54 48
18 19 56 54 50
19 19 34 33 31
20 19 4 4 4
21 19 16 17 16
22 19 43 43 42
23 19 52 53 51
24 19 57 57 54
25 19 59 59 57
26 19 60 59 57
27 19 58 58 56
28 19 57 57 54
29 19 54 54 51
30 19 49 48 45
31 19 62 60 57
32 19 159 157 153
33 19 188 187 183
34 19 182 181 177
35 19 158 156 152
36 19 109 107 102
37 19 99 97 92
38 19 159 156 152
39 19 184 182 177
40 19 180 177 172
41 19 163 161 156
42 19 155 153 147
18 20 56 52 48
19 20 44 42 38
20 20 26 25 23
21 20 13 13 13
22 20 43 43 42
23 20 59 59 57
24 20 61 61 59
25 20 60 59 57
26 20 59 59 56
27 20 59 59 56
28 20 57 57 54
29 20 49 49 46
30 20 29 28 26
31 20 21 20 19
32 20 60 58 55
33 20 158 156 151
34 20 186 184 180
35 20 186 184 180
36 20 175 173 168
37 20 170 168 163
38 20 182 180 175
39 20 179 177 172
40 20 162 159 154
41 20 154 151 146
19 21 51 47 43
20 21 46 44 41
21 21 43 42 40
22 21 50 50 48
23 21 60 60 58
24 21 61 61 59
25 21 61 60 58
26 21 60 59 57
27 21 57 57 55
28 21 56 56 53
29 21 46 46 44
30 21 18 18 17
31 21 2 1 1
32 21 14 14 13
33 21 64 62 58
34 21 155 152 148
35 21 184 182 178
36 21 187 185 181
37 21 185 183 178
38 21 178 176 171
39 21 160 158 153
40 21 106 105 103
20 22 57 54 50
21 22 58 56 53
22 22 60 59 57
23 22 62 61 59
24 22 62 62 59
25 22 60 60 58
26 22 59 59 57
27 22 53 54 51
28 22 43 43 41
29 22 38 38 36
30 22 27 28 26
31 22 8 8 8
32 22 2 2 2
33 22 22 21 19
34 22 66 64 60
35 22 152 148 143
36 22 181 178 174
37 22 178 176 172
38 22 154 151 146
39 22 51 50 49
21 23 59 55 51
22 23 60 58 55
23 23 62 61 58
24 23 61 61 59
25 23 61 60 58
26 23 60 60 57
27 23 49 49 47
28 23 21 21 20
29 23 13 13 12
30 23 26 26 25
31 23 26 26 25
32 23 14 14 13
33 23 22 21 20
34 23 46 44 41
35 23 68 64 59
36 23 134 128 122
37 23 145 141 137
38 23 51 50 49
22 24 59 56 51
23 24 61 59 55
24 24 61 60 58
25 24 59 59 57
26 24 55 55 53
27 24 48 48 46
28 24 24 24 23
29 24 2 2 2
30 24 11 11 10
31 24 34 34 32
32 24 40 40 37
33 24 42 41 38
34 24 52 49 46
35 24 64 61 58
36 24 61 58 56
37 24 51 50 49
23 25 58 55 50
24 25 60 58 55
25 25 55 55 52
26 25 36 36 34
27 25 31 30 29
28 25 32 32 31
29 25 19 19 19
30 25 6 6 6
31 25 29 28 27
32 25 50 49 46
33 25 61 58 55
34 25 67 64 61
35 25 62 60 58
36 25 51 50 49
24 26 58 54 50
25 26 52 50 47
26 26 25 25 24
27 26 4 4 4
28 26 19 19 18
29 26 37 37 35
30 26 31 31 30
31 26 40 39 37
32 26 58 56 53
33 26 63 61 57
34 26 64 62 59
35 26 51 50 49
25 27 50 47 43
26 27 33 31 28
27 27 10 9 8
28 27 8 8 7
29 27 38 37 36
30 27 52 51 49
31 27 57 56 53
32 27 64 62 59
33 27 68 66 64
34 27 51 50 50
26 28 41 37 33
27 28 33 30 27
28 28 24 23 21
29 28 39 38 37
30 28 59 57 54
31 28 68 66 61
32 28 67 65 62
33 28 51 50 49
27 29 50 45 41
28 29 51 47 43
29 29 57 55 51
30 29 68 65 61
31 29 54 51 48
32 29 50 47 44
28 30 53 47 42
29 30 70 63 58
30 30 54 50 46
31 30 50 47 43
29 31 48 39 34
30 31 48 40 35
