30 0 170 163 154
31 0 177 175 169
32 0 185 188 186
29 1 166 165 160
30 1 154 151 145
31 1 185 182 176
32 1 193 194 192
33 1 194 194 191
28 2 139 139 136
29 2 149 148 145
30 2 166 165 160
31 2 191 189 184
32 2 200 196 194
33 2 200 191 189
34 2 193 190 188
35 2 186 186 184
27 3 149 149 146
28 3 143 143 140
29 3 131 131 129
30 3 152 150 147
31 3 193 190 187
32 3 201 195 193
33 3 206 182 180
34 3 203 183 181
35 3 195 188 186
36 3 186 184 182
26 4 159 159 156
27 4 145 146 142
28 4 120 121 118
29 4 85 85 83
30 4 150 148 144
31 4 196 193 189
32 4 203 196 194
33 4 206 181 179
34 4 208 170 169
35 4 205 175 174
36 4 195 183 181
37 4 187 184 182
25 5 148 148 145
26 5 154 154 151
27 5 144 145 142
28 5 86 87 84
29 5 115 115 112
30 5 167 165 161
31 5 197 194 191
32 5 203 194 192
33 5 207 168 167
34 5 208 164 164
35 5 209 151 152
36 5 206 159 158
37 5 196 175 173
38 5 186 182 179
39 5 172 174 171
24 6 139 139 136
25 6 151 151 148
26 6 158 159 156
27 6 145 145 143
28 6 123 123 121
29 6 157 157 154
30 6 176 173 170
31 6 198 195 192
32 6 204 195 193
33 6 207 170 170
34 6 206 167 168
35 6 206 158 160
36 6 205 158 158
37 6 201 173 171
38 6 189 183 181
39 6 182 183 180
40 6 175 178 175
22 7 151 151 147
23 7 136 136 133
24 7 148 149 146
25 7 158 159 156
26 7 160 160 158
27 7 156 157 154
28 7 159 160 157
29 7 168 168 165
30 7 177 175 171
31 7 200 197 194
32 7 204 192 190
33 7 206 162 162
34 7 206 158 159
35 7 204 173 174
36 7 198 183 182
37 7 192 188 186
38 7 188 187 185
39 7 183 185 182
40 7 178 181 178
41 7 174 176 173
21 8 140 140 137
22 8 125 125 122
23 8 134 135 132
24 8 152 152 150
25 8 157 158 155
26 8 158 158 156
27 8 160 161 158
28 8 166 166 163
29 8 170 169 166
30 8 179 177 173
31 8 199 196 193
32 8 203 189 187
33 8 205 164 163
34 8 205 163 163
35 8 201 179 178
36 8 193 190 188
37 8 187 189 186
38 8 185 188 185
39 8 184 187 184
40 8 182 184 181
41 8 178 180 176
42 8 172 174 170
20 9 123 123 121
21 9 121 122 119
22 9 107 108 106
23 9 111 112 109
24 9 147 148 145
25 9 141 141 139
26 9 138 139 137
27 9 160 161 158
28 9 164 164 161
29 9 161 161 158
30 9 177 174 171
31 9 200 196 193
32 9 202 187 185
33 9 203 157 156
34 9 202 171 171
35 9 199 184 183
36 9 190 188 186
37 9 171 173 171
38 9 171 173 170
39 9 182 185 182
40 9 184 185 182
41 9 182 183 180
42 9 175 177 173
43 9 167 166 160
20 10 122 124 121
21 10 122 124 121
22 10 75 77 75
23 10 113 114 112
24 10 128 129 126
25 10 82 83 81
26 10 120 121 119
27 10 154 155 153
28 10 133 134 131
29 10 120 120 117
30 10 169 165 161
31 10 200 196 192
32 10 201 182 180
33 10 200 129 127
34 10 201 136 135
35 10 200 174 173
36 10 188 185 183
37 10 144 147 144
38 10 102 105 102
39 10 160 163 160
40 10 183 185 182
41 10 183 184 181
42 10 179 180 176
43 10 170 168 162
44 10 155 149 140
19 11 122 124 122
20 11 113 114 112
21 11 105 107 104
22 11 98 99 97
23 11 130 131 128
24 11 94 94 92
25 11 82 82 80
26 11 140 140 137
27 11 138 139 136
28 11 67 67 65
29 11 110 108 105
30 11 176 171 166
31 11 199 194 190
32 11 199 178 174
33 11 198 129 127
34 11 198 111 110
35 11 199 157 157
36 11 193 187 185
37 11 164 166 164
38 11 72 74 71
39 11 108 112 109
40 11 173 176 172
41 11 183 185 182
42 11 180 182 178
43 11 175 174 169
44 11 165 160 152
19 12 129 131 128
20 12 127 128 125
21 12 127 127 124
22 12 136 137 134
23 12 132 133 130
24 12 91 91 88
25 12 131 131 128
26 12 150 150 147
27 12 97 97 94
28 12 63 63 62
29 12 142 140 136
30 12 182 175 169
31 12 193 189 183
32 12 197 185 181
33 12 197 157 153
34 12 197 124 123
35 12 197 127 126
36 12 196 178 177
37 12 186 186 183
38 12 137 139 136
39 12 77 80 78
40 12 160 163 160
41 12 184 186 183
42 12 182 184 180
43 12 176 176 171
44 12 170 166 158
19 13 144 144 141
20 13 143 143 140
21 13 146 146 142
22 13 149 149 146
23 13 142 142 139
24 13 140 140 137
25 13 154 154 151
26 13 149 149 146
27 13 100 100 97
28 13 122 121 118
29 13 160 156 152
30 13 159 150 143
31 13 169 161 153
32 13 189 184 179
33 13 194 182 177
34 13 196 156 153
35 13 196 131 130
36 13 196 159 158
37 13 192 188 185
38 13 180 182 179
39 13 158 161 158
40 13 171 173 171
41 13 184 186 182
42 13 183 185 181
43 13 179 179 174
44 13 172 169 161
19 14 140 139 136
20 14 148 147 144
21 14 150 150 146
22 14 149 149 146
23 14 152 152 149
24 14 156 156 153
25 14 161 160 157
26 14 159 158 154
27 14 151 150 146
28 14 155 153 148
29 14 141 137 131
30 14 84 79 74
31 14 91 85 79
32 14 156 150 143
33 14 184 180 175
34 14 192 183 179
35 14 195 170 167
36 14 195 151 149
37 14 194 175 173
38 14 191 191 188
39 14 187 189 186
40 14 186 188 185
41 14 186 187 184
42 14 184 186 182
43 14 180 180 176
44 14 175 172 165
19 15 132 132 128
20 15 149 148 145
21 15 143 143 139
22 15 138 138 135
23 15 151 151 148
24 15 159 158 154
25 15 162 161 157
26 15 164 163 158
27 15 157 155 150
28 15 126 123 118
29 15 58 56 52
30 15 36 34 32
31 15 36 34 31
32 15 50 48 45
33 15 133 128 122
34 15 174 170 165
35 15 190 185 182
36 15 194 178 175
37 15 194 170 167
38 15 192 186 184
39 15 190 191 188
40 15 189 191 187
41 15 187 189 185
42 15 186 187 183
43 15 182 183 178
44 15 177 173 167
18 16 138 138 136
19 16 130 129 126
20 16 142 142 138
21 16 111 111 108
22 16 108 108 105
23 16 151 150 147
24 16 160 158 154
25 16 162 160 155
26 16 152 150 145
27 16 115 112 107
28 16 56 54 51
29 16 25 24 22
30 16 10 10 9
31 16 9 9 8
32 16 16 15 14
33 16 39 38 36
34 16 102 98 92
35 16 164 160 153
36 16 185 182 177
37 16 191 184 180
38 16 193 186 183
39 16 190 190 187
40 16 189 191 187
41 16 188 189 186
42 16 186 187 183
43 16 183 183 179
44 16 179 174 168
45 16 171 161 150
18 17 124 123 120
19 17 135 133 130
20 17 121 121 117
21 17 60 60 58
22 17 114 112 108
23 17 154 152 148
24 17 159 157 152
25 17 145 143 139
26 17 97 95 92
27 17 63 62 58
28 17 42 41 39
29 17 14 14 13
30 17 2 2 2
32 17 6 6 5
33 17 28 28 27
34 17 52 51 48
35 17 68 66 62
36 17 144 140 133
37 17 179 176 170
38 17 188 186 182
39 17 190 190 187
40 17 190 191 188
41 17 189 189 186
42 17 187 187 184
43 17 184 184 180
44 17 179 175 168
45 17 175 164 153
18 18 143 140 137
19 18 134 132 129
20 18 94 93 89
21 18 82 81 78
22 18 141 139 135
23 18 153 151 147
24 18 133 132 128
25 18 77 76 73
26 18 59 58 56
27 18 57 56 54
28 18 49 49 47
29 18 32 32 31
30 18 19 19 18
31 18 16 16 16
32 18 26 26 25
33 18 43 43 42
34 18 56 56 53
35 18 60 58 55
36 18 61 60 56
37 18 108 105 99
38 18 167 163 157
39 18 185 184 179
40 18 189 189 186
41 18 189 190 186
42 18 188 189 185
43 18 186 186 182
44 18 181 177 171
45 18 177 168 158
18 19 149 145 141
19 19 134 131 126
20 19 112 110 106
21 19 130 128 123
22 19 147 146 142
23 19 125 125 122
24 19 70 69 66
25 19 59 59 56
26 19 59 59 57
27 19 59 58 56
28 19 57 57 54
29 19 53 52 51
30 19 47 46 45
31 19 46 46 44
32 19 51 51 49
33 19 55 55 52
34 19 57 57 54
35 19 58 57 54
36 19 58 57 53
37 19 60 58 55
38 19 76 74 69
39 19 150 146 140
40 19 179 177 172
41 19 187 187 182
42 19 188 188 184
43 19 186 186 182
44 19 182 178 172
45 19 177 168 158
18 20 136 132 127
19 20 143 140 135
20 20 143 141 136
21 20 140 140 136
22 20 106 107 104
23 20 65 65 63
24 20 57 57 54
25 20 57 57 55
26 20 59 59 57
27 20 60 60 57
28 20 60 59 57
29 20 59 59 57
30 20 59 58 56
31 20 58 58 56
32 20 58 57 55
33 20 59 58 56
34 20 59 58 56
35 20 58 58 55
36 20 58 57 54
37 20 56 55 52
38 20 58 57 54
39 20 65 63 60
40 20 117 114 108
41 20 168 166 161
42 20 184 183 178
43 20 185 185 180
44 20 181 177 171
45 20 177 167 157
18 21 124 121 116
19 21 147 145 141
20 21 132 133 130
21 21 77 77 75
22 21 41 41 39
23 21 29 29 28
24 21 31 31 30
25 21 41 41 40
26 21 56 56 54
27 21 60 60 57
28 21 60 60 58
29 21 60 60 58
30 21 60 59 57
31 21 60 59 57
32 21 59 59 57
33 21 60 59 57
34 21 59 58 56
35 21 59 58 56
36 21 57 56 54
37 21 49 48 46
38 21 38 37 35
39 21 34 33 31
40 21 37 36 34
41 21 84 82 78
42 21 151 148 143
43 21 178 174 169
44 21 178 172 165
45 21 175 162 152
17 22 154 148 143
18 22 121 120 117
19 22 117 118 115
20 22 70 71 69
21 22 46 46 45
22 22 14 14 14
23 22 3 3 3
24 22 4 4 4
25 22 19 19 19
26 22 48 49 48
27 22 60 60 58
28 22 61 61 59
29 22 61 61 58
30 22 60 60 58
31 22 60 60 58
32 22 61 60 58
33 22 60 60 57
34 22 60 60 57
35 22 60 60 57
36 22 55 54 52
37 22 36 35 33
38 22 12 12 11
39 22 6 6 5
40 22 6 6 6
41 22 26 26 25
42 22 58 56 54
43 22 131 125 119
44 22 165 154 145
45 22 167 151 139
18 23 98 100 98
19 23 72 73 71
20 23 62 63 61
21 23 52 53 51
22 23 27 28 27
23 23 15 15 15
24 23 14 15 15
25 23 30 32 31
26 23 53 54 53
27 23 60 61 59
28 23 61 61 60
29 23 61 61 59
30 23 61 61 59
31 23 61 61 58
32 23 61 60 58
33 23 60 60 58
34 23 61 61 59
35 23 61 60 58
36 23 55 55 53
37 23 38 37 35
38 23 15 15 14
39 23 7 7 7
40 23 8 8 8
41 23 27 27 26
42 23 54 52 50
43 23 63 59 55
44 23 117 103 93
45 23 168 153 142
20 24 62 63 61
21 24 60 61 59
22 24 54 55 53
23 24 48 49 48
24 24 49 50 49
25 24 54 56 55
26 24 59 60 58
27 24 62 62 60
28 24 62 62 60
29 24 61 62 60
30 24 62 62 59
31 24 62 61 59
32 24 62 61 59
33 24 61 61 59
34 24 62 61 59
35 24 62 62 60
36 24 60 60 58
37 24 54 54 52
38 24 44 44 43
39 24 40 39 38
40 24 41 40 38
41 24 49 47 45
42 24 56 52 49
43 24 58 54 49
21 25 61 62 60
22 25 62 63 62
23 25 62 63 61
24 25 63 64 62
25 25 63 64 62
26 25 64 64 62
27 25 63 63 61
28 25 62 63 61
29 25 61 61 60
30 25 58 58 56
31 25 56 56 54
32 25 57 56 55
33 25 59 59 57
34 25 62 62 60
35 25 62 62 60
36 25 63 63 61
37 25 62 61 59
38 25 61 60 58
39 25 65 63 60
40 25 58 55 52
41 25 58 54 50
42 25 59 55 51
23 26 63 64 62
24 26 64 65 63
25 26 64 64 62
26 26 64 64 62
27 26 63 64 62
28 26 62 62 60
29 26 55 55 54
30 26 36 36 35
31 26 27 27 26
32 26 29 29 28
33 26 40 40 39
34 26 58 58 56
35 26 63 63 61
36 26 63 63 61
37 26 64 63 60
38 26 62 60 56
39 26 62 59 55
40 26 62 58 55
25 27 64 65 63
26 27 64 64 63
27 27 65 65 63
28 27 63 64 62
29 27 48 48 47
30 27 16 16 16
31 27 3 3 2
32 27 4 4 4
33 27 21 22 21
34 27 52 52 51
35 27 62 61 59
36 27 69 67 63
37 27 63 60 56
38 27 63 58 54
27 28 64 64 63
28 28 63 64 62
29 28 56 56 55
30 28 37 38 37
31 28 24 24 24
32 28 26 26 26
33 28 36 36 35
34 28 60 59 57
35 28 61 59 56
36 28 62 59 55
37 28 62 58 54
28 29 63 63 62
29 29 63 63 61
30 29 60 60 59
31 29 57 57 55
32 29 58 57 55
33 29 57 55 52
34 29 59 57 54
35 29 61 59 56
30 30 63 63 61
31 30 60 58 55
32 30 59 56 52
33 30 61 58 53
32 31 50 46 42
