31 0 180 175 167
32 0 179 173 164
33 0 174 170 164
30 1 183 182 179
31 1 186 185 180
32 1 190 185 178
33 1 188 184 179
34 1 186 181 178
28 2 181 181 178
29 2 182 183 181
30 2 184 185 182
31 2 186 187 184
32 2 192 190 185
33 2 193 187 182
34 2 195 186 183
35 2 181 176 173
27 3 179 179 177
28 3 180 181 178
29 3 172 173 171
30 3 146 147 145
31 3 151 153 150
32 3 188 188 185
33 3 196 190 185
34 3 198 187 184
35 3 195 181 178
25 4 177 178 175
26 4 180 180 178
27 4 182 183 181
28 4 169 170 168
29 4 116 117 115
30 4 43 44 43
31 4 107 108 106
32 4 183 183 180
33 4 196 192 188
34 4 199 187 184
35 4 202 178 176
36 4 192 177 175
24 5 176 176 173
25 5 180 180 178
26 5 185 186 183
27 5 184 185 182
28 5 155 156 154
29 5 53 54 52
30 5 82 83 81
31 5 153 154 151
32 5 187 187 185
33 5 195 193 190
34 5 200 191 187
35 5 203 179 178
36 5 197 176 174
37 5 184 174 171
22 6 174 174 172
23 6 175 176 173
24 6 182 182 180
25 6 185 186 183
26 6 186 186 184
27 6 185 186 184
28 6 169 169 167
29 6 134 135 132
30 6 165 165 163
31 6 187 187 185
32 6 195 194 192
33 6 196 195 192
34 6 199 193 189
35 6 202 183 181
36 6 201 173 172
37 6 190 174 171
38 6 176 174 171
21 7 167 168 165
22 7 173 175 172
23 7 179 180 177
24 7 183 184 181
25 7 185 185 183
26 7 186 186 183
27 7 186 187 184
28 7 185 185 183
29 7 182 183 180
30 7 189 189 187
31 7 193 193 191
32 7 195 195 192
33 7 196 195 193
34 7 199 195 191
35 7 201 189 185
36 7 202 176 175
37 7 192 177 175
38 7 177 176 172
39 7 166 166 162
19 8 169 171 169
20 8 168 169 167
21 8 164 166 164
22 8 158 160 158
23 8 168 170 168
24 8 182 183 180
25 8 184 184 182
26 8 183 183 181
27 8 183 183 181
28 8 185 186 184
29 8 188 189 186
30 8 192 192 189
31 8 193 193 191
32 8 194 194 192
33 8 197 196 194
34 8 198 196 193
35 8 200 191 187
36 8 202 178 177
37 8 195 177 175
38 8 179 177 174
39 8 172 174 170
40 8 159 158 153
18 9 159 161 160
19 9 170 171 170
20 9 160 161 159
21 9 116 118 116
22 9 77 79 78
23 9 139 140 138
24 9 179 180 177
25 9 178 179 176
26 9 159 160 157
27 9 145 146 144
28 9 167 169 167
29 9 188 189 186
30 9 191 192 189
31 9 191 192 189
32 9 187 187 184
33 9 186 186 184
34 9 192 191 189
35 9 199 193 189
36 9 201 183 180
37 9 197 174 173
38 9 178 171 169
39 9 171 172 168
40 9 162 161 156
18 10 167 170 169
19 10 171 173 171
20 10 132 134 132
21 10 39 40 39
22 10 74 76 75
23 10 152 153 151
24 10 175 175 173
25 10 150 151 148
26 10 82 82 80
27 10 39 40 39
28 10 136 137 135
29 10 184 185 183
30 10 188 188 186
31 10 171 172 169
32 10 136 137 134
33 10 130 131 129
34 10 170 169 167
35 10 194 190 187
36 10 200 186 181
37 10 199 165 163
38 10 181 162 160
39 10 160 161 157
40 10 166 166 161
41 10 155 152 145
18 11 175 178 177
19 11 167 169 167
20 11 116 117 115
21 11 84 85 83
22 11 137 138 136
23 11 172 173 171
24 11 172 172 170
25 11 120 120 117
26 11 25 25 24
27 11 74 75 73
28 11 152 153 150
29 11 184 184 182
30 11 178 178 175
31 11 125 125 122
32 11 34 35 33
33 11 58 58 57
34 11 158 157 155
35 11 193 190 186
36 11 199 190 184
37 11 198 168 164
38 11 191 156 154
39 11 157 148 145
40 11 163 164 159
41 11 162 160 154
18 12 179 182 180
19 12 175 176 174
20 12 162 162 160
21 12 158 158 155
22 12 169 169 167
23 12 178 178 176
24 12 170 170 167
25 12 127 127 124
26 12 91 90 87
27 12 141 141 138
28 12 178 178 175
29 12 187 187 184
30 12 162 162 159
31 12 68 68 65
32 12 26 26 25
33 12 101 101 99
34 12 174 173 170
35 12 195 192 188
36 12 197 189 183
37 12 192 173 167
38 12 194 157 154
39 12 178 157 155
40 12 155 155 151
41 12 167 166 161
42 12 160 158 150
18 13 180 182 181
19 13 179 180 178
20 13 177 177 173
21 13 175 175 171
22 13 178 178 175
23 13 178 178 175
24 13 176 177 174
25 13 167 168 165
26 13 164 164 161
27 13 176 175 172
28 13 186 185 183
29 13 188 188 185
30 13 169 169 166
31 13 111 111 108
32 13 109 109 106
33 13 157 156 153
34 13 188 186 183
35 13 192 188 184
36 13 179 171 164
37 13 173 160 152
38 13 188 164 158
39 13 191 163 160
40 13 172 166 163
41 13 167 167 163
42 13 165 163 157
18 14 181 183 182
19 14 179 180 177
20 14 179 179 176
21 14 177 177 174
22 14 178 177 174
23 14 177 178 175
24 14 177 178 175
25 14 179 180 177
26 14 181 181 178
27 14 184 184 181
28 14 188 187 184
29 14 189 188 185
30 14 185 184 181
31 14 178 177 173
32 14 178 177 174
33 14 186 184 180
34 14 184 181 177
35 14 158 153 148
36 14 111 104 99
37 14 129 122 115
38 14 174 164 157
39 14 188 164 159
40 14 187 175 172
41 14 176 176 173
42 14 170 168 163
43 14 164 161 153
18 15 181 183 182
19 15 179 179 177
20 15 180 180 177
21 15 177 177 174
22 15 172 172 169
23 15 165 165 162
24 15 162 163 160
25 15 175 175 172
26 15 182 182 179
27 15 185 185 181
28 15 187 186 183
29 15 189 188 184
30 15 189 188 185
31 15 190 189 185
32 15 187 185 181
33 15 172 169 164
34 15 131 127 121
35 15 81 77 72
36 15 58 56 52
37 15 68 65 61
38 15 135 130 124
39 15 176 166 160
40 15 186 172 168
41 15 184 181 178
42 15 175 175 170
43 15 169 165 159
19 16 178 179 177
20 16 180 180 177
21 16 174 174 171
22 16 152 152 149
23 16 109 110 107
24 16 99 100 97
25 16 160 160 158
26 16 182 181 178
27 16 185 184 180
28 16 187 186 182
29 16 188 187 183
30 16 189 187 184
31 16 182 179 175
32 16 147 144 138
33 16 89 86 81
34 16 46 44 41
35 16 20 20 18
36 16 18 17 16
37 16 34 33 31
38 16 82 79 76
39 16 137 133 126
40 16 177 169 163
41 16 184 178 174
42 16 180 180 176
43 16 173 171 165
44 16 168 161 153
19 17 179 179 178
20 17 178 178 175
21 17 163 162 159
22 17 104 103 100
23 17 32 32 30
24 17 67 66 64
25 17 155 154 151
26 17 182 180 176
27 17 185 183 179
28 17 187 185 180
29 17 183 181 177
30 17 168 166 162
31 17 122 120 116
32 17 92 90 86
33 17 47 46 43
34 17 11 11 10
35 17 1 1 1
36 17 8 8 8
37 17 40 40 38
38 17 77 76 72
39 17 96 93 88
40 17 139 135 129
41 17 175 171 165
42 17 179 177 173
43 17 176 175 170
44 17 171 165 158
19 18 179 179 177
20 18 176 175 172
21 18 154 153 150
22 18 67 66 64
23 18 29 28 27
24 18 117 116 112
25 18 170 168 164
26 18 182 180 175
27 18 183 181 177
28 18 175 174 170
29 18 146 145 141
30 18 99 98 95
31 18 90 89 86
32 18 82 81 78
33 18 50 49 47
34 18 30 30 29
35 18 30 30 29
36 18 48 47 46
37 18 70 70 67
38 18 84 83 79
39 18 91 89 84
40 18 96 94 89
41 18 143 139 133
42 18 175 172 167
43 18 177 176 172
44 18 172 167 161
19 19 176 175 172
20 19 174 173 169
21 19 162 160 156
22 19 116 115 110
23 19 120 118 113
24 19 158 156 151
25 19 177 175 171
26 19 177 176 172
27 19 151 151 147
28 19 114 114 110
29 19 93 93 89
30 19 91 90 87
31 19 90 90 87
32 19 88 87 84
33 19 78 78 75
34 19 70 70 68
35 19 74 74 71
36 19 82 82 79
37 19 86 86 82
38 19 85 84 80
39 19 87 85 81
40 19 91 89 84
41 19 97 95 90
42 19 144 140 134
43 19 173 170 165
44 19 170 165 159
45 19 166 157 149
19 20 174 172 168
20 20 175 173 169
21 20 174 172 167
22 20 165 163 158
23 20 169 167 162
24 20 176 175 171
25 20 163 163 159
26 20 127 128 124
27 20 96 96 93
28 20 91 91 87
29 20 91 91 88
30 20 92 92 89
31 20 91 91 88
32 20 91 90 88
33 20 90 90 87
34 20 89 88 86
35 20 92 92 89
36 20 92 92 88
37 20 90 89 85
38 20 88 87 83
39 20 85 84 80
40 20 87 85 81
41 20 88 86 82
42 20 84 83 78
43 20 144 141 135
44 20 168 164 158
45 20 162 154 147
19 21 173 171 167
20 21 172 170 166
21 21 176 174 169
22 21 175 174 169
23 21 170 170 167
24 21 139 140 138
25 21 85 86 84
26 21 59 60 57
27 21 62 63 61
28 21 76 77 75
29 21 90 90 88
30 21 91 91 88
31 21 91 91 88
32 21 90 90 87
33 21 90 90 87
34 21 89 89 86
35 21 91 90 87
36 21 92 91 88
37 21 91 91 88
38 21 87 87 84
39 21 74 73 70
40 21 57 56 53
41 21 49 48 46
42 21 45 44 42
43 21 83 82 79
44 21 146 142 136
45 21 164 156 148
46 21 151 139 129
20 22 168 166 162
21 22 171 171 167
22 22 152 153 150
23 22 111 113 111
24 22 60 60 58
25 22 24 24 23
26 22 13 13 12
27 22 18 18 18
28 22 55 56 55
29 22 86 86 84
30 22 90 90 87
31 22 90 90 87
32 22 91 91 88
33 22 90 90 87
34 22 90 89 87
35 22 89 89 86
36 22 89 88 86
37 22 90 90 87
38 22 83 82 79
39 22 49 48 46
40 22 17 16 15
41 22 8 8 7
42 22 18 18 18
43 22 66 65 63
44 22 97 93 88
45 22 141 129 120
46 22 165 149 138
20 23 163 163 160
21 23 134 136 133
22 23 97 99 96
23 23 81 83 80
24 23 36 37 36
25 23 11 12 11
26 23 12 13 13
27 23 29 31 31
28 23 66 68 67
29 23 86 86 84
30 23 88 88 86
31 23 88 88 85
32 23 89 88 85
33 23 90 89 86
34 23 90 89 87
35 23 90 90 87
36 23 90 90 87
37 23 88 88 85
38 23 76 75 73
39 23 41 40 38
40 23 16 16 16
41 23 23 22 22
42 23 47 46 44
43 23 74 71 67
44 23 79 74 69
45 23 85 74 66
21 24 125 126 123
22 24 108 110 107
23 24 89 91 89
24 24 63 65 63
25 24 55 56 55
26 24 58 60 59
27 24 71 73 72
28 24 85 86 84
29 24 89 90 87
30 24 89 90 87
31 24 89 89 87
32 24 91 91 88
33 24 90 90 87
34 24 90 90 87
35 24 92 92 89
36 24 91 91 88
37 24 90 90 87
38 24 83 83 80
39 24 70 70 67
40 24 66 65 63
41 24 68 65 62
42 24 74 70 66
43 24 89 83 78
44 24 59 53 48
23 25 99 101 98
24 25 94 96 94
25 25 86 87 85
26 25 87 89 87
27 25 89 90 88
28 25 90 90 88
29 25 89 90 87
30 25 88 89 86
31 25 85 85 83
32 25 83 83 81
33 25 83 83 80
34 25 88 87 85
35 25 90 90 87
36 25 92 92 89
37 25 90 90 87
38 25 89 88 85
39 25 87 85 82
40 25 84 81 77
41 25 92 86 81
42 25 58 54 50
24 26 129 130 127
25 26 104 105 103
26 26 93 94 91
27 26 91 92 89
28 26 90 90 88
29 26 88 89 86
30 26 77 78 75
31 26 57 57 55
32 26 48 48 46
33 26 48 48 47
34 26 72 72 70
35 26 86 86 83
36 26 89 88 85
37 26 92 90 87
38 26 91 87 83
39 26 97 92 87
40 26 62 58 54
25 27 65 66 64
26 27 104 104 102
27 27 92 93 90
28 27 89 89 87
29 27 82 83 80
30 27 47 47 46
31 27 13 13 12
32 27 6 6 6
33 27 22 23 23
34 27 66 67 66
35 27 85 84 82
36 27 90 87 83
37 27 91 87 83
38 27 118 111 104
27 28 111 112 109
28 28 96 97 94
29 28 82 82 80
30 28 48 48 47
31 28 31 31 31
32 28 36 37 37
33 28 55 55 53
34 28 76 75 72
35 28 85 82 79
36 28 100 95 89
28 29 142 143 140
29 29 101 101 99
30 29 80 80 78
31 29 75 74 72
32 29 76 74 71
33 29 79 77 73
34 29 92 88 84
35 29 60 57 52
29 30 65 65 63
30 30 98 97 94
31 30 83 79 75
32 30 94 90 84
33 30 61 57 53
31 31 51 48 44
