30 1 156 146 136
31 1 159 150 143
32 1 167 160 155
33 1 176 170 165
28 2 158 149 139
29 2 164 157 149
30 2 168 162 154
31 2 171 166 160
32 2 176 172 166
33 2 179 175 170
34 2 181 178 173
35 2 186 183 179
27 3 167 161 153
28 3 170 164 157
29 3 173 169 162
30 3 176 172 165
31 3 178 174 168
32 3 178 174 168
33 3 179 176 171
34 3 183 180 176
35 3 186 185 181
36 3 189 188 185
25 4 170 164 156
26 4 172 167 160
27 4 175 171 165
28 4 179 176 170
29 4 180 178 172
30 4 180 178 172
31 4 180 177 172
32 4 180 178 173
33 4 181 179 174
34 4 182 181 176
35 4 187 186 182
36 4 190 190 187
37 4 193 192 190
38 4 193 192 191
23 5 170 164 156
24 5 174 170 163
25 5 176 173 167
26 5 180 177 172
27 5 182 179 175
28 5 183 181 176
29 5 184 182 177
30 5 183 182 177
31 5 184 182 178
32 5 183 182 177
33 5 184 183 179
34 5 185 184 180
35 5 186 186 182
36 5 189 189 185
37 5 192 192 189
38 5 193 194 191
39 5 194 195 193
40 5 195 196 195
22 6 173 168 161
23 6 176 172 166
24 6 180 178 173
25 6 183 181 177
26 6 183 182 178
27 6 184 183 179
28 6 185 184 180
29 6 186 185 181
30 6 186 185 182
31 6 186 186 183
32 6 186 186 183
33 6 187 187 184
34 6 187 187 183
35 6 188 188 185
36 6 190 189 186
37 6 191 191 188
38 6 193 193 190
39 6 196 196 194
40 6 197 198 197
41 6 196 198 197
20 7 172 166 159
21 7 175 170 164
22 7 174 171 166
23 7 172 171 166
24 7 172 171 166
25 7 176 175 171
26 7 183 183 179
27 7 186 186 182
28 7 187 187 184
29 7 185 185 182
30 7 181 181 178
31 7 175 175 172
32 7 175 175 172
33 7 186 186 183
34 7 190 190 187
35 7 191 191 189
36 7 191 192 189
37 7 190 190 187
38 7 184 184 182
39 7 183 183 180
40 7 190 191 189
41 7 198 199 198
42 7 199 200 199
43 7 198 200 199
18 8 169 153 141
19 8 176 167 159
20 8 179 175 169
21 8 176 174 170
22 8 154 153 149
23 8 121 121 117
24 8 105 104 101
25 8 123 123 119
26 8 168 168 165
27 8 186 186 183
28 8 186 186 183
29 8 173 173 170
30 8 139 139 136
31 8 104 104 102
32 8 105 105 102
33 8 154 154 152
34 8 186 186 184
35 8 192 193 190
36 8 189 190 188
37 8 168 169 167
38 8 129 130 127
39 8 114 115 111
40 8 142 143 140
41 8 183 184 182
42 8 198 200 198
43 8 200 202 201
44 8 199 202 201
45 8 182 182 180
17 9 163 155 142
18 9 168 154 142
19 9 182 173 165
20 9 184 181 176
21 9 170 169 166
22 9 111 111 109
23 9 36 36 35
24 9 17 17 16
25 9 72 72 70
26 9 159 159 157
27 9 187 187 184
28 9 186 187 184
29 9 161 162 159
30 9 83 84 82
31 9 20 21 20
32 9 29 29 29
33 9 118 119 117
34 9 180 181 178
35 9 193 194 192
36 9 187 188 186
37 9 138 140 139
38 9 49 50 50
39 9 14 14 14
40 9 60 61 60
41 9 157 159 156
42 9 195 196 194
43 9 202 203 202
44 9 199 201 200
45 9 191 192 191
18 10 113 108 101
19 10 161 154 147
20 10 184 180 174
21 10 178 176 172
22 10 144 144 141
23 10 116 116 114
24 10 110 110 107
25 10 148 149 146
26 10 179 179 177
27 10 189 189 187
28 10 191 191 188
29 10 178 179 177
30 10 151 152 150
31 10 124 125 123
32 10 132 134 131
33 10 172 173 171
34 10 191 192 190
35 10 196 197 195
36 10 193 194 192
37 10 172 174 172
38 10 140 142 141
39 10 118 120 119
40 10 146 148 146
41 10 181 183 181
42 10 198 199 198
43 10 201 202 200
44 10 197 199 198
45 10 190 192 192
18 11 57 55 50
19 11 65 64 61
20 11 146 143 139
21 11 182 178 173
22 11 182 179 175
23 11 180 179 176
24 11 179 178 175
25 11 186 186 183
26 11 191 191 189
27 11 192 192 190
28 11 193 193 190
29 11 192 192 189
30 11 188 188 186
31 11 186 187 184
32 11 187 188 185
33 11 194 195 193
34 11 197 198 195
35 11 197 198 195
36 11 197 198 196
37 11 195 196 194
38 11 192 193 191
39 11 188 190 188
40 11 194 195 194
41 11 197 198 197
42 11 196 197 195
43 11 189 190 188
44 11 188 190 189
45 11 188 190 189
18 12 55 53 49
19 12 49 48 46
20 12 34 34 33
21 12 119 117 112
22 12 177 173 168
23 12 192 189 184
24 12 193 191 188
25 12 194 193 190
26 12 194 194 191
27 12 194 194 191
28 12 194 194 191
29 12 196 195 193
30 12 195 196 193
31 12 196 196 194
32 12 197 197 195
33 12 197 197 195
34 12 198 199 197
35 12 199 199 197
36 12 199 200 198
37 12 201 201 199
38 12 200 201 199
39 12 202 203 201
40 12 200 201 199
41 12 191 192 190
42 12 151 152 150
43 12 151 152 149
44 12 182 183 182
45 12 186 188 186
18 13 55 53 49
19 13 50 48 46
20 13 21 20 20
21 13 25 25 24
22 13 100 101 98
23 13 170 167 163
24 13 193 189 185
25 13 194 192 188
26 13 195 194 191
27 13 196 196 193
28 13 196 196 193
29 13 197 197 194
30 13 197 197 194
31 13 198 198 195
32 13 198 198 195
33 13 198 198 196
34 13 198 199 196
35 13 199 200 197
36 13 201 201 199
37 13 201 202 200
38 13 201 202 200
39 13 201 202 200
40 13 189 190 188
41 13 133 134 132
42 13 44 45 43
43 13 142 142 139
44 13 177 178 177
45 13 178 180 178
18 14 55 52 48
19 14 54 53 50
20 14 37 37 36
21 14 17 17 16
22 14 44 45 43
23 14 74 74 72
24 14 155 153 149
25 14 191 187 182
26 14 195 193 188
27 14 196 196 192
28 14 198 197 194
29 14 198 198 195
30 14 197 197 195
31 14 199 199 197
32 14 199 200 197
33 14 200 200 198
34 14 200 200 198
35 14 201 202 199
36 14 201 202 200
37 14 201 202 200
38 14 196 197 195
39 14 184 185 183
40 14 168 170 168
41 14 55 56 55
42 14 79 79 76
43 14 159 159 155
44 14 173 173 171
45 14 181 182 180
18 15 56 52 48
19 15 58 56 52
20 15 55 54 52
21 15 36 36 35
22 15 40 40 39
23 15 59 59 57
24 15 62 62 60
25 15 137 136 132
26 15 184 181 177
27 15 197 194 189
28 15 197 196 193
29 15 198 198 195
30 15 198 198 196
31 15 199 200 197
32 15 200 200 197
33 15 201 201 199
34 15 201 201 199
35 15 202 203 200
36 15 201 201 199
37 15 188 189 186
38 15 137 138 136
39 15 123 125 124
40 15 150 153 152
41 15 88 89 86
42 15 146 145 142
43 15 173 173 170
44 15 170 170 167
45 15 184 185 183
19 16 58 55 52
20 16 60 59 56
21 16 55 55 53
22 16 54 54 52
23 16 59 60 57
24 16 61 62 60
25 16 62 62 60
26 16 107 108 105
27 16 176 174 169
28 16 197 194 188
29 16 198 197 193
30 16 200 199 196
31 16 200 200 198
32 16 201 201 199
33 16 202 203 200
34 16 202 202 200
35 16 200 201 199
36 16 186 187 185
37 16 122 123 120
38 16 31 32 31
39 16 114 116 115
40 16 164 166 164
41 16 158 158 155
42 16 168 168 164
43 16 170 170 165
44 16 160 159 156
45 16 178 177 175
19 17 57 54 50
20 17 60 58 55
21 17 60 60 57
22 17 60 60 57
23 17 60 60 58
24 17 60 61 59
25 17 61 61 59
26 17 62 62 60
27 17 85 85 83
28 17 162 160 156
29 17 193 190 185
30 17 199 197 192
31 17 200 199 196
32 17 201 201 198
33 17 200 200 197
34 17 192 192 190
35 17 177 178 176
36 17 163 165 163
37 17 50 52 50
38 17 73 74 71
39 17 155 156 153
40 17 175 176 173
41 17 173 172 169
42 17 169 168 164
43 17 166 165 160
44 17 155 154 149
19 18 56 53 49
20 18 59 57 54
21 18 61 60 57
22 18 60 60 58
23 18 59 59 57
24 18 60 60 58
25 18 61 61 59
26 18 61 61 59
27 18 61 61 59
28 18 61 62 60
29 18 145 144 140
30 18 187 184 179
31 18 196 193 187
32 18 196 195 191
33 18 180 180 177
34 18 130 131 128
35 18 116 118 116
36 18 143 146 145
37 18 96 97 95
38 18 146 147 143
39 18 174 174 171
40 18 175 175 171
41 18 169 169 164
42 18 161 160 155
43 18 159 157 151
44 18 153 151 146
19 19 55 50 46
20 19 58 55 52
21 19 61 60 57
22 19 60 59 57
23 19 60 59 57
24 19 59 60 57
25 19 59 60 57
26 19 60 61 58
27 19 60 61 58
28 19 60 61 58
29 19 63 63 61
30 19 121 123 120
31 19 182 178 172
32 19 179 177 173
33 19 103 104 101
34 19 24 24 23
35 19 115 117 115
36 19 166 168 165
37 19 163 163 160
38 19 172 172 169
39 19 173 173 170
40 19 167 167 163
41 19 151 150 145
42 19 127 126 120
43 19 148 146 140
44 19 151 149 144
19 20 53 47 43
20 20 58 54 50
21 20 60 58 55
22 20 60 59 56
23 20 59 59 56
24 20 60 60 57
25 20 59 59 56
26 20 59 59 57
27 20 60 60 58
28 20 60 61 58
29 20 62 62 60
30 20 109 110 107
31 20 176 173 167
32 20 153 152 148
33 20 30 30 29
34 20 78 78 76
35 20 159 160 156
36 20 179 179 176
37 20 177 177 174
38 20 175 175 171
39 20 170 170 166
40 20 152 152 148
41 20 95 94 90
42 20 86 84 80
43 20 143 140 134
44 20 147 144 138
19 21 48 41 36
20 21 53 47 43
21 21 58 55 52
22 21 59 58 55
23 21 59 58 56
24 21 59 58 56
25 21 59 59 57
26 21 59 59 57
27 21 59 59 57
28 21 60 60 57
29 21 61 61 58
30 21 104 106 104
31 21 171 169 164
32 21 135 135 131
33 21 92 92 90
34 21 149 149 146
35 21 177 177 174
36 21 178 178 175
37 21 174 174 171
38 21 167 167 163
39 21 156 156 152
40 21 112 112 108
41 21 38 37 35
42 21 102 98 93
43 21 133 128 122
44 21 135 130 124
20 22 47 42 37
21 22 53 50 46
22 22 57 55 52
23 22 59 58 55
24 22 59 58 56
25 22 58 58 56
26 22 59 58 56
27 22 59 59 56
28 22 59 59 57
29 22 60 60 58
30 22 98 99 97
31 22 174 172 168
32 22 169 169 166
33 22 164 164 162
34 22 175 175 172
35 22 178 178 175
36 22 174 174 170
37 22 160 160 157
38 22 127 127 123
39 22 123 123 119
40 22 93 92 89
41 22 90 87 82
42 22 118 114 107
43 22 112 106 99
44 22 95 88 82
21 23 47 44 41
22 23 53 51 47
23 23 56 55 52
24 23 58 57 54
25 23 58 57 55
26 23 58 58 56
27 23 56 56 54
28 23 58 58 55
29 23 59 59 57
30 23 92 92 90
31 23 175 173 169
32 23 181 180 177
33 23 180 179 176
34 23 178 178 175
35 23 175 175 172
36 23 164 164 161
37 23 116 116 112
38 23 55 55 53
39 23 118 117 113
40 23 123 121 116
41 23 119 115 109
42 23 108 102 96
43 23 40 37 33
22 24 45 42 40
23 24 52 50 47
24 24 55 54 51
25 24 57 56 54
26 24 55 55 52
27 24 48 48 46
28 24 50 50 48
29 24 57 56 54
30 24 91 92 89
31 24 173 171 167
32 24 180 178 175
33 24 178 177 174
34 24 173 173 169
35 24 167 166 163
36 24 141 141 137
37 24 47 47 45
38 24 85 84 80
39 24 136 133 128
40 24 128 124 118
41 24 99 94 88
23 25 43 40 38
24 25 50 48 45
25 25 54 52 49
26 25 55 54 51
27 25 36 36 34
28 25 25 25 24
29 25 46 46 44
30 25 78 78 75
31 25 170 168 163
32 25 177 175 172
33 25 168 167 164
34 25 142 142 138
35 25 133 132 129
36 25 127 128 125
37 25 86 85 81
38 25 124 121 115
39 25 128 124 118
40 25 48 46 42
25 26 48 46 43
26 26 51 49 47
27 26 41 40 38
28 26 15 15 14
29 26 28 28 27
30 26 66 66 64
31 26 166 163 159
32 26 170 168 164
33 26 128 128 125
34 26 58 58 56
35 26 110 109 106
36 26 142 141 137
37 26 132 129 124
38 26 120 116 110
39 26 47 45 42
26 27 46 44 41
27 27 46 44 42
28 27 31 31 29
29 27 18 18 17
30 27 56 56 54
31 27 159 157 152
32 27 147 145 140
33 27 49 49 47
34 27 68 68 65
35 27 140 138 134
36 27 144 142 137
37 27 128 125 119
38 27 45 43 40
27 28 43 41 38
28 28 41 40 37
29 28 36 34 32
30 28 54 53 50
31 28 145 142 137
32 28 114 110 105
33 28 74 72 69
34 28 125 122 118
35 28 140 137 132
36 28 115 111 106
28 29 42 39 36
29 29 44 42 39
30 29 59 57 53
31 29 143 139 134
32 29 141 136 130
33 29 136 133 128
34 29 131 128 122
35 29 88 84 79
29 30 39 36 33
30 30 51 48 44
31 30 138 132 124
32 30 151 144 136
33 30 134 129 123
34 30 50 48 45
30 31 37 34 30
31 31 134 125 117
32 31 129 118 108
33 31 48 44 40
