28 0 168 170 168
29 0 179 182 180
27 1 179 181 179
28 1 184 185 183
29 1 188 190 188
30 1 192 194 192
31 1 193 195 193
26 2 180 182 179
27 2 188 186 184
28 2 193 187 185
29 2 197 190 188
30 2 196 195 193
31 2 195 196 194
32 2 195 197 195
25 3 180 181 179
26 3 186 186 184
27 3 192 187 185
28 3 204 176 174
29 3 206 172 170
30 3 202 186 184
31 3 199 193 192
32 3 197 196 194
33 3 197 198 196
34 3 198 200 198
24 4 180 181 179
25 4 185 184 182
26 4 192 184 182
27 4 196 184 182
28 4 203 176 175
29 4 210 146 144
30 4 210 158 157
31 4 207 174 173
32 4 204 187 186
33 4 200 197 195
34 4 200 200 198
35 4 201 203 200
23 5 179 180 178
24 5 185 183 181
25 5 191 182 180
26 5 200 172 171
27 5 203 157 157
28 5 204 165 166
29 5 208 158 160
30 5 210 140 139
31 5 210 150 148
32 5 208 169 167
33 5 204 192 190
34 5 200 201 198
35 5 201 203 201
36 5 202 205 202
37 5 203 205 203
22 6 178 179 177
23 6 184 182 180
24 6 191 183 181
25 6 199 171 169
26 6 201 164 164
27 6 202 164 166
28 6 204 154 155
29 6 204 167 167
30 6 203 179 178
31 6 203 186 184
32 6 201 193 191
33 6 200 198 195
34 6 199 200 198
35 6 201 203 200
36 6 202 204 201
37 6 203 205 203
38 6 204 206 203
21 7 178 178 176
22 7 183 180 178
23 7 188 180 178
24 7 196 169 167
25 7 200 153 152
26 7 201 161 162
27 7 200 171 172
28 7 197 181 181
29 7 196 187 185
30 7 195 192 190
31 7 195 195 193
32 7 196 197 195
33 7 197 199 196
34 7 199 201 198
35 7 201 203 200
36 7 202 204 202
37 7 204 206 203
38 7 205 206 204
39 7 205 206 203
40 7 204 201 195
20 8 177 177 174
21 8 182 178 176
22 8 188 176 174
23 8 193 167 166
24 8 197 150 150
25 8 199 145 144
26 8 196 174 174
27 8 193 182 181
28 8 188 186 184
29 8 186 188 185
30 8 191 193 191
31 8 192 195 192
32 8 195 197 194
33 8 198 200 197
34 8 199 201 198
35 8 201 202 200
36 8 203 204 201
37 8 204 205 202
38 8 205 206 203
39 8 205 205 201
40 8 200 196 189
41 8 191 184 174
19 9 176 174 171
20 9 181 177 174
21 9 185 175 172
22 9 192 159 157
23 9 193 160 160
24 9 193 169 169
25 9 194 171 170
26 9 188 180 179
27 9 176 176 174
28 9 158 160 158
29 9 150 152 150
30 9 174 177 174
31 9 192 194 191
32 9 196 198 195
33 9 198 199 196
34 9 199 200 197
35 9 201 202 199
36 9 203 204 201
37 9 203 205 202
38 9 204 204 201
39 9 202 199 193
40 9 199 194 186
41 9 203 200 194
18 10 174 171 168
19 10 178 174 171
20 10 183 170 167
21 10 189 148 146
22 10 193 124 122
23 10 193 147 147
24 10 191 169 168
25 10 187 181 179
26 10 174 174 172
27 10 127 129 126
28 10 67 69 67
29 10 59 61 60
30 10 143 147 144
31 10 189 191 188
32 10 196 198 195
33 10 198 199 197
34 10 199 200 197
35 10 200 202 199
36 10 201 203 200
37 10 202 203 199
38 10 202 200 194
39 10 200 196 190
40 10 199 197 193
41 10 196 196 193
42 10 204 204 201
17 11 172 168 163
18 11 177 170 167
19 11 182 166 163
20 11 186 145 143
21 11 189 101 99
22 11 191 96 95
23 11 193 151 150
24 11 188 176 174
25 11 183 181 179
26 11 157 159 156
27 11 64 66 64
28 11 6 6 6
29 11 42 44 43
30 11 150 154 151
31 11 191 193 190
32 11 196 198 195
33 11 198 200 197
34 11 199 201 197
35 11 199 201 197
36 11 200 201 197
37 11 200 198 193
38 11 198 195 189
39 11 189 188 183
40 11 182 182 180
41 11 191 192 189
42 11 199 200 197
16 12 163 157 151
17 12 172 168 163
18 12 178 168 164
19 12 184 150 146
20 12 187 125 124
21 12 188 97 96
22 12 189 101 100
23 12 191 159 158
24 12 186 182 180
25 12 182 183 180
26 12 153 155 152
27 12 78 81 79
28 12 63 65 64
29 12 131 134 132
30 12 181 183 181
31 12 194 196 193
32 12 196 198 195
33 12 197 199 195
34 12 199 200 197
35 12 199 200 196
36 12 198 197 191
37 12 196 193 188
38 12 176 174 171
39 12 125 126 123
40 12 115 116 114
41 12 178 179 177
42 12 191 191 189
43 12 199 200 198
16 13 164 159 152
17 13 170 167 161
18 13 176 169 164
19 13 183 151 147
20 13 187 123 121
21 13 187 117 116
22 13 189 123 121
23 13 188 167 165
24 13 185 184 182
25 13 184 185 182
26 13 173 175 172
27 13 159 161 159
28 13 164 167 164
29 13 182 184 181
30 13 192 194 190
31 13 195 197 193
32 13 196 197 194
33 13 197 198 195
34 13 197 198 194
35 13 196 195 190
36 13 196 193 187
37 13 181 180 177
38 13 110 110 109
39 13 17 17 17
40 13 95 96 94
41 13 173 174 171
42 13 188 189 186
43 13 191 192 189
44 13 197 198 195
17 14 169 166 160
18 14 172 169 164
19 14 177 167 164
20 14 186 150 146
21 14 188 131 129
22 14 188 133 131
23 14 186 174 172
24 14 184 185 182
25 14 186 187 185
26 14 186 187 185
27 14 186 188 185
28 14 189 191 188
29 14 191 193 190
30 14 192 194 190
31 14 195 196 193
32 14 196 197 194
33 14 197 197 194
34 14 195 194 189
35 14 196 192 187
36 14 192 191 187
37 14 161 162 160
38 14 50 50 50
39 14 56 56 55
40 14 147 147 145
41 14 183 183 181
42 14 187 188 185
43 14 186 187 184
44 14 193 194 192
18 15 171 169 163
19 15 174 172 168
20 15 180 172 169
21 15 186 156 153
22 15 188 149 146
23 15 185 178 175
24 15 184 185 182
25 15 185 187 184
26 15 187 189 186
27 15 189 191 188
28 15 190 192 188
29 15 192 193 190
30 15 193 194 190
31 15 195 195 192
32 15 195 195 191
33 15 195 193 188
34 15 194 190 184
35 15 193 192 188
36 15 188 188 185
37 15 167 167 166
38 15 122 123 121
39 15 140 141 138
40 15 174 175 172
41 15 185 185 182
42 15 185 185 182
43 15 182 183 180
44 15 183 184 181
45 15 190 190 188
19 16 173 171 166
20 16 176 175 171
21 16 181 174 171
22 16 186 171 168
23 16 184 181 178
24 16 185 186 183
25 16 186 188 184
26 16 188 189 186
27 16 189 191 187
28 16 191 192 189
29 16 192 193 189
30 16 193 194 190
31 16 194 194 190
32 16 194 191 186
33 16 195 190 184
34 16 192 190 186
35 16 189 189 186
36 16 187 187 184
37 16 180 180 178
38 16 176 176 173
39 16 178 179 176
40 16 182 182 180
41 16 182 183 180
42 16 181 182 179
43 16 180 180 178
44 16 177 178 175
45 16 183 183 181
20 17 174 173 168
21 17 177 177 173
22 17 181 181 177
23 17 184 184 181
24 17 185 186 183
25 17 187 188 184
26 17 188 189 186
27 17 190 191 188
28 17 191 192 188
29 17 192 192 189
30 17 193 193 189
31 17 192 189 183
32 17 192 187 181
33 17 192 189 185
34 17 187 186 183
35 17 187 187 184
36 17 185 185 182
37 17 184 184 181
38 17 183 183 180
39 17 181 182 179
40 17 180 181 178
41 17 179 179 177
42 17 177 178 175
43 17 177 177 174
44 17 174 175 172
45 17 173 174 171
46 17 182 183 180
21 18 177 176 171
22 18 180 180 176
23 18 183 183 180
24 18 186 186 182
25 18 188 188 184
26 18 189 189 186
27 18 190 190 186
28 18 190 191 187
29 18 192 191 187
30 18 191 188 182
31 18 191 186 179
32 18 189 186 182
33 18 186 185 181
34 18 186 185 182
35 18 184 184 181
36 18 183 183 180
37 18 182 182 179
38 18 180 180 177
39 18 178 179 176
40 18 179 179 176
41 18 177 177 174
42 18 176 177 173
43 18 174 175 171
44 18 173 174 171
45 18 170 172 169
46 18 167 169 167
22 19 179 177 173
23 19 182 182 177
24 19 185 185 181
25 19 187 187 183
26 19 189 189 185
27 19 189 190 185
28 19 189 189 185
29 19 190 186 180
30 19 189 183 177
31 19 189 186 181
32 19 185 184 180
33 19 184 183 180
34 19 183 182 179
35 19 182 181 178
36 19 180 180 177
37 19 178 179 176
38 19 178 178 175
39 19 177 177 174
40 19 175 176 173
41 19 174 175 171
42 19 172 172 169
43 19 171 171 168
44 19 171 172 169
45 19 165 167 165
46 19 133 135 134
23 20 180 179 174
24 20 184 183 178
25 20 185 186 181
26 20 187 188 183
27 20 189 188 183
28 20 188 184 178
29 20 188 181 174
30 20 187 184 179
31 20 184 183 179
32 20 181 180 177
33 20 182 181 178
34 20 180 180 177
35 20 180 179 176
36 20 178 178 175
37 20 176 176 173
38 20 176 176 173
39 20 175 175 172
40 20 173 173 170
41 20 171 171 168
42 20 170 170 167
43 20 170 171 168
44 20 164 166 164
45 20 131 133 132
24 21 181 179 173
25 21 184 182 177
26 21 186 184 179
27 21 186 180 174
28 21 186 179 171
29 21 187 183 178
30 21 182 180 176
31 21 181 180 176
32 21 179 178 175
33 21 179 178 175
34 21 177 176 173
35 21 177 177 174
36 21 176 175 172
37 21 174 174 171
38 21 174 174 171
39 21 172 171 168
40 21 170 170 167
41 21 169 169 166
42 21 169 169 166
43 21 165 166 164
44 21 134 135 134
25 22 181 176 168
26 22 181 172 163
27 22 182 172 163
28 22 184 179 173
29 22 180 178 174
30 22 179 178 174
31 22 178 177 174
32 22 177 177 173
33 22 175 175 171
34 22 175 175 172
35 22 175 175 172
36 22 173 173 170
37 22 172 172 169
38 22 171 170 167
39 22 170 169 166
40 22 168 168 165
41 22 169 169 166
42 22 165 165 163
43 22 135 137 135
26 23 174 158 146
27 23 178 168 159
28 23 177 174 169
29 23 178 176 173
30 23 178 177 173
31 23 176 175 171
32 23 174 174 169
33 23 173 173 169
34 23 173 172 169
35 23 172 172 168
36 23 169 169 166
37 23 168 168 165
38 23 167 167 164
39 23 166 166 163
40 23 167 166 163
41 23 164 164 161
42 23 142 143 141
27 24 176 168 160
28 24 174 170 164
29 24 175 173 168
30 24 175 173 169
31 24 175 174 170
32 24 172 171 167
33 24 170 170 166
34 24 168 168 165
35 24 159 159 156
36 24 145 145 143
37 24 151 151 147
38 24 164 164 160
39 24 166 165 162
40 24 163 163 160
41 24 146 147 144
28 25 175 170 163
29 25 171 168 163
30 25 172 169 165
31 25 171 170 166
32 25 170 169 165
33 25 167 167 162
34 25 151 151 147
35 25 101 101 99
36 25 70 71 69
37 25 126 126 123
38 25 161 161 157
39 25 162 162 159
40 25 146 146 143
41 25 55 56 54
29 26 172 167 161
30 26 168 164 159
31 26 168 166 161
32 26 168 166 162
33 26 159 159 155
34 26 110 110 107
35 26 23 23 23
36 26 56 56 53
37 26 139 139 135
38 26 159 159 155
39 26 146 146 143
40 26 56 56 54
30 27 168 163 157
31 27 164 160 155
32 27 163 161 157
33 27 150 149 145
34 27 85 85 82
35 27 60 59 56
36 27 117 116 111
37 27 150 150 146
38 27 144 144 141
39 27 56 56 54
31 28 162 156 150
32 28 158 154 149
33 28 151 149 144
34 28 127 125 120
35 28 135 133 127
36 28 147 145 140
37 28 139 138 134
38 28 53 53 51
32 29 156 150 143
33 29 152 148 141
34 29 150 147 141
35 29 150 147 142
36 29 136 134 129
37 29 53 52 49
33 30 147 141 133
34 30 144 138 131
35 30 132 129 123
36 30 51 49 46
34 31 130 122 114
35 31 42 38 35
