32 0 184 180 172
33 0 180 173 162
34 0 173 164 152
30 1 185 185 182
31 1 190 190 187
32 1 192 191 187
33 1 191 187 180
34 1 189 183 173
35 1 177 168 157
29 2 189 190 187
30 2 192 193 190
31 2 191 192 190
32 2 187 188 185
33 2 190 189 186
34 2 193 190 184
35 2 191 183 176
27 3 187 188 186
28 3 190 191 189
29 3 191 192 190
30 3 183 184 182
31 3 157 158 157
32 3 127 128 126
33 3 158 160 157
34 3 191 190 187
35 3 195 191 186
36 3 195 184 177
25 4 186 187 184
26 4 190 190 188
27 4 191 192 190
28 4 193 193 191
29 4 184 185 182
30 4 136 137 134
31 4 52 53 52
32 4 20 20 20
33 4 80 81 79
34 4 173 174 171
35 4 196 195 192
36 4 197 191 185
37 4 196 185 177
23 5 183 183 181
24 5 187 188 186
25 5 190 190 188
26 5 192 193 190
27 5 192 193 190
28 5 193 193 191
29 5 185 186 184
30 5 134 135 133
31 5 23 23 23
32 5 38 39 38
33 5 115 116 113
34 5 176 176 173
35 5 196 196 193
36 5 198 196 192
37 5 197 190 184
38 5 196 182 174
22 6 184 185 183
23 6 187 188 186
24 6 190 191 189
25 6 192 192 190
26 6 192 192 190
27 6 192 192 190
28 6 192 193 190
29 6 190 191 189
30 6 175 176 173
31 6 133 134 131
32 6 152 153 151
33 6 180 181 178
34 6 193 193 190
35 6 197 197 195
36 6 198 197 194
37 6 198 194 190
38 6 197 190 184
39 6 197 183 173
20 7 182 184 182
21 7 184 186 184
22 7 184 186 184
23 7 185 186 184
24 7 188 189 187
25 7 190 191 188
26 7 191 192 189
27 7 192 192 190
28 7 192 192 190
29 7 191 192 189
30 7 191 191 189
31 7 187 187 185
32 7 190 190 188
33 7 193 194 191
34 7 196 196 193
35 7 197 197 195
36 7 198 198 195
37 7 199 197 195
38 7 198 194 189
39 7 197 188 182
18 8 177 180 178
19 8 183 185 184
20 8 184 186 184
21 8 176 178 176
22 8 151 153 151
23 8 143 145 143
24 8 161 163 160
25 8 184 185 182
26 8 190 190 188
27 8 191 191 189
28 8 189 190 187
29 8 187 187 185
30 8 188 189 187
31 8 189 190 188
32 8 193 193 191
33 8 195 195 193
34 8 196 196 193
35 8 196 196 194
36 8 198 197 195
37 8 198 198 195
38 8 199 197 194
39 8 199 193 189
40 8 198 187 180
17 9 171 174 172
18 9 182 184 183
19 9 187 189 187
20 9 177 179 177
21 9 121 123 121
22 9 48 50 49
23 9 35 36 36
24 9 95 97 96
25 9 171 172 170
26 9 189 189 186
27 9 188 188 186
28 9 173 174 171
29 9 142 143 140
30 9 141 143 141
31 9 161 162 160
32 9 188 189 187
33 9 194 195 192
34 9 195 195 193
35 9 195 196 193
36 9 194 194 191
37 9 189 189 187
38 9 192 191 189
39 9 196 194 191
40 9 198 191 186
41 9 198 187 180
17 10 184 188 188
18 10 181 184 183
19 10 187 189 187
20 10 166 168 166
21 10 83 85 83
22 10 6 6 6
23 10 25 26 25
24 10 116 119 117
25 10 175 176 174
26 10 187 188 185
27 10 175 175 172
28 10 118 119 116
29 10 35 35 34
30 10 25 25 25
31 10 78 80 78
32 10 170 171 169
33 10 193 193 191
34 10 194 194 192
35 10 186 186 184
36 10 155 155 153
37 10 129 130 128
38 10 145 146 144
39 10 175 174 172
40 10 193 189 185
41 10 198 190 185
42 10 196 183 175
18 11 180 183 183
19 11 187 190 188
20 11 172 173 171
21 11 126 127 124
22 11 97 97 95
23 11 117 118 117
24 11 160 162 160
25 11 183 184 182
26 11 187 188 185
27 11 173 174 171
28 11 103 103 100
29 11 6 6 5
30 11 18 17 17
31 11 92 93 91
32 11 168 169 166
33 11 192 192 190
34 11 192 192 189
35 11 165 165 162
36 11 73 73 71
37 11 22 22 22
38 11 37 38 37
39 11 129 129 127
40 11 187 185 183
41 11 198 193 189
42 11 197 188 181
19 12 180 183 181
20 12 186 188 185
21 12 179 179 176
22 12 173 173 170
23 12 175 175 172
24 12 181 181 179
25 12 186 186 184
26 12 186 187 184
27 12 176 177 174
28 12 143 143 141
29 12 94 93 91
30 12 104 102 99
31 12 150 150 147
32 12 184 184 181
33 12 192 192 189
34 12 189 189 187
35 12 151 151 147
36 12 38 38 36
37 12 8 8 8
38 12 30 30 29
39 12 128 128 126
40 12 188 187 184
41 12 199 196 192
42 12 197 190 183
43 12 191 177 168
19 13 158 161 160
20 13 182 183 182
21 13 188 188 186
22 13 186 186 182
23 13 185 184 181
24 13 186 186 183
25 13 186 185 182
26 13 186 186 183
27 13 184 185 182
28 13 179 180 178
29 13 173 173 170
30 13 172 172 169
31 13 181 181 178
32 13 189 189 186
33 13 192 191 189
34 13 191 191 188
35 13 176 175 172
36 13 119 118 115
37 13 97 97 94
38 13 110 110 107
39 13 163 163 160
40 13 193 192 189
41 13 197 194 190
42 13 192 185 179
43 13 181 170 161
44 13 179 164 153
20 14 168 170 169
21 14 188 188 186
22 14 188 188 184
23 14 186 185 182
24 14 185 185 182
25 14 186 186 183
26 14 185 185 182
27 14 184 185 182
28 14 185 185 183
29 14 185 186 183
30 14 186 186 184
31 14 189 189 186
32 14 191 190 188
33 14 192 192 189
34 14 192 192 189
35 14 191 191 187
36 14 182 181 178
37 14 179 179 175
38 14 180 179 176
39 14 190 189 185
40 14 193 191 187
41 14 182 178 173
42 14 154 148 142
43 14 157 150 142
44 14 179 171 163
20 15 140 142 141
21 15 182 183 182
22 15 189 189 186
23 15 187 186 183
24 15 185 185 182
25 15 184 184 181
26 15 178 179 176
27 15 171 172 169
28 15 168 168 166
29 15 174 175 172
30 15 185 186 183
31 15 189 188 185
32 15 190 189 186
33 15 192 191 188
34 15 192 191 187
35 15 194 193 189
36 15 194 193 189
37 15 193 192 189
38 15 193 192 188
39 15 185 183 178
40 15 156 151 146
41 15 104 101 96
42 15 112 108 103
43 15 148 142 136
44 15 179 174 167
21 16 164 165 164
22 16 183 184 182
23 16 189 189 186
24 16 186 186 182
25 16 180 180 177
26 16 151 151 148
27 16 113 113 110
28 16 86 87 84
29 16 121 122 119
30 16 175 175 173
31 16 188 187 184
32 16 190 189 185
33 16 192 190 187
34 16 192 191 187
35 16 193 192 188
36 16 193 192 188
37 16 191 189 185
38 16 174 172 167
39 16 120 117 111
40 16 52 51 47
41 16 37 36 34
42 16 94 92 87
43 16 140 136 129
44 16 173 169 162
21 17 50 49 48
22 17 170 171 169
23 17 188 188 185
24 17 185 185 182
25 17 169 168 165
26 17 100 99 96
27 17 29 29 28
28 17 7 7 7
29 17 52 52 50
30 17 157 157 153
31 17 186 185 181
32 17 190 188 184
33 17 191 189 185
34 17 191 189 185
35 17 192 190 186
36 17 184 182 179
37 17 157 155 151
38 17 101 98 94
39 17 24 23 22
40 17 22 21 21
41 17 77 77 74
42 17 111 109 104
43 17 140 136 130
44 17 168 164 157
22 18 127 127 126
23 18 174 174 171
24 18 185 185 181
25 18 167 166 162
26 18 91 90 87
27 18 6 6 5
28 18 6 6 6
29 18 83 83 80
30 18 166 165 161
31 18 186 185 180
32 18 188 186 182
33 18 190 188 184
34 18 186 185 181
35 18 166 164 160
36 18 138 137 133
37 18 119 118 115
38 18 75 74 72
39 18 61 61 59
40 18 89 89 86
41 18 112 111 107
42 18 118 116 111
43 18 133 129 123
44 18 163 159 153
23 19 152 151 148
24 19 180 180 176
25 19 175 174 170
26 19 148 146 142
27 19 93 91 87
28 19 93 91 87
29 19 145 143 138
30 19 179 177 172
31 19 187 185 181
32 19 186 185 181
33 19 173 173 169
34 19 144 144 140
35 19 131 131 127
36 19 129 129 125
37 19 123 122 119
38 19 112 111 108
39 19 115 115 112
40 19 119 118 114
41 19 117 116 111
42 19 116 114 109
43 19 125 123 117
44 19 156 152 146
23 20 105 103 100
24 20 171 169 165
25 20 183 181 177
26 20 178 176 171
27 20 166 164 159
28 20 170 168 163
29 20 180 178 173
30 20 185 184 180
31 20 181 181 178
32 20 152 152 149
33 20 135 136 132
34 20 130 129 126
35 20 129 129 126
36 20 127 127 124
37 20 126 126 122
38 20 124 124 120
39 20 123 123 119
40 20 118 117 113
41 20 106 105 101
42 20 101 100 96
43 20 115 113 109
44 20 141 137 131
45 20 161 156 149
24 21 145 143 139
25 21 176 174 170
26 21 185 183 178
27 21 182 179 174
28 21 185 183 179
29 21 180 180 177
30 21 150 150 147
31 21 100 101 98
32 21 94 95 92
33 21 122 123 120
34 21 128 128 125
35 21 127 126 123
36 21 126 125 122
37 21 124 124 120
38 21 123 123 119
39 21 118 118 114
40 21 100 99 95
41 21 64 63 59
42 21 52 51 49
43 21 101 98 94
44 21 130 123 116
45 21 156 147 139
24 22 51 50 50
25 22 162 159 156
26 22 183 181 178
27 22 182 181 177
28 22 166 167 164
29 22 110 111 108
30 22 44 44 43
31 22 20 20 20
32 22 80 82 80
33 22 121 122 119
34 22 127 126 123
35 22 126 126 123
36 22 124 124 121
37 22 123 122 119
38 22 119 119 116
39 22 103 102 99
40 22 54 53 50
41 22 27 26 25
42 22 70 67 64
43 22 97 92 87
44 22 109 98 90
45 22 156 144 135
25 23 114 113 110
26 23 166 166 164
27 23 146 148 145
28 23 109 111 108
29 23 34 35 34
30 23 27 28 28
31 23 76 78 77
32 23 115 116 114
33 23 126 126 123
34 23 125 125 122
35 23 125 124 121
36 23 121 121 118
37 23 122 121 118
38 23 117 116 113
39 23 86 85 82
40 23 61 59 57
41 23 74 70 66
42 23 81 75 71
43 23 85 77 72
25 24 51 50 49
26 24 121 122 120
27 24 127 128 126
28 24 98 100 98
29 24 85 87 86
30 24 101 103 102
31 24 118 119 117
32 24 125 125 122
33 24 124 124 121
34 24 123 122 119
35 24 122 122 119
36 24 121 120 117
37 24 120 119 116
38 24 117 116 113
39 24 106 104 100
40 24 86 81 77
41 24 89 82 77
42 24 51 46 43
26 25 53 54 52
27 25 133 135 132
28 25 124 125 123
29 25 123 124 122
30 25 124 125 123
31 25 124 125 122
32 25 121 121 118
33 25 113 113 110
34 25 111 111 108
35 25 117 117 114
36 25 119 119 116
37 25 117 115 112
38 25 112 109 105
39 25 96 92 88
40 25 59 57 54
27 26 107 108 105
28 26 128 129 126
29 26 127 127 124
30 26 124 125 122
31 26 113 113 110
32 26 84 84 82
33 26 60 60 59
34 26 85 85 83
35 26 114 113 110
36 26 114 111 107
37 26 105 101 97
38 26 94 89 84
27 27 56 56 55
28 27 137 138 135
29 27 125 125 123
30 27 114 115 112
31 27 64 65 63
32 27 26 27 26
33 27 51 52 51
34 27 99 99 96
35 27 101 99 95
36 27 106 101 96
37 27 62 58 54
28 28 120 121 118
29 28 125 126 123
30 28 97 97 95
31 28 59 60 58
32 28 71 71 68
33 28 87 85 82
34 28 88 86 83
35 28 58 56 54
28 29 64 65 63
29 29 130 131 128
30 29 112 111 109
31 29 104 102 98
32 29 86 85 81
33 29 85 82 77
29 30 94 93 91
30 30 109 106 101
31 30 102 98 92
32 30 59 56 52
