31 1 157 148 140
32 1 161 153 146
33 1 170 164 158
34 1 181 176 172
29 2 161 153 144
30 2 166 160 152
31 2 170 164 157
32 2 175 170 164
33 2 179 176 170
34 2 183 180 176
35 2 187 184 180
27 3 159 152 144
28 3 166 161 153
29 3 170 165 157
30 3 173 169 162
31 3 177 173 167
32 3 178 175 169
33 3 181 178 173
34 3 186 184 180
35 3 191 190 187
36 3 195 194 192
26 4 166 161 154
27 4 170 165 159
28 4 174 171 165
29 4 178 175 169
30 4 179 176 171
31 4 179 177 172
32 4 181 179 174
33 4 183 182 177
34 4 186 185 181
35 4 193 193 190
36 4 196 196 194
37 4 198 198 196
24 5 167 162 155
25 5 170 166 159
26 5 175 172 166
27 5 177 175 170
28 5 180 178 173
29 5 182 180 175
30 5 182 181 176
31 5 184 182 178
32 5 184 183 179
33 5 186 185 181
34 5 189 188 184
35 5 192 192 188
36 5 197 197 194
37 5 198 199 197
38 5 199 200 199
22 6 166 161 154
23 6 170 166 160
24 6 175 172 166
25 6 178 176 171
26 6 180 178 174
27 6 181 180 176
28 6 183 182 178
29 6 184 184 180
30 6 185 185 182
31 6 187 187 183
32 6 188 188 184
33 6 189 189 186
34 6 191 190 187
35 6 193 193 190
36 6 195 195 192
37 6 198 199 196
38 6 201 202 200
39 6 203 204 203
40 6 202 204 204
20 7 164 159 152
21 7 168 164 158
22 7 169 166 161
23 7 171 169 165
24 7 176 175 171
25 7 180 180 176
26 7 182 182 178
27 7 183 183 180
28 7 180 180 177
29 7 175 175 173
30 7 176 176 173
31 7 187 187 184
32 7 190 191 188
33 7 192 192 189
34 7 191 192 189
35 7 187 187 185
36 7 180 180 177
37 7 182 182 179
38 7 197 198 196
39 7 203 205 203
40 7 204 206 205
41 7 204 207 206
18 8 159 148 139
19 8 168 162 156
20 8 168 164 159
21 8 157 155 151
22 8 139 138 134
23 8 126 125 121
24 8 151 151 147
25 8 179 179 176
26 8 182 182 179
27 8 172 172 169
28 8 142 142 139
29 8 109 109 107
30 8 111 111 108
31 8 169 169 167
32 8 191 191 189
33 8 191 192 190
34 8 174 175 173
35 8 135 136 134
36 8 95 96 93
37 8 101 102 99
38 8 172 174 171
39 8 202 203 201
40 8 206 208 207
41 8 205 207 206
42 8 198 200 199
17 9 159 141 130
18 9 170 159 151
19 9 173 169 164
20 9 159 158 155
21 9 104 103 101
22 9 45 45 43
23 9 57 57 55
24 9 143 144 141
25 9 180 181 178
26 9 179 180 177
27 9 140 141 138
28 9 54 55 53
29 9 28 28 27
30 9 99 100 98
31 9 170 171 168
32 9 192 193 190
33 9 186 187 185
34 9 135 137 136
35 9 42 44 43
36 9 34 35 34
37 9 107 109 107
38 9 176 178 176
39 9 201 202 201
40 9 205 207 205
41 9 204 206 205
42 9 201 204 204
17 10 171 155 143
18 10 171 162 154
19 10 176 172 167
20 10 149 148 145
21 10 94 95 93
22 10 88 88 86
23 10 139 139 137
24 10 174 174 171
25 10 186 186 183
26 10 181 182 179
27 10 153 154 152
28 10 115 117 114
29 10 135 137 135
30 10 172 173 171
31 10 191 192 190
32 10 195 196 194
33 10 189 191 189
34 10 165 167 166
35 10 137 139 138
36 10 150 152 151
37 10 178 180 178
38 10 198 199 197
39 10 202 203 202
40 10 202 202 201
41 10 198 200 199
42 10 199 202 201
43 10 202 205 204
18 11 136 130 123
19 11 171 166 161
20 11 174 172 168
21 11 168 168 165
22 11 171 170 167
23 11 182 182 179
24 11 187 187 184
25 11 189 189 186
26 11 188 189 186
27 11 185 186 183
28 11 182 183 180
29 11 187 188 185
30 11 193 194 192
31 11 197 198 195
32 11 198 199 196
33 11 198 199 197
34 11 196 197 195
35 11 194 195 193
36 11 197 198 196
37 11 200 200 199
38 11 200 201 199
39 11 187 188 186
40 11 179 180 177
41 11 190 191 189
42 11 193 195 194
43 11 203 205 205
18 12 52 51 49
19 12 142 136 129
20 12 182 177 172
21 12 187 186 182
22 12 188 187 184
23 12 190 189 186
24 12 190 190 187
25 12 191 191 188
26 12 192 192 189
27 12 193 193 190
28 12 194 194 191
29 12 196 196 194
30 12 197 197 195
31 12 198 199 196
32 12 199 200 198
33 12 200 201 199
34 12 201 202 200
35 12 202 203 201
36 12 201 202 200
37 12 192 193 191
38 12 158 159 157
39 12 103 105 102
40 12 115 116 113
41 12 176 177 174
42 12 191 192 191
43 12 200 202 201
19 13 53 52 50
20 13 156 150 143
21 13 188 185 180
22 13 191 190 186
23 13 191 190 187
24 13 192 192 189
25 13 192 192 189
26 13 193 193 190
27 13 195 195 192
28 13 196 196 193
29 13 197 198 195
30 13 198 198 196
31 13 200 200 198
32 13 200 201 199
33 13 201 201 199
34 13 200 201 199
35 13 196 197 195
36 13 189 190 188
37 13 146 148 146
38 13 59 60 59
39 13 6 6 6
40 13 52 52 51
41 13 157 157 154
42 13 187 188 186
43 13 196 197 196
19 14 51 50 48
20 14 86 81 76
21 14 168 163 157
22 14 191 189 184
23 14 192 192 188
24 14 193 193 190
25 14 194 194 192
26 14 194 195 192
27 14 196 196 194
28 14 198 198 195
29 14 198 199 196
30 14 199 199 197
31 14 201 201 199
32 14 200 200 198
33 14 196 197 195
34 14 183 184 182
35 14 175 176 174
36 14 176 178 176
37 14 122 125 124
38 14 14 15 15
39 14 19 19 19
40 14 94 94 91
41 14 161 161 157
42 14 183 184 181
43 14 188 189 187
44 14 196 197 196
20 15 53 52 50
21 15 112 107 100
22 15 181 177 172
23 15 193 191 187
24 15 194 193 190
25 15 195 195 192
26 15 196 196 194
27 15 197 198 195
28 15 198 198 196
29 15 199 200 197
30 15 199 199 197
31 15 198 198 196
32 15 187 188 186
33 15 152 153 150
34 15 96 97 95
35 15 101 102 101
36 15 153 156 155
37 15 142 146 145
38 15 69 71 70
39 15 97 97 95
40 15 148 148 145
41 15 175 174 171
42 15 181 181 177
43 15 182 182 180
44 15 193 194 192
20 16 55 55 52
21 16 54 53 51
22 16 137 132 125
23 16 189 186 180
24 16 195 194 190
25 16 196 196 193
26 16 197 197 194
27 16 198 198 196
28 16 199 199 197
29 16 197 198 196
30 16 194 195 193
31 16 184 185 182
32 16 137 138 136
33 16 47 48 46
34 16 5 5 5
35 16 30 31 30
36 16 135 138 136
37 16 169 171 170
38 16 156 157 154
39 16 160 161 158
40 16 172 172 168
41 16 177 177 173
42 16 177 176 172
43 16 178 178 174
44 16 187 187 184
21 17 55 54 52
22 17 61 60 58
23 17 164 158 150
24 17 194 191 185
25 17 197 196 192
26 17 197 196 193
27 17 196 196 194
28 17 192 193 190
29 17 177 178 176
30 17 171 172 170
31 17 170 172 170
32 17 113 116 115
33 17 12 12 12
34 17 8 8 8
35 17 75 76 74
36 17 154 154 152
37 17 178 178 176
38 17 178 178 175
39 17 176 176 173
40 17 176 175 171
41 17 175 174 169
42 17 174 172 167
43 17 174 172 167
44 17 178 177 173
21 18 53 52 49
22 18 56 55 53
23 18 79 75 70
24 18 171 166 158
25 18 192 189 183
26 18 193 192 188
27 18 182 183 180
28 18 144 145 143
29 18 93 95 92
30 18 97 98 96
31 18 137 140 138
32 18 133 137 135
33 18 62 64 62
34 18 94 95 93
35 18 143 143 140
36 18 172 173 169
37 18 179 179 175
38 18 177 177 174
39 18 175 174 171
40 18 174 173 169
41 18 171 170 165
42 18 168 166 160
43 18 168 166 160
44 18 169 168 163
45 18 179 178 173
22 19 56 54 52
23 19 56 55 53
24 19 111 105 97
25 19 183 178 171
26 19 179 178 174
27 19 127 128 124
28 19 38 39 37
29 19 4 4 4
30 19 26 27 26
31 19 124 127 124
32 19 167 169 167
33 19 158 159 156
34 19 162 163 159
35 19 172 173 169
36 19 176 176 173
37 19 176 176 173
38 19 175 175 171
39 19 172 172 168
40 19 164 164 159
41 19 151 150 144
42 19 137 135 129
43 19 150 148 142
44 19 162 161 155
45 19 176 174 170
22 20 52 50 47
23 20 54 53 50
24 20 66 66 64
25 20 164 159 151
26 20 171 170 166
27 20 102 102 100
28 20 8 9 8
29 20 8 8 8
30 20 71 72 70
31 20 153 153 150
32 20 176 176 173
33 20 178 178 175
34 20 177 177 174
35 20 177 176 173
36 20 176 176 172
37 20 173 173 169
38 20 172 172 168
39 20 165 165 161
40 20 137 137 132
41 20 86 85 81
42 20 52 51 47
43 20 121 119 113
44 20 157 154 149
45 20 165 163 158
23 21 53 51 49
24 21 56 55 52
25 21 118 114 107
26 21 165 161 155
27 21 127 127 124
28 21 62 63 61
29 21 90 90 88
30 21 142 142 139
31 21 173 173 170
32 21 178 178 175
33 21 178 178 175
34 21 176 176 172
35 21 175 174 171
36 21 172 172 168
37 21 168 168 164
38 21 164 164 160
39 21 148 148 144
40 21 77 77 74
41 21 13 13 12
42 21 30 29 27
43 21 111 108 102
44 21 150 147 140
45 21 151 146 140
24 22 54 53 50
25 22 64 62 59
26 22 159 155 148
27 22 169 168 164
28 22 157 157 154
29 22 163 163 160
30 22 171 170 167
31 22 176 176 173
32 22 177 177 174
33 22 176 175 172
34 22 174 174 170
35 22 169 169 165
36 22 153 153 149
37 22 134 134 130
38 22 129 129 126
39 22 140 141 137
40 22 66 66 64
41 22 36 35 33
42 22 88 85 80
43 22 132 128 122
44 22 140 135 128
45 22 127 119 112
46 22 144 135 127
24 23 52 50 47
25 23 54 53 50
26 23 121 117 111
27 23 175 172 167
28 23 177 176 173
29 23 177 177 174
30 23 176 176 173
31 23 175 175 172
32 23 175 174 171
33 23 173 173 170
34 23 170 170 166
35 23 149 149 146
36 23 96 96 93
37 23 47 47 45
38 23 63 63 60
39 23 136 136 132
40 23 124 123 118
41 23 118 115 110
42 23 133 129 123
43 23 135 130 124
44 23 117 111 104
45 23 73 68 62
25 24 54 52 50
26 24 62 60 56
27 24 164 159 152
28 24 176 175 171
29 24 176 175 172
30 24 174 174 171
31 24 173 173 169
32 24 171 171 167
33 24 168 167 164
34 24 162 162 159
35 24 112 113 110
36 24 23 23 22
37 24 12 12 11
38 24 83 82 78
39 24 141 140 135
40 24 150 147 142
41 24 142 139 133
42 24 128 123 117
43 24 81 76 70
26 25 50 49 46
27 25 121 116 110
28 25 173 169 164
29 25 173 172 169
30 25 170 170 167
31 25 156 155 152
32 25 141 141 138
33 25 135 134 131
34 25 146 146 143
35 25 120 120 118
36 25 49 48 47
37 25 78 77 73
38 25 127 125 120
39 25 147 144 138
40 25 142 138 132
41 25 117 113 107
42 25 43 40 37
26 26 50 49 46
27 26 66 63 60
28 26 160 155 148
29 26 171 169 165
30 26 155 155 152
31 26 105 105 102
32 26 54 54 53
33 26 54 53 50
34 26 122 122 118
35 26 148 147 144
36 26 130 128 124
37 26 138 135 130
38 26 142 139 133
39 26 134 130 124
40 26 49 47 44
27 27 50 48 46
28 27 124 119 112
29 27 163 159 154
30 27 124 123 119
31 27 33 33 32
32 27 3 3 3
33 27 63 63 60
34 27 138 137 134
35 27 156 154 150
36 27 151 149 144
37 27 140 137 131
38 27 117 113 108
28 28 80 76 72
29 28 146 139 132
30 28 106 102 98
31 28 49 47 45
32 28 72 71 68
33 28 121 119 115
34 28 148 146 141
35 28 148 145 139
36 28 134 130 124
37 28 49 47 44
28 29 49 46 44
29 29 132 124 116
30 29 144 138 131
31 29 133 131 125
32 29 138 136 130
33 29 145 142 137
34 29 137 134 129
35 29 108 104 99
29 30 118 111 106
30 30 161 151 142
31 30 152 145 138
32 30 144 139 132
33 30 118 114 108
34 30 46 43 40
30 31 151 136 125
31 31 136 125 116
32 31 51 47 42
