33 0 148 133 126
32 1 160 152 145
33 1 167 159 153
34 1 177 170 166
30 2 162 155 146
31 2 167 161 153
32 2 173 168 161
33 2 179 175 169
34 2 186 183 179
28 3 161 155 147
29 3 167 162 155
30 3 170 166 159
31 3 175 172 165
32 3 179 175 169
33 3 184 181 176
34 3 191 190 187
35 3 195 193 191
27 4 164 159 152
28 4 169 165 159
29 4 174 171 165
30 4 178 175 169
31 4 180 177 172
32 4 183 181 177
33 4 187 186 182
34 4 194 193 191
35 4 199 199 197
36 4 198 199 197
25 5 163 158 151
26 5 168 164 158
27 5 173 170 164
28 5 177 175 169
29 5 180 179 174
30 5 182 181 176
31 5 185 184 179
32 5 186 186 182
33 5 190 190 186
34 5 196 196 193
35 5 201 201 199
36 5 202 203 202
23 6 161 157 150
24 6 168 165 159
25 6 172 169 164
26 6 175 173 169
27 6 178 177 173
28 6 181 180 176
29 6 184 183 179
30 6 186 186 182
31 6 188 188 184
32 6 191 190 187
33 6 193 193 190
34 6 196 196 193
35 6 202 202 200
36 6 204 205 204
37 6 203 205 204
22 7 158 154 148
23 7 163 160 155
24 7 170 168 163
25 7 175 174 170
26 7 179 178 174
27 7 178 178 175
28 7 175 175 172
29 7 181 181 178
30 7 189 189 187
31 7 191 191 188
32 7 188 188 186
33 7 179 180 177
34 7 177 177 174
35 7 197 198 196
36 7 206 207 206
37 7 206 208 207
20 8 157 151 144
21 8 155 151 145
22 8 147 144 139
23 8 141 140 135
24 8 163 163 159
25 8 176 176 173
26 8 168 169 165
27 8 141 142 139
28 8 115 115 112
29 8 163 163 161
30 8 190 190 188
31 8 181 182 179
32 8 147 148 146
33 8 95 96 94
34 8 115 116 113
35 8 188 190 187
36 8 206 208 206
37 8 206 208 207
38 8 200 202 202
18 9 153 138 127
19 9 161 152 144
20 9 158 154 148
21 9 129 127 123
22 9 82 81 78
23 9 113 113 110
24 9 166 166 163
25 9 168 169 166
26 9 118 119 116
27 9 63 63 61
28 9 115 116 114
29 9 174 175 173
30 9 185 187 185
31 9 144 146 144
32 9 54 55 54
33 9 89 91 89
34 9 166 167 166
35 9 198 200 198
36 9 204 205 203
37 9 200 202 201
38 9 201 204 204
39 9 205 208 208
18 10 168 156 147
19 10 166 158 151
20 10 147 144 140
21 10 92 92 89
22 10 110 111 108
23 10 159 159 156
24 10 178 178 175
25 10 163 164 162
26 10 115 117 114
27 10 144 145 143
28 10 179 180 178
29 10 191 192 190
30 10 185 186 185
31 10 157 159 158
32 10 149 151 149
33 10 178 180 178
34 10 196 198 196
35 10 201 202 200
36 10 193 194 192
37 10 185 186 185
38 10 194 196 196
39 10 207 210 209
18 11 175 167 158
19 11 173 167 161
20 11 162 160 156
21 11 157 157 154
22 11 172 172 169
23 11 182 182 179
24 11 184 184 181
25 11 181 182 179
26 11 180 180 178
27 11 188 188 186
28 11 193 194 192
29 11 196 197 195
30 11 195 197 195
31 11 195 197 195
32 11 197 198 196
33 11 197 198 197
34 11 189 190 188
35 11 169 171 168
36 11 155 156 153
37 11 169 170 168
38 11 186 188 186
39 11 198 201 200
40 11 206 208 207
18 12 178 170 162
19 12 179 174 168
20 12 181 179 175
21 12 183 182 179
22 12 185 185 182
23 12 187 187 184
24 12 188 189 186
25 12 190 191 188
26 12 192 193 190
27 12 194 195 192
28 12 196 197 194
29 12 199 200 197
30 12 200 201 199
31 12 198 199 197
32 12 194 195 193
33 12 173 174 172
34 12 135 137 134
35 12 73 74 72
36 12 65 66 64
37 12 116 117 114
38 12 173 174 171
39 12 189 191 190
40 12 204 205 205
19 13 183 177 170
20 13 184 182 178
21 13 186 185 181
22 13 188 188 185
23 13 189 189 186
24 13 191 191 188
25 13 192 192 189
26 13 194 194 192
27 13 197 197 195
28 13 198 199 197
29 13 199 199 197
30 13 196 196 194
31 13 185 186 184
32 13 172 173 171
33 13 126 128 126
34 13 42 44 43
35 13 2 2 2
36 13 5 5 5
37 13 44 44 43
38 13 150 150 147
39 13 180 181 178
40 13 193 195 193
41 13 203 204 203
19 14 184 178 171
20 14 187 184 179
21 14 188 188 185
22 14 189 189 186
23 14 191 191 189
24 14 193 193 190
25 14 195 195 193
26 14 196 196 194
27 14 197 198 196
28 14 195 196 194
29 14 185 186 183
30 14 160 161 159
31 14 154 155 153
32 14 159 161 160
33 14 129 132 131
34 14 33 34 34
35 14 1 1 1
36 14 9 9 8
37 14 68 68 66
38 14 145 144 141
39 14 170 170 166
40 14 183 184 181
41 14 198 199 197
19 15 186 180 173
20 15 188 185 180
21 15 190 189 186
22 15 191 191 188
23 15 193 193 190
24 15 194 195 192
25 15 196 196 194
26 15 194 195 193
27 15 188 189 187
28 15 167 168 166
29 15 117 119 116
30 15 62 63 61
31 15 73 74 72
32 15 112 115 113
33 15 146 150 149
34 15 94 98 97
35 15 45 46 45
36 15 80 81 79
37 15 127 127 124
38 15 161 161 157
39 15 169 168 164
40 15 175 174 171
41 15 185 186 183
42 15 200 201 199
19 16 187 181 173
20 16 189 185 179
21 16 191 190 187
22 16 193 193 190
23 16 194 194 192
24 16 193 194 191
25 16 190 190 188
26 16 178 178 176
27 16 165 166 164
28 16 109 110 108
29 16 25 26 25
30 16 2 2 2
31 16 6 6 6
32 16 57 58 57
33 16 142 145 144
34 16 149 151 149
35 16 142 143 141
36 16 147 147 144
37 16 157 157 154
38 16 165 165 161
39 16 167 167 163
40 16 166 165 160
41 16 173 173 169
42 16 189 189 186
43 16 192 192 189
19 17 188 180 171
20 17 189 185 178
21 17 191 190 186
22 17 192 192 189
23 17 189 190 187
24 17 175 176 173
25 17 153 154 151
26 17 149 150 148
27 17 151 154 151
28 17 107 111 109
29 17 22 24 23
30 17 1 1 1
31 17 12 12 12
32 17 82 83 80
33 17 146 147 144
34 17 164 164 161
35 17 165 165 162
36 17 163 163 160
37 17 163 162 159
38 17 166 165 161
39 17 162 161 156
40 17 162 160 155
41 17 164 163 157
42 17 174 173 169
43 17 191 190 186
19 18 184 175 164
20 18 185 179 170
21 18 186 183 177
22 18 180 180 176
23 18 154 155 152
24 18 108 110 107
25 18 62 63 61
26 18 73 74 72
27 18 99 102 100
28 18 122 126 125
29 18 86 89 88
30 18 52 53 51
31 18 87 88 86
32 18 130 131 128
33 18 159 160 156
34 18 165 165 162
35 18 164 163 160
36 18 162 162 159
37 18 162 161 157
38 18 161 160 155
39 18 157 156 151
40 18 159 157 152
41 18 158 156 150
42 18 162 160 154
43 18 178 177 172
44 18 187 186 181
20 19 173 165 154
21 19 173 169 161
22 19 158 157 153
23 19 96 97 94
24 19 23 23 22
25 19 1 1 1
26 19 7 7 6
27 19 54 56 54
28 19 135 137 135
29 19 149 151 148
30 19 142 143 140
31 19 147 147 144
32 19 157 157 153
33 19 163 163 159
34 19 163 162 159
35 19 161 161 157
36 19 160 159 156
37 19 159 159 155
38 19 155 154 149
39 19 148 147 142
40 19 136 135 129
41 19 127 124 118
42 19 144 141 135
43 19 165 164 158
44 19 181 180 175
21 20 171 165 156
22 20 153 151 146
23 20 101 102 99
24 20 26 26 25
26 20 16 17 16
27 20 85 86 84
28 20 148 149 146
29 20 161 161 158
30 20 161 161 158
31 20 160 160 157
32 20 162 161 158
33 20 162 161 158
34 20 161 161 157
35 20 158 158 154
36 20 158 158 154
37 20 154 154 150
38 20 143 143 138
39 20 103 103 98
40 20 58 58 54
41 20 37 36 34
42 20 107 105 99
43 20 148 146 140
44 20 165 163 159
45 20 178 176 171
21 21 153 146 135
22 21 159 154 145
23 21 132 130 126
24 21 93 93 91
25 21 64 64 62
26 21 93 93 91
27 21 136 136 133
28 21 157 157 154
29 21 161 161 158
30 21 160 160 156
31 21 162 161 158
32 21 160 159 156
33 21 159 159 155
34 21 155 155 151
35 21 155 155 151
36 21 151 151 147
37 21 148 148 144
38 21 111 111 107
39 21 31 31 29
40 21 3 3 2
41 21 4 4 4
42 21 59 57 54
43 21 134 131 125
44 21 152 149 143
45 21 166 162 156
22 22 156 150 140
23 22 160 156 150
24 22 150 149 146
25 22 144 144 141
26 22 149 149 146
27 22 157 156 153
28 22 160 160 157
29 22 159 159 156
30 22 159 159 156
31 22 159 159 156
32 22 158 158 154
33 22 152 152 148
34 22 142 142 138
35 22 127 127 123
36 22 112 112 108
37 22 125 125 122
38 22 115 115 111
39 22 33 34 32
40 22 10 10 9
41 22 25 25 23
42 22 93 91 86
43 22 133 129 123
44 22 137 132 125
45 22 142 135 127
46 22 156 147 139
23 23 161 155 147
24 23 160 156 150
25 23 158 157 154
26 23 159 159 156
27 23 158 158 155
28 23 159 158 155
29 23 158 157 154
30 23 159 158 155
31 23 157 156 153
32 23 153 153 149
33 23 140 141 137
34 23 92 92 89
35 23 47 47 45
36 23 26 26 25
37 23 67 67 64
38 23 127 128 124
39 23 101 100 97
40 23 83 82 78
41 23 107 104 99
42 23 130 126 120
43 23 134 129 122
44 23 116 110 103
45 23 97 89 82
46 23 109 97 88
24 24 162 155 148
25 24 161 157 152
26 24 157 156 153
27 24 158 157 154
28 24 156 155 152
29 24 156 156 153
30 24 154 154 150
31 24 151 151 148
32 24 149 149 145
33 24 118 119 116
34 24 31 31 30
35 24 1 1 1
36 24 2 2 1
37 24 55 54 52
38 24 126 124 120
39 24 136 135 130
40 24 135 132 127
41 24 135 130 125
42 24 123 117 111
43 24 108 102 95
44 24 46 42 38
24 25 182 174 165
25 25 164 158 150
26 25 156 153 148
27 25 155 154 151
28 25 154 154 151
29 25 137 137 134
30 25 121 121 118
31 25 112 111 107
32 25 120 120 117
33 25 126 126 124
34 25 70 71 69
35 25 23 23 22
36 25 40 39 37
37 25 98 96 92
38 25 134 132 126
39 25 138 135 129
40 25 133 129 123
41 25 107 103 97
42 25 48 45 42
25 26 152 145 137
26 26 162 157 150
27 26 154 152 148
28 26 139 139 136
29 26 83 83 80
30 26 34 34 33
31 26 26 26 24
32 26 51 50 48
33 26 120 120 117
34 26 126 125 122
35 26 105 104 100
36 26 119 117 112
37 26 132 130 124
38 26 133 129 123
39 26 120 115 109
40 26 100 96 90
26 27 146 139 131
27 27 153 149 143
28 27 119 117 113
29 27 34 34 32
30 27 1 1 1
31 27 1 1 1
32 27 55 55 53
33 27 127 126 123
34 27 144 142 138
35 27 139 137 132
36 27 136 133 128
37 27 118 115 109
38 27 103 99 93
27 28 146 138 130
28 28 116 109 102
29 28 63 61 58
30 28 35 34 32
31 28 56 55 53
32 28 106 105 102
33 28 137 135 130
34 28 138 135 130
35 28 118 115 109
36 28 103 99 93
37 28 50 47 44
28 29 142 132 123
29 29 129 124 118
30 29 122 119 114
31 29 128 125 120
32 29 133 131 125
33 29 127 123 118
34 29 107 103 98
35 29 52 49 46
28 30 132 119 108
29 30 149 138 129
30 30 137 129 121
31 30 129 124 117
32 30 111 107 101
33 30 53 51 47
29 31 139 120 107
30 31 118 105 95
31 31 89 82 76
