31 1 160 151 143
32 1 161 153 146
33 1 169 163 157
34 1 182 177 172
29 2 160 152 143
30 2 166 160 151
31 2 170 164 157
32 2 174 170 164
33 2 179 176 170
34 2 183 181 176
35 2 188 184 181
27 3 156 149 141
28 3 166 160 152
29 3 169 164 157
30 3 173 169 162
31 3 177 173 167
32 3 178 175 169
33 3 181 178 173
34 3 186 185 181
35 3 192 191 188
36 3 195 194 192
26 4 167 161 154
27 4 169 165 158
28 4 174 170 164
29 4 178 175 169
30 4 179 176 171
31 4 179 177 172
32 4 181 179 174
33 4 183 182 177
34 4 187 186 182
35 4 194 193 190
36 4 197 197 195
37 4 198 198 197
24 5 166 161 154
25 5 169 165 158
26 5 174 171 166
27 5 177 174 169
28 5 180 178 173
29 5 182 180 175
30 5 182 181 176
31 5 184 182 178
32 5 184 183 179
33 5 186 186 182
34 5 189 189 185
35 5 193 193 189
36 5 198 198 195
37 5 199 200 198
38 5 200 201 200
22 6 167 163 156
23 6 170 166 160
24 6 174 171 165
25 6 178 176 171
26 6 179 178 174
27 6 181 180 176
28 6 183 182 178
29 6 184 184 180
30 6 185 185 182
31 6 187 187 183
32 6 188 188 184
33 6 190 190 186
34 6 191 191 188
35 6 194 194 191
36 6 196 196 193
37 6 200 200 198
38 6 201 203 201
39 6 203 205 204
20 7 163 157 150
21 7 167 162 156
22 7 168 165 160
23 7 171 169 164
24 7 176 175 170
25 7 180 179 175
26 7 182 181 178
27 7 183 182 179
28 7 180 180 177
29 7 175 175 172
30 7 177 178 175
31 7 188 188 185
32 7 190 191 188
33 7 192 192 190
34 7 190 191 188
35 7 185 185 183
36 7 178 178 175
37 7 185 186 183
38 7 200 201 199
39 7 204 206 204
40 7 204 206 205
41 7 203 205 205
18 8 157 147 138
19 8 166 160 154
20 8 167 163 158
21 8 157 155 150
22 8 140 138 134
23 8 128 127 123
24 8 154 154 150
25 8 180 179 176
26 8 181 182 178
27 8 169 169 166
28 8 137 138 135
29 8 105 106 103
30 8 121 122 119
31 8 176 177 174
32 8 192 192 190
33 8 189 190 187
34 8 165 167 165
35 8 122 123 121
36 8 89 90 87
37 8 120 122 119
38 8 186 187 185
39 8 205 206 204
40 8 206 209 208
41 8 203 206 205
42 8 191 192 191
17 9 159 142 130
18 9 168 157 148
19 9 172 168 162
20 9 158 157 153
21 9 104 103 100
22 9 46 46 44
23 9 65 66 64
24 9 149 150 147
25 9 181 181 178
26 9 176 176 174
27 9 128 129 126
28 9 45 45 44
29 9 38 38 37
30 9 119 120 118
31 9 178 179 176
32 9 192 193 191
33 9 178 179 178
34 9 110 112 110
35 9 26 26 26
36 9 55 57 56
37 9 136 138 137
38 9 189 191 189
39 9 204 205 203
40 9 205 206 205
41 9 202 204 204
42 9 202 205 205
17 10 164 155 147
18 10 174 165 157
19 10 175 171 166
20 10 146 145 142
21 10 89 89 87
22 10 91 91 89
23 10 143 143 140
24 10 176 176 173
25 10 186 186 183
26 10 177 178 176
27 10 144 145 143
28 10 112 113 111
29 10 145 147 145
30 10 178 179 177
31 10 193 194 192
32 10 195 196 194
33 10 184 185 184
34 10 155 157 156
35 10 137 139 137
36 10 162 164 162
37 10 186 188 187
38 10 201 202 201
39 10 203 204 202
40 10 200 200 199
41 10 197 199 199
42 10 203 205 205
18 11 162 153 144
19 11 173 168 162
20 11 172 171 167
21 11 167 167 164
22 11 171 171 168
23 11 183 183 180
24 11 187 187 184
25 11 188 189 186
26 11 187 188 185
27 11 184 185 182
28 11 182 183 180
29 11 189 190 188
30 11 194 195 193
31 11 197 198 196
32 11 198 199 197
33 11 197 198 196
34 11 195 197 195
35 11 194 195 194
36 11 198 199 198
37 11 200 201 199
38 11 196 197 195
39 11 180 181 179
40 11 183 183 181
41 11 193 194 192
42 11 198 200 199
43 11 202 204 204
18 12 47 46 44
19 12 154 147 140
20 12 183 179 174
21 12 187 186 182
22 12 188 187 184
23 12 190 189 186
24 12 190 190 187
25 12 191 191 188
26 12 192 192 189
27 12 193 193 190
28 12 194 194 192
29 12 196 196 194
30 12 197 198 195
31 12 198 199 197
32 12 200 200 198
33 12 200 201 199
34 12 202 203 201
35 12 201 202 200
36 12 199 200 198
37 12 183 184 182
38 12 138 140 138
39 12 94 95 92
40 12 130 131 128
41 12 184 185 182
42 12 193 195 194
43 12 202 204 203
19 13 90 85 80
20 13 164 158 152
21 13 188 186 181
22 13 190 190 186
23 13 191 190 187
24 13 192 192 189
25 13 192 191 189
26 13 193 193 190
27 13 195 195 193
28 13 196 196 194
29 13 197 198 195
30 13 198 199 196
31 13 200 201 198
32 13 200 201 199
33 13 200 201 199
34 13 199 200 198
35 13 195 196 193
36 13 179 180 178
37 13 113 114 113
38 13 30 31 30
39 13 8 8 8
40 13 73 72 70
41 13 172 172 169
42 13 189 190 188
43 13 199 201 200
19 14 42 42 40
20 14 119 115 110
21 14 178 173 168
22 14 191 189 185
23 14 192 192 188
24 14 193 193 190
25 14 194 194 192
26 14 194 195 192
27 14 196 196 194
28 14 198 198 195
29 14 199 199 197
30 14 199 199 197
31 14 201 201 199
32 14 199 200 197
33 14 191 192 190
34 14 177 178 176
35 14 174 175 173
36 14 169 171 170
37 14 78 81 80
38 14 4 4 4
39 14 19 19 18
40 14 107 106 103
41 14 171 171 167
42 14 185 186 183
43 14 190 192 190
20 15 53 53 51
21 15 139 134 128
22 15 187 184 178
23 15 193 192 188
24 15 194 194 191
25 15 195 195 192
26 15 196 196 194
27 15 198 198 195
28 15 198 199 196
29 15 199 200 197
30 15 198 199 196
31 15 194 195 193
32 15 175 176 173
33 15 128 129 127
34 15 89 90 88
35 15 116 118 117
36 15 162 165 164
37 15 115 119 118
38 15 57 58 57
39 15 105 106 103
40 15 158 158 154
41 15 178 178 174
42 15 181 181 177
43 15 185 185 183
44 15 194 194 192
21 16 65 65 63
22 16 164 158 151
23 16 193 191 186
24 16 195 195 191
25 16 196 197 194
26 16 197 197 195
27 16 198 198 196
28 16 198 199 196
29 16 196 196 194
30 16 191 192 190
31 16 174 175 172
32 16 102 104 102
33 16 18 19 18
34 16 7 7 7
35 16 59 61 60
36 16 156 159 158
37 16 164 165 164
38 16 156 156 154
39 16 164 164 161
40 16 174 173 170
41 16 177 176 172
42 16 177 176 172
43 16 179 178 175
44 16 190 190 187
21 17 48 47 46
22 17 93 90 85
23 17 179 174 166
24 17 195 193 188
25 17 196 196 192
26 17 196 196 193
27 17 194 194 192
28 17 186 187 185
29 17 173 175 172
30 17 172 174 171
31 17 160 162 161
32 17 69 72 70
33 17 2 2 2
34 17 19 19 19
35 17 105 106 104
36 17 167 168 165
37 17 179 179 177
38 17 178 178 175
39 17 175 175 172
40 17 176 175 171
41 17 174 173 168
42 17 172 171 166
43 17 172 170 166
44 17 180 178 174
22 18 53 53 50
23 18 126 120 113
24 18 186 181 173
25 18 192 190 186
26 18 187 187 184
27 18 166 167 164
28 18 118 119 116
29 18 87 88 86
30 18 107 109 106
31 18 145 149 147
32 18 107 111 110
33 18 60 61 60
34 18 107 108 106
35 18 156 157 154
36 18 177 177 173
37 18 178 178 174
38 18 176 176 173
39 18 174 174 170
40 18 173 172 167
41 18 169 167 162
42 18 168 166 160
43 18 168 166 161
44 18 172 171 166
45 18 180 178 174
22 19 53 52 50
23 19 54 53 52
24 19 160 153 144
25 19 184 182 176
26 19 164 164 161
27 19 84 85 83
28 19 18 19 18
29 19 8 8 7
30 19 55 56 55
31 19 150 152 150
32 19 164 166 163
33 19 158 159 156
34 19 165 166 162
35 19 175 175 172
36 19 177 176 173
37 19 175 174 171
38 19 173 173 169
39 19 170 170 166
40 19 162 162 157
41 19 148 147 142
42 19 136 133 128
43 19 153 151 145
44 19 164 162 157
45 19 177 176 171
23 20 52 51 50
24 20 111 107 99
25 20 175 171 165
26 20 150 149 146
27 20 54 55 53
28 20 1 1 1
29 20 20 20 19
30 20 105 106 103
31 20 165 166 163
32 20 177 177 174
33 20 178 178 175
34 20 177 177 174
35 20 176 176 173
36 20 175 174 171
37 20 172 171 168
38 20 170 170 166
39 20 163 163 159
40 20 132 132 127
41 20 82 81 77
42 20 53 52 48
43 20 123 121 115
44 20 158 155 150
45 20 165 163 158
23 21 52 51 49
24 21 55 55 52
25 21 152 148 140
26 21 154 152 147
27 21 99 99 97
28 21 63 63 61
29 21 107 108 105
30 21 155 155 152
31 21 177 176 174
32 21 178 178 175
33 21 177 177 174
34 21 176 175 172
35 21 174 174 170
36 21 170 169 165
37 21 166 166 162
38 21 163 163 159
39 21 143 143 139
40 21 69 69 66
41 21 11 11 10
42 21 31 30 27
43 21 110 107 101
44 21 149 146 140
45 21 151 147 141
46 21 154 149 142
24 22 54 53 51
25 22 107 104 99
26 22 169 166 159
27 22 164 163 160
28 22 158 158 155
29 22 166 166 163
30 22 174 173 171
31 22 177 176 173
32 22 177 176 173
33 22 175 175 172
34 22 173 173 169
35 22 165 165 162
36 22 148 148 144
37 22 130 130 126
38 22 131 132 128
39 22 138 139 135
40 22 57 57 55
41 22 36 35 32
42 22 87 84 79
43 22 132 128 122
44 22 142 137 130
45 22 127 120 112
46 22 148 140 132
24 23 53 51 49
25 23 56 55 53
26 23 152 147 140
27 23 175 173 169
28 23 176 176 173
29 23 176 175 173
30 23 176 176 173
31 23 175 175 172
32 23 173 173 170
33 23 172 172 168
34 23 168 167 164
35 23 140 140 137
36 23 85 86 82
37 23 43 43 41
38 23 71 71 68
39 23 137 137 133
40 23 119 118 114
41 23 117 114 109
42 23 133 129 123
43 23 136 131 124
44 23 127 120 113
45 23 71 66 61
25 24 56 54 53
26 24 103 98 92
27 24 173 168 162
28 24 175 174 171
29 24 175 175 172
30 24 174 173 171
31 24 172 172 169
32 24 169 169 166
33 24 166 166 162
34 24 157 158 154
35 24 96 96 93
36 24 15 16 15
37 24 15 15 14
38 24 87 86 82
39 24 143 141 136
40 24 148 146 140
41 24 142 138 132
42 24 128 123 117
43 24 97 92 86
26 25 54 53 51
27 25 150 145 138
28 25 173 171 166
29 25 173 172 169
30 25 168 168 165
31 25 152 151 148
32 25 138 138 134
33 25 134 134 130
34 25 145 146 143
35 25 108 108 106
36 25 46 45 43
37 25 80 79 75
38 25 128 126 121
39 25 148 145 139
40 25 140 137 130
41 25 118 113 107
42 25 44 41 38
26 26 54 53 51
27 26 113 108 104
28 26 167 162 156
29 26 169 168 164
30 26 147 147 144
31 26 91 91 89
32 26 48 48 46
33 26 60 59 56
34 26 129 128 125
35 26 144 144 141
36 26 127 125 121
37 26 137 135 129
38 26 141 138 132
39 26 136 132 126
40 26 49 47 44
27 27 57 56 54
28 27 151 145 139
29 27 159 156 152
30 27 107 107 104
31 27 21 21 20
32 27 7 7 7
33 27 73 72 69
34 27 142 140 137
35 27 156 154 150
36 27 150 147 142
37 27 138 135 129
38 27 116 112 106
28 28 115 110 105
29 28 147 141 134
30 28 93 90 87
31 28 46 44 42
32 28 77 76 73
33 28 124 122 118
34 28 148 146 141
35 28 146 142 137
36 28 130 126 120
37 28 49 47 43
28 29 54 51 49
29 29 149 140 132
30 29 141 136 130
31 29 132 129 124
32 29 138 135 130
33 29 144 141 135
34 29 139 136 130
35 29 105 101 95
29 30 129 119 110
30 30 159 150 141
31 30 149 143 136
32 30 142 137 131
33 30 122 118 112
34 30 45 43 40
30 31 163 150 142
31 31 133 122 113
32 31 50 46 42
