34 0 159 152 143
32 1 160 154 149
33 1 171 167 162
34 1 174 170 164
35 1 171 165 157
31 2 156 151 144
32 2 161 156 150
33 2 182 180 176
34 2 182 181 177
35 2 179 176 171
36 2 177 170 163
30 3 156 152 146
31 3 162 158 152
32 3 177 174 170
33 3 188 189 186
34 3 177 177 175
35 3 165 164 160
36 3 176 172 167
37 3 180 170 162
29 4 154 151 145
30 4 161 158 152
31 4 174 172 167
32 4 193 193 190
33 4 195 195 193
34 4 177 178 175
35 4 119 120 117
36 4 155 152 148
37 4 179 173 168
27 5 165 162 157
28 5 158 155 149
29 5 163 160 155
30 5 172 171 167
31 5 187 187 185
32 5 197 197 195
33 5 198 198 196
34 5 192 192 190
35 5 151 151 149
36 5 108 107 104
37 5 165 161 157
38 5 180 174 168
26 6 153 150 144
27 6 156 153 148
28 6 163 162 157
29 6 172 171 167
30 6 178 178 175
31 6 197 198 196
32 6 199 200 198
33 6 199 200 198
34 6 197 197 195
35 6 186 186 184
36 6 144 144 142
37 6 155 155 152
38 6 179 176 172
39 6 181 174 169
25 7 136 133 127
26 7 147 144 140
27 7 157 156 152
28 7 165 165 162
29 7 167 168 165
30 7 184 185 183
31 7 200 202 200
32 7 194 196 194
33 7 189 191 188
34 7 195 195 193
35 7 195 195 193
36 7 184 184 182
37 7 176 176 174
38 7 181 180 177
39 7 181 178 174
40 7 179 172 167
24 8 124 120 114
25 8 132 130 125
26 8 141 141 137
27 8 148 148 145
28 8 151 151 149
29 8 164 165 163
30 8 193 195 193
31 8 201 203 202
32 8 182 184 182
33 8 129 131 129
34 8 170 171 168
35 8 192 193 190
36 8 191 192 189
37 8 185 185 183
38 8 183 184 181
39 8 183 182 179
40 8 180 176 172
41 8 177 170 165
22 9 133 124 116
23 9 121 114 107
24 9 119 116 111
25 9 124 124 120
26 9 132 132 130
27 9 142 143 141
28 9 155 156 154
29 9 167 168 166
30 9 184 186 186
31 9 202 205 204
32 9 192 194 193
33 9 114 116 114
34 9 99 100 98
35 9 177 177 175
36 9 188 189 186
37 9 165 166 163
38 9 170 171 169
39 9 182 182 179
40 9 178 177 174
41 9 175 171 167
42 9 173 164 159
21 10 145 135 126
22 10 125 116 109
23 10 128 123 118
24 10 134 134 131
25 10 145 146 144
26 10 151 152 150
27 10 157 158 155
28 10 167 168 166
29 10 138 139 137
30 10 122 124 123
31 10 183 186 186
32 10 200 203 202
33 10 166 168 166
34 10 77 78 76
35 10 149 150 148
36 10 183 184 181
37 10 140 140 137
38 10 113 114 112
39 10 167 168 165
40 10 174 175 172
41 10 162 160 157
42 10 164 159 154
43 10 169 159 153
21 11 139 132 125
22 11 143 139 134
23 11 154 153 150
24 11 164 164 162
25 11 169 170 167
26 11 167 168 165
27 11 162 163 161
28 11 112 113 111
29 11 75 76 74
30 11 83 84 81
31 11 124 126 124
32 11 183 186 185
33 11 197 199 198
34 11 166 168 165
35 11 158 159 157
36 11 184 184 182
37 11 171 171 169
38 11 96 96 94
39 11 127 128 126
40 11 169 169 166
41 11 137 137 134
42 11 134 130 127
43 11 161 154 150
20 12 162 157 150
21 12 154 151 145
22 12 164 164 160
23 12 173 173 171
24 12 178 178 176
25 12 172 173 170
26 12 150 152 149
27 12 93 94 92
28 12 45 46 45
29 12 28 29 28
30 12 34 35 34
31 12 69 69 67
32 12 118 119 118
33 12 186 188 187
34 12 200 201 200
35 12 192 192 190
36 12 191 191 188
37 12 188 188 186
38 12 153 153 150
39 12 123 123 120
40 12 168 169 166
41 12 154 154 151
42 12 89 88 85
43 12 144 139 135
44 12 165 157 152
19 13 173 169 162
20 13 157 153 148
21 13 167 165 161
22 13 175 175 172
23 13 177 177 174
24 13 170 170 168
25 13 133 134 132
26 13 95 96 94
27 13 53 54 53
28 13 11 12 12
29 13 1 1 1
30 13 1 1 1
31 13 25 25 24
32 13 81 81 79
33 13 124 125 123
34 13 188 190 188
35 13 200 201 199
36 13 196 195 192
37 13 192 192 189
38 13 184 184 181
39 13 171 171 168
40 13 174 174 171
41 13 174 174 171
42 13 134 133 130
43 13 119 117 113
44 13 159 154 149
45 13 160 151 145
19 14 163 160 154
20 14 169 167 163
21 14 175 175 171
22 14 174 174 171
23 14 160 161 158
24 14 109 110 107
25 14 80 81 79
26 14 77 79 77
27 14 60 62 61
28 14 19 20 20
29 14 1 1 1
31 14 14 14 13
32 14 65 65 62
33 14 96 96 92
34 14 136 137 134
35 14 190 191 189
36 14 198 199 197
37 14 194 194 191
38 14 190 190 187
39 14 185 185 182
40 14 182 182 180
41 14 181 181 178
42 14 172 172 168
43 14 152 151 147
44 14 161 158 154
45 14 163 158 153
18 15 173 169 163
19 15 165 162 157
20 15 174 173 169
21 15 169 170 167
22 15 145 146 144
23 15 88 89 87
24 15 43 44 42
25 15 32 33 32
26 15 40 41 40
27 15 62 65 64
28 15 50 52 52
29 15 19 19 19
30 15 15 16 15
31 15 40 40 39
32 15 74 74 72
33 15 95 95 91
34 15 96 95 91
35 15 142 143 140
36 15 190 190 188
37 15 197 197 194
38 15 192 191 188
39 15 182 183 180
40 15 172 173 170
41 15 178 177 175
42 15 181 180 177
43 15 175 174 170
44 15 170 168 164
45 15 165 162 158
17 16 178 174 167
18 16 163 159 154
19 16 169 168 163
20 16 162 162 159
21 16 131 132 129
22 16 90 91 89
23 16 47 48 46
24 16 9 9 9
25 16 3 3 3
26 16 2 2 2
27 16 33 34 34
28 16 71 73 72
29 16 64 65 63
30 16 61 62 60
31 16 73 74 71
32 16 86 86 83
33 16 91 90 87
34 16 88 88 84
35 16 95 94 90
36 16 147 147 144
37 16 191 191 189
38 16 195 195 192
39 16 182 182 179
40 16 137 137 134
41 16 145 145 142
42 16 176 175 172
43 16 179 177 173
44 16 174 172 168
45 16 170 167 163
17 17 164 160 154
18 17 164 161 156
19 17 151 151 148
20 17 105 106 104
21 17 70 71 69
22 17 71 73 71
23 17 52 54 53
24 17 16 17 17
25 17 1 1 1
27 17 22 22 22
28 17 68 69 67
29 17 81 81 79
30 17 84 84 82
31 17 84 84 81
32 17 87 87 84
33 17 86 85 82
34 17 88 88 84
35 17 86 85 81
36 17 96 95 90
37 17 153 152 148
38 17 191 190 187
39 17 188 188 185
40 17 143 143 139
41 17 71 71 68
42 17 153 151 147
43 17 177 175 171
44 17 174 172 167
45 17 171 168 164
16 18 170 164 155
17 18 145 140 132
18 18 137 136 131
19 18 85 86 83
20 18 39 40 39
21 18 26 26 25
22 18 30 31 30
23 18 45 47 46
24 18 43 45 44
25 18 21 21 21
26 18 22 23 22
27 18 45 45 44
28 18 74 75 72
29 18 83 84 81
30 18 87 86 83
31 18 87 87 84
32 18 85 85 82
33 18 86 85 81
34 18 87 86 82
35 18 86 84 80
36 18 95 93 88
37 18 84 82 77
38 18 151 150 145
39 18 188 187 184
40 18 174 173 170
41 18 103 102 98
42 18 117 116 112
43 18 172 170 165
44 18 175 172 167
17 19 123 115 105
18 19 88 86 81
19 19 54 54 52
20 19 12 12 12
21 19 1 1 1
23 19 24 25 24
24 19 63 65 64
25 19 67 68 66
26 19 66 66 64
27 19 71 71 69
28 19 81 81 78
29 19 86 86 83
30 19 87 87 84
31 19 84 83 80
32 19 83 83 80
33 19 83 83 79
34 19 88 87 82
35 19 79 78 74
36 19 74 73 69
37 19 68 66 62
38 19 87 85 80
39 19 154 152 147
40 19 182 181 177
41 19 166 164 160
42 19 137 135 130
43 19 168 166 161
44 19 174 172 166
18 20 88 84 77
19 20 66 64 60
20 20 30 30 29
21 20 6 6 6
22 20 1 1 1
23 20 24 24 23
24 20 66 67 65
25 20 79 80 77
26 20 83 83 81
27 20 84 84 81
28 20 85 85 82
29 20 85 84 82
30 20 85 84 81
31 20 80 80 77
32 20 80 79 76
33 20 83 83 79
34 20 79 79 75
35 20 58 57 54
36 20 36 35 33
37 20 26 25 23
38 20 49 48 44
39 20 80 78 73
40 20 159 157 152
41 20 182 180 176
42 20 176 173 169
43 20 177 174 169
44 20 175 172 167
19 21 79 74 68
20 21 59 57 54
21 21 39 39 38
22 21 33 33 32
23 21 49 50 48
24 21 73 73 70
25 21 85 84 82
26 21 84 84 81
27 21 83 82 80
28 21 82 82 79
29 21 81 80 77
30 21 80 80 77
31 21 79 79 75
32 21 83 83 79
33 21 77 77 74
34 21 68 68 65
35 21 29 29 28
36 21 5 5 5
37 21 1 1 1
38 21 8 7 7
39 21 43 42 39
40 21 94 91 86
41 21 158 155 150
42 21 179 176 172
43 21 180 177 172
44 21 176 173 168
20 22 84 79 73
21 22 75 73 70
22 22 72 72 69
23 22 75 75 72
24 22 81 81 78
25 22 82 82 79
26 22 81 81 78
27 22 82 82 79
28 22 81 80 77
29 22 80 80 77
30 22 77 77 74
31 22 70 70 67
32 22 64 64 61
33 22 57 57 55
34 22 65 65 62
35 22 34 34 33
36 22 5 5 5
38 22 2 2 2
39 22 33 32 30
40 22 68 66 62
41 22 102 99 93
42 22 149 144 138
43 22 172 167 162
44 22 177 174 169
21 23 87 82 77
22 23 81 79 75
23 23 80 80 77
24 23 81 80 78
25 23 81 81 78
26 23 82 81 79
27 23 82 81 78
28 23 81 81 78
29 23 80 79 76
30 23 69 69 67
31 23 41 42 40
32 23 23 23 22
33 23 17 17 16
34 23 39 39 38
35 23 53 54 51
36 23 37 37 35
37 23 20 20 19
38 23 27 26 24
39 23 55 53 50
40 23 70 67 63
41 23 78 74 69
42 23 87 80 74
43 23 138 128 119
44 23 162 156 152
22 24 89 84 78
23 24 83 80 76
24 24 81 81 78
25 24 82 81 79
26 24 80 80 77
27 24 79 79 76
28 24 77 77 74
29 24 76 76 73
30 24 63 63 61
31 24 21 21 20
32 24 1 1 1
34 24 9 9 9
35 24 53 52 50
36 24 67 66 63
37 24 58 57 54
38 24 62 61 57
39 24 69 66 62
40 24 70 66 61
41 24 63 59 54
42 24 47 43 39
23 25 88 83 77
24 25 82 79 75
25 25 81 80 77
26 25 75 75 72
27 25 61 61 59
28 25 51 51 49
29 25 54 54 52
30 25 60 60 58
31 25 42 42 41
32 25 13 13 12
33 25 3 3 3
34 25 13 12 12
35 25 51 50 48
36 25 72 70 66
37 25 71 69 64
38 25 75 72 68
39 25 72 68 63
40 25 84 79 73
24 26 87 82 76
25 26 78 76 72
26 26 66 66 63
27 26 29 29 28
28 26 10 10 10
29 26 15 14 13
30 26 29 29 27
31 26 57 57 56
32 26 48 48 47
33 26 38 37 35
34 26 50 49 46
35 26 65 64 60
36 26 71 69 65
37 26 70 67 62
38 26 72 69 64
39 26 50 47 43
25 27 87 82 76
26 27 63 61 58
27 27 20 19 18
28 27 2 2 2
29 27 1 1 1
30 27 14 13 13
31 27 56 55 53
32 27 73 72 69
33 27 69 68 64
34 27 69 67 64
35 27 68 66 62
36 27 71 68 64
37 27 53 50 47
26 28 71 65 60
27 28 40 36 33
28 28 23 22 21
29 28 13 13 12
30 28 32 31 30
31 28 64 63 60
32 28 75 73 69
33 28 70 68 64
34 28 66 63 59
35 28 89 85 80
27 29 68 61 55
28 29 63 59 55
29 29 56 54 50
30 29 66 64 60
31 29 71 69 65
32 29 70 67 63
33 29 79 75 70
34 29 52 49 45
28 30 78 70 63
29 30 72 66 60
30 30 70 66 61
31 30 71 68 64
32 30 54 51 47
29 31 72 62 55
30 31 95 87 79
