30 0 140 122 115
29 1 154 142 132
30 1 160 150 142
31 1 170 163 157
32 1 175 169 164
28 2 167 159 149
29 2 168 161 152
30 2 173 167 160
31 2 176 171 166
32 2 178 173 168
33 2 178 173 169
34 2 180 176 172
27 3 173 166 157
28 3 175 169 161
29 3 177 173 166
30 3 179 175 169
31 3 179 175 169
32 3 177 174 168
33 3 178 174 169
34 3 180 177 173
35 3 182 180 177
26 4 177 170 161
27 4 179 174 166
28 4 182 178 172
29 4 184 182 177
30 4 184 181 176
31 4 182 179 174
32 4 180 178 172
33 4 179 177 171
34 4 179 177 173
35 4 182 181 178
36 4 184 183 180
37 4 185 184 182
25 5 179 172 164
26 5 183 178 171
27 5 185 181 176
28 5 188 186 181
29 5 188 186 182
30 5 187 185 180
31 5 186 184 179
32 5 183 182 177
33 5 183 181 176
34 5 182 181 176
35 5 182 181 177
36 5 183 183 179
37 5 184 183 181
38 5 184 184 182
39 5 182 183 182
24 6 181 173 164
25 6 185 180 173
26 6 186 184 178
27 6 189 187 183
28 6 189 188 184
29 6 189 188 184
30 6 189 188 184
31 6 188 188 184
32 6 187 187 183
33 6 187 186 183
34 6 185 185 181
35 6 184 184 180
36 6 183 183 179
37 6 183 183 179
38 6 184 184 181
39 6 185 185 183
40 6 184 185 184
41 6 182 183 182
24 7 184 177 170
25 7 188 185 179
26 7 186 184 180
27 7 176 175 171
28 7 169 168 164
29 7 177 176 172
30 7 187 187 183
31 7 190 190 187
32 7 189 189 186
33 7 184 184 181
34 7 178 178 175
35 7 180 180 177
36 7 185 185 182
37 7 186 186 183
38 7 184 184 181
39 7 183 183 181
40 7 181 182 180
41 7 183 184 182
42 7 183 185 183
23 8 182 169 156
24 8 188 179 171
25 8 192 188 184
26 8 182 181 178
27 8 134 134 131
28 8 72 71 69
29 8 98 98 95
30 8 156 156 152
31 8 185 186 183
32 8 188 189 186
33 8 170 171 168
34 8 118 118 116
35 8 121 121 118
36 8 162 162 159
37 8 183 184 181
38 8 186 186 184
39 8 174 175 173
40 8 148 148 145
41 8 160 161 158
42 8 176 178 176
43 8 183 185 183
44 8 181 184 183
22 9 60 55 47
23 9 152 144 132
24 9 184 176 169
25 9 196 191 186
26 9 189 187 182
27 9 156 155 152
28 9 74 74 73
29 9 31 32 31
30 9 88 88 86
31 9 171 172 169
32 9 191 191 188
33 9 177 178 175
34 9 114 115 112
35 9 35 36 35
36 9 73 74 72
37 9 158 159 156
38 9 186 186 184
39 9 170 171 169
40 9 94 96 94
41 9 55 56 54
42 9 125 127 124
43 9 173 175 173
44 9 184 186 185
45 9 181 183 182
22 10 62 57 51
23 10 69 66 60
24 10 101 99 95
25 10 163 162 157
26 10 192 190 186
27 10 189 185 181
28 10 167 165 161
29 10 142 142 139
30 10 138 138 135
31 10 179 180 177
32 10 194 194 191
33 10 192 192 190
34 10 176 177 175
35 10 143 145 143
36 10 112 114 111
37 10 157 158 156
38 10 190 190 188
39 10 187 188 186
40 10 161 162 161
41 10 107 109 108
42 10 80 82 81
43 10 157 159 157
44 10 185 187 185
45 10 185 187 186
46 10 173 175 173
21 11 60 55 49
22 11 64 60 55
23 11 61 60 57
24 11 57 57 55
25 11 52 52 51
26 11 121 122 119
27 11 176 175 172
28 11 192 189 185
29 11 192 190 186
30 11 191 190 186
31 11 196 196 193
32 11 197 197 194
33 11 197 197 194
34 11 195 195 193
35 11 190 190 188
36 11 184 185 182
37 11 188 189 187
38 11 194 195 193
39 11 193 194 191
40 11 190 191 189
41 11 180 181 179
42 11 171 172 170
43 11 180 181 180
44 11 187 188 187
45 11 188 189 187
21 12 60 56 51
22 12 59 57 53
23 12 51 51 50
24 12 25 25 24
25 12 17 18 17
26 12 25 26 25
27 12 57 58 56
28 12 138 139 135
29 12 185 184 180
30 12 199 196 192
31 12 199 197 193
32 12 199 199 196
33 12 198 198 195
34 12 199 198 195
35 12 198 197 195
36 12 196 197 194
37 12 197 197 194
38 12 196 196 194
39 12 196 197 194
40 12 194 195 193
41 12 194 195 193
42 12 193 194 192
43 12 192 194 191
44 12 192 193 191
45 12 189 190 188
21 13 59 56 51
22 13 60 59 56
23 13 41 42 41
24 13 8 8 8
26 13 4 4 3
27 13 28 28 27
28 13 63 63 61
29 13 89 89 87
30 13 161 161 158
31 13 190 188 185
32 13 199 197 193
33 13 199 198 194
34 13 199 198 195
35 13 199 198 195
36 13 198 198 196
37 13 198 198 195
38 13 197 198 195
39 13 197 198 195
40 13 196 197 194
41 13 196 196 194
42 13 196 197 195
43 13 195 196 194
44 13 194 195 192
20 14 61 57 52
21 14 61 58 54
22 14 61 60 58
23 14 49 49 48
24 14 22 22 22
25 14 5 5 5
26 14 1 1 1
27 14 26 26 25
28 14 56 56 54
29 14 68 69 67
30 14 64 65 62
31 14 119 120 117
32 14 170 170 166
33 14 196 194 190
34 14 200 198 193
35 14 200 199 195
36 14 199 199 196
37 14 199 199 197
38 14 199 199 197
39 14 198 199 196
40 14 198 199 196
41 14 198 198 196
42 14 198 199 196
43 14 197 197 195
44 14 196 197 195
20 15 60 56 51
21 15 61 59 55
22 15 61 60 58
23 15 58 59 57
24 15 46 46 45
25 15 28 28 28
26 15 21 22 21
27 15 39 39 38
28 15 56 57 55
29 15 62 63 60
30 15 67 67 65
31 15 65 65 63
32 15 80 81 78
33 15 130 131 128
34 15 180 179 176
35 15 198 195 191
36 15 200 198 195
37 15 200 199 196
38 15 200 200 197
39 15 199 200 197
40 15 200 200 198
41 15 200 200 197
42 15 200 200 198
43 15 198 199 197
19 16 58 53 48
20 16 60 56 52
21 16 64 62 59
22 16 61 61 59
23 16 61 61 59
24 16 59 59 57
25 16 54 55 53
26 16 52 53 51
27 16 56 57 55
28 16 60 60 58
29 16 61 61 59
30 16 62 62 60
31 16 65 65 63
32 16 65 65 63
33 16 77 77 75
34 16 84 85 83
35 16 153 153 150
36 16 188 186 182
37 16 200 198 194
38 16 200 199 195
39 16 200 200 197
40 16 201 201 198
41 16 201 201 199
42 16 200 200 198
43 16 198 199 196
19 17 59 54 49
20 17 60 57 53
21 17 60 59 57
22 17 61 61 58
23 17 61 61 58
24 17 61 61 58
25 17 60 60 58
26 17 60 60 58
27 17 60 61 58
28 17 60 61 58
29 17 60 61 58
30 17 61 61 59
31 17 61 61 59
32 17 63 63 61
33 17 64 64 62
34 17 70 70 68
35 17 73 73 71
36 17 96 97 94
37 17 161 161 157
38 17 192 191 186
39 17 200 198 193
40 17 201 199 195
41 17 201 200 197
42 17 199 199 197
18 18 57 52 46
19 18 58 54 50
20 18 60 58 55
21 18 61 60 57
22 18 61 60 58
23 18 60 60 57
24 18 60 60 58
25 18 60 60 58
26 18 60 60 58
27 18 60 60 58
28 18 59 60 57
29 18 60 61 58
30 18 60 60 58
31 18 61 61 59
32 18 60 61 58
33 18 62 62 60
34 18 63 63 61
35 18 66 66 64
36 18 67 68 65
37 18 74 74 72
38 18 123 124 121
39 18 174 173 170
40 18 194 192 188
41 18 196 194 189
42 18 199 197 193
18 19 57 52 47
19 19 58 55 50
20 19 60 58 55
21 19 61 60 57
22 19 60 60 57
23 19 60 60 57
24 19 60 59 57
25 19 59 59 57
26 19 60 60 58
27 19 60 60 57
28 19 59 59 57
29 19 60 61 58
30 19 60 60 58
31 19 60 60 58
32 19 60 61 58
33 19 61 61 59
34 19 60 61 58
35 19 61 62 59
36 19 63 63 61
37 19 64 65 62
38 19 69 69 67
39 19 71 72 70
40 19 148 151 150
41 19 180 182 180
18 20 57 52 46
19 20 58 55 52
20 20 61 59 57
21 20 60 59 57
22 20 60 59 57
23 20 59 59 57
24 20 60 59 57
25 20 59 58 56
26 20 59 59 57
27 20 59 59 57
28 20 59 60 57
29 20 59 60 57
30 20 60 60 58
31 20 60 60 58
32 20 59 59 57
33 20 60 60 58
34 20 60 60 58
35 20 60 60 58
36 20 61 61 58
37 20 62 62 60
38 20 65 65 63
39 20 107 109 107
40 20 130 133 133
41 20 64 67 66
17 21 55 47 41
18 21 57 51 45
19 21 59 57 53
20 21 59 58 55
21 21 60 59 56
22 21 59 58 56
23 21 59 59 56
24 21 59 58 56
25 21 59 59 56
26 21 59 59 56
27 21 59 58 56
28 21 59 59 57
29 21 59 59 57
30 21 59 59 57
31 21 59 59 57
32 21 59 59 57
33 21 60 59 57
34 21 59 59 57
35 21 60 60 57
36 21 61 60 58
37 21 62 62 59
38 21 82 83 81
39 21 154 156 155
40 21 65 67 66
17 22 45 36 31
18 22 52 46 41
19 22 56 53 49
20 22 59 57 54
21 22 59 58 55
22 22 59 58 55
23 22 59 59 56
24 22 59 59 56
25 22 58 58 55
26 22 58 58 56
27 22 59 58 56
28 22 59 58 56
29 22 59 59 57
30 22 58 58 56
31 22 58 58 56
32 22 59 59 57
33 22 59 58 56
34 22 59 59 57
35 22 60 60 58
36 22 61 61 58
37 22 67 68 65
38 22 142 144 142
39 22 109 111 110
40 22 65 67 66
18 23 48 41 36
19 23 51 48 44
20 23 55 52 49
21 23 57 55 52
22 23 58 57 54
23 23 59 58 55
24 23 58 57 55
25 23 58 57 55
26 23 58 58 55
27 23 57 57 55
28 23 58 58 56
29 23 58 58 56
30 23 58 58 56
31 23 57 57 55
32 23 58 58 56
33 23 58 57 55
34 23 59 59 56
35 23 60 60 57
36 23 61 61 58
37 23 114 116 114
38 23 146 148 147
39 23 64 66 65
20 24 50 47 44
21 24 51 49 46
22 24 55 53 50
23 24 58 56 53
24 24 58 57 54
25 24 58 57 54
26 24 57 57 54
27 24 57 57 54
28 24 57 57 55
29 24 52 53 51
30 24 49 49 47
31 24 49 49 47
32 24 54 54 52
33 24 57 57 54
34 24 58 58 56
35 24 60 60 57
36 24 77 77 75
37 24 151 153 151
38 24 105 107 106
21 25 46 43 40
22 25 51 48 45
23 25 53 51 48
24 25 56 54 51
25 25 57 56 53
26 25 58 57 54
27 25 57 56 54
28 25 54 53 51
29 25 35 35 33
30 25 20 20 20
31 25 19 20 19
32 25 34 34 32
33 25 52 52 50
34 25 58 58 55
35 25 64 63 60
36 25 133 133 131
37 25 100 102 100
38 25 65 66 65
23 26 45 42 40
24 26 52 50 46
25 26 53 51 48
26 26 55 54 51
27 26 56 55 52
28 26 51 50 48
29 26 28 28 27
30 26 5 5 5
31 26 1 1 1
32 26 14 14 13
33 26 40 40 39
34 26 57 56 54
35 26 101 101 98
36 26 138 140 138
37 26 64 65 63
25 27 49 46 43
26 27 51 48 45
27 27 54 52 49
28 27 54 52 50
29 27 39 39 37
30 27 13 13 12
31 27 3 3 3
32 27 10 9 9
33 27 32 32 31
34 27 69 69 66
35 27 144 144 142
36 27 96 97 95
27 28 49 46 43
28 28 50 48 44
29 28 48 46 43
30 28 38 37 35
31 28 29 28 26
32 28 33 32 30
33 28 47 46 43
34 28 122 121 117
35 28 99 100 97
36 28 63 64 62
28 29 45 42 38
29 29 47 44 41
30 29 49 47 43
31 29 49 47 43
32 29 51 50 46
33 29 87 85 80
34 29 127 126 122
35 29 60 60 57
30 30 43 40 36
31 30 45 42 39
32 30 59 55 51
33 30 124 121 115
34 30 95 93 89
32 31 86 79 74
33 31 104 99 93
34 31 53 51 47
