32 1 158 150 142
33 1 167 160 154
34 1 174 169 165
30 2 161 155 146
31 2 167 161 153
32 2 171 165 158
33 2 179 174 169
34 2 181 178 174
35 2 178 175 172
29 3 161 156 149
30 3 167 162 155
31 3 173 169 162
32 3 178 175 169
33 3 185 183 178
34 3 187 186 183
35 3 174 172 168
27 4 163 158 151
28 4 165 161 154
29 4 172 168 162
30 4 176 173 167
31 4 179 177 172
32 4 184 182 177
33 4 190 189 186
34 4 194 194 192
35 4 178 177 173
36 4 175 173 170
25 5 156 151 144
26 5 163 158 152
27 5 169 165 159
28 5 174 172 166
29 5 179 177 172
30 5 181 180 175
31 5 185 184 180
32 5 188 187 183
33 5 193 193 190
34 5 199 199 198
35 5 187 187 185
36 5 176 174 171
37 5 174 171 168
24 6 157 153 146
25 6 166 163 157
26 6 171 169 164
27 6 176 174 170
28 6 179 179 175
29 6 183 182 179
30 6 186 185 182
31 6 188 188 185
32 6 191 191 188
33 6 195 195 192
34 6 199 200 198
35 6 197 198 196
36 6 177 177 174
37 6 166 165 161
22 7 151 146 139
23 7 156 153 147
24 7 164 162 157
25 7 171 170 165
26 7 176 175 171
27 7 175 175 172
28 7 175 175 172
29 7 184 185 182
30 7 188 189 186
31 7 185 185 182
32 7 176 176 174
33 7 180 181 178
34 7 199 200 198
35 7 202 204 202
36 7 185 185 182
37 7 171 171 168
38 7 170 167 164
21 8 148 143 137
22 8 146 142 136
23 8 142 140 134
24 8 158 157 153
25 8 171 170 167
26 8 162 162 159
27 8 135 135 132
28 8 145 146 143
29 8 182 183 180
30 8 179 180 177
31 8 142 143 140
32 8 102 103 101
33 8 161 162 160
34 8 200 202 200
35 8 204 206 205
36 8 192 193 191
37 8 176 177 174
38 8 169 167 164
39 8 171 169 167
19 9 151 138 128
20 9 151 144 137
21 9 140 136 130
22 9 106 104 100
23 9 116 116 112
24 9 160 161 157
25 9 156 156 153
26 9 101 102 99
27 9 104 105 103
28 9 162 163 161
29 9 177 178 176
30 9 134 136 134
31 9 82 83 82
32 9 142 144 142
33 9 189 190 189
34 9 199 200 199
35 9 196 198 197
36 9 197 199 199
37 9 185 186 184
38 9 167 167 164
39 9 166 164 161
19 10 158 148 139
20 10 153 146 140
21 10 114 112 108
22 10 108 108 105
23 10 155 155 152
24 10 170 171 168
25 10 142 144 141
26 10 131 133 130
27 10 171 172 169
28 10 187 189 187
29 10 175 177 175
30 10 147 149 147
31 10 165 167 165
32 10 191 193 191
33 10 196 197 196
34 10 186 187 185
35 10 172 174 172
36 10 184 187 186
37 10 195 196 195
38 10 172 172 169
39 10 160 159 156
40 10 159 156 153
19 11 168 160 153
20 11 160 156 151
21 11 152 151 148
22 11 167 167 164
23 11 179 179 176
24 11 179 180 177
25 11 176 177 175
26 11 184 185 182
27 11 191 192 190
28 11 193 195 192
29 11 192 193 191
30 11 193 194 192
31 11 194 195 194
32 11 185 186 184
33 11 166 167 165
34 11 142 143 140
35 11 147 148 145
36 11 168 169 167
37 11 192 194 193
38 11 191 192 190
39 11 157 157 153
40 11 149 146 142
41 11 154 151 148
19 12 175 169 162
20 12 177 174 170
21 12 179 178 175
22 12 183 182 179
23 12 186 186 183
24 12 187 188 185
25 12 190 190 188
26 12 193 193 191
27 12 195 196 193
28 12 197 198 195
29 12 197 198 196
30 12 192 193 190
31 12 174 175 173
32 12 135 137 135
33 12 70 71 69
34 12 52 53 51
35 12 74 74 72
36 12 145 145 142
37 12 174 175 173
38 12 192 193 192
39 12 179 180 177
40 12 146 145 141
41 12 141 137 134
19 13 179 174 167
20 13 182 179 175
21 13 183 183 180
22 13 186 186 183
23 13 188 188 185
24 13 191 191 188
25 13 192 192 190
26 13 194 195 193
27 13 197 197 195
28 13 193 194 192
29 13 179 180 178
30 13 164 165 163
31 13 137 138 136
32 13 58 59 58
33 13 6 6 6
34 13 2 2 2
35 13 8 8 7
36 13 97 97 94
37 13 155 155 152
38 13 180 182 180
39 13 193 194 192
40 13 169 168 164
41 13 144 141 138
42 13 150 145 142
18 14 181 173 165
19 14 181 176 170
20 14 185 183 179
21 14 187 187 184
22 14 188 189 186
23 14 191 191 188
24 14 193 193 191
25 14 195 195 193
26 14 192 192 190
27 14 183 184 182
28 14 161 162 160
29 14 141 142 139
30 14 144 145 143
31 14 136 139 137
32 14 62 65 64
33 14 4 4 4
35 14 19 19 18
36 14 91 91 88
37 14 148 147 144
38 14 160 160 157
39 14 185 186 184
40 14 190 190 188
41 14 161 160 157
42 14 148 144 140
18 15 184 176 168
19 15 184 179 173
20 15 187 185 181
21 15 189 189 186
22 15 190 190 188
23 15 192 193 190
24 15 192 192 190
25 15 187 188 185
26 15 168 169 167
27 15 128 129 127
28 15 74 75 73
29 15 60 61 59
30 15 72 73 72
31 15 126 129 128
32 15 114 118 118
33 15 49 51 50
34 15 45 45 44
35 15 86 86 84
36 15 131 131 128
37 15 151 150 146
38 15 154 154 149
39 15 166 166 162
40 15 189 189 187
41 15 178 177 174
42 15 155 152 148
43 15 152 149 144
18 16 186 179 170
19 16 185 181 175
20 16 188 187 183
21 16 190 190 187
22 16 192 192 190
23 16 187 188 185
24 16 175 176 173
25 16 161 162 159
26 16 129 131 128
27 16 49 50 49
28 16 5 5 5
29 16 3 3 3
30 16 9 9 8
31 16 89 92 91
32 16 141 144 142
33 16 128 130 127
34 16 131 132 129
35 16 137 137 134
36 16 148 148 145
37 16 151 151 147
38 16 153 152 148
39 16 155 154 149
40 16 171 171 168
41 16 186 185 182
42 16 161 159 155
43 16 154 152 147
18 17 186 179 169
19 17 186 181 174
20 17 188 187 183
21 17 186 186 183
22 17 176 177 174
23 17 153 155 152
24 17 134 135 133
25 17 136 138 136
26 17 125 128 126
27 17 56 59 58
28 17 4 4 4
30 17 20 21 20
31 17 96 98 95
32 17 143 144 141
33 17 149 150 147
34 17 150 150 146
35 17 150 150 146
36 17 151 151 147
37 17 148 148 143
38 17 150 148 144
39 17 150 148 143
40 17 151 149 144
41 17 173 172 167
42 17 178 176 172
43 17 154 151 146
44 17 158 155 151
18 18 176 168 157
19 18 180 175 166
20 18 180 178 173
21 18 163 163 160
22 18 127 128 125
23 18 68 69 67
24 18 51 52 50
25 18 58 59 58
26 18 100 104 102
27 18 102 106 104
28 18 53 54 53
29 18 48 49 47
30 18 87 88 86
31 18 130 131 128
32 18 147 147 144
33 18 150 150 147
34 18 150 150 146
35 18 150 150 146
36 18 147 147 143
37 18 147 146 141
38 18 146 145 140
39 18 145 143 138
40 18 146 144 137
41 18 151 149 143
42 18 175 173 168
43 18 166 164 158
44 18 158 155 150
19 19 170 162 151
20 19 155 153 146
21 19 134 134 130
22 19 56 57 55
23 19 6 6 5
24 19 1 1 1
25 19 5 5 5
26 19 69 71 69
27 19 132 134 132
28 19 131 133 130
29 19 131 132 129
30 19 135 135 132
31 19 145 145 141
32 19 149 149 145
33 19 149 149 145
34 19 148 148 144
35 19 147 147 143
36 19 144 143 139
37 19 142 142 137
38 19 135 134 129
39 19 126 125 119
40 19 117 115 108
41 19 132 129 123
42 19 156 154 148
43 19 174 172 167
44 19 168 165 160
19 20 60 55 48
20 20 161 155 147
21 20 135 133 128
22 20 73 74 71
23 20 15 15 15
24 20 1 1 1
25 20 20 20 20
26 20 90 90 88
27 20 139 140 137
28 20 147 147 144
29 20 147 147 143
30 20 147 147 144
31 20 148 147 144
32 20 147 146 143
33 20 147 147 143
34 20 146 146 142
35 20 144 144 140
36 20 142 142 138
37 20 133 133 128
38 20 98 98 93
39 20 59 58 55
40 20 38 36 34
41 20 79 77 72
42 20 130 128 122
43 20 160 158 152
44 20 174 171 166
45 20 164 161 155
20 21 59 54 48
21 21 147 142 134
22 21 113 112 108
23 21 80 80 78
24 21 62 62 61
25 21 89 90 87
26 21 126 126 123
27 21 145 145 141
28 21 147 147 144
29 21 147 147 143
30 21 147 146 143
31 21 147 146 143
32 21 145 144 141
33 21 144 144 140
34 21 140 140 136
35 21 138 137 133
36 21 136 136 132
37 21 110 110 106
38 21 37 37 35
39 21 5 5 4
40 21 1 1 1
41 21 23 23 21
42 21 104 102 96
43 21 137 134 129
44 21 162 158 153
45 21 171 166 160
21 22 145 137 127
22 22 146 142 136
23 22 135 134 131
24 22 133 133 130
25 22 136 136 133
26 22 141 141 138
27 22 146 145 142
28 22 146 145 142
29 22 146 145 142
30 22 145 145 141
31 22 143 143 139
32 22 141 141 137
33 22 129 130 125
34 22 117 117 113
35 22 103 103 100
36 22 109 109 106
37 22 111 111 108
38 22 45 45 43
39 22 9 9 9
40 22 8 8 7
41 22 47 45 42
42 22 105 102 97
43 22 127 124 117
44 22 137 131 124
45 22 151 143 136
46 22 169 165 159
22 23 141 134 126
23 23 151 147 141
24 23 143 142 138
25 23 144 143 140
26 23 145 145 142
27 23 144 143 140
28 23 144 144 141
29 23 144 144 140
30 23 144 143 140
31 23 141 141 137
32 23 132 132 128
33 23 90 90 87
34 23 48 48 46
35 23 26 26 25
36 23 40 41 39
37 23 106 107 103
38 23 100 100 96
39 23 69 68 65
40 23 75 73 69
41 23 104 101 96
42 23 122 118 112
43 23 122 117 110
44 23 104 98 91
45 23 106 96 88
23 24 147 140 131
24 24 146 142 136
25 24 143 142 138
26 24 143 143 140
27 24 144 143 140
28 24 142 142 138
29 24 140 139 136
30 24 137 137 134
31 24 136 136 132
32 24 119 120 117
33 24 44 44 43
34 24 3 3 3
35 24 1 1 1
36 24 16 16 15
37 24 91 90 87
38 24 125 124 119
39 24 119 117 112
40 24 122 119 113
41 24 120 116 110
42 24 99 94 88
43 24 82 77 71
44 24 45 41 37
24 25 146 139 131
25 25 144 140 134
26 25 143 141 138
27 25 142 141 138
28 25 126 126 123
29 25 109 110 107
30 25 97 97 94
31 25 103 102 98
32 25 115 115 113
33 25 84 84 82
34 25 25 25 24
35 25 18 18 17
36 25 55 54 51
37 25 110 108 103
38 25 127 124 119
39 25 124 121 114
40 25 113 109 103
41 25 94 89 83
42 25 47 44 40
25 26 150 143 135
26 26 141 138 133
27 26 133 132 129
28 26 88 88 85
29 26 37 37 36
30 26 18 18 17
31 26 30 29 28
32 26 85 85 82
33 26 119 120 117
34 26 94 94 91
35 26 95 93 90
36 26 113 111 106
37 26 122 119 114
38 26 117 114 108
39 26 105 101 95
40 26 51 48 44
25 27 59 53 48
26 27 147 141 134
27 27 124 122 117
28 27 55 54 52
29 27 5 5 5
30 27 1 1 1
31 27 12 12 11
32 27 88 87 85
33 27 127 125 122
34 27 128 126 122
35 27 125 123 117
36 27 119 116 110
37 27 97 94 89
38 27 104 99 94
26 28 57 52 47
27 28 128 120 112
28 28 74 70 65
29 28 46 44 42
30 28 31 31 29
31 28 67 66 63
32 28 112 110 107
33 28 127 125 120
34 28 124 121 116
35 28 101 98 93
36 28 84 81 76
27 29 50 45 40
28 29 122 114 106
29 29 113 110 104
30 29 109 106 101
31 29 118 115 110
32 29 121 118 113
33 29 101 97 92
34 29 84 80 76
35 29 50 47 44
28 30 125 114 104
29 30 133 123 114
30 30 122 115 108
31 30 113 107 101
32 30 95 91 86
33 30 51 49 45
29 31 132 115 103
30 31 103 92 84
31 31 53 48 43
