29 1 158 147 137
30 1 162 152 145
31 1 172 165 159
32 1 177 172 168
28 2 167 159 149
29 2 169 161 152
30 2 173 168 161
31 2 176 171 166
32 2 178 174 169
33 2 178 174 169
28 3 175 169 161
29 3 177 173 166
30 3 179 175 169
31 3 179 176 169
32 3 177 174 168
33 3 177 174 169
34 3 180 177 173
35 3 182 180 177
27 4 179 173 165
28 4 181 177 170
29 4 185 182 177
30 4 184 182 177
31 4 182 180 174
32 4 180 178 173
33 4 179 176 171
34 4 179 177 173
35 4 182 181 177
36 4 183 182 180
37 4 184 183 181
26 5 182 176 169
27 5 184 179 173
28 5 188 185 180
29 5 189 187 182
30 5 188 186 181
31 5 186 185 180
32 5 184 182 178
33 5 182 181 176
34 5 182 180 176
35 5 181 180 176
36 5 182 182 178
37 5 182 182 179
38 5 182 182 180
25 6 183 176 167
26 6 186 181 175
27 6 188 186 181
28 6 190 189 185
29 6 190 189 185
30 6 190 189 185
31 6 189 188 184
32 6 188 187 184
33 6 187 186 183
34 6 185 184 181
35 6 184 183 180
36 6 182 182 178
37 6 182 182 178
38 6 182 182 179
39 6 183 183 181
40 6 182 183 182
25 7 185 178 170
26 7 189 185 180
27 7 187 186 182
28 7 175 174 171
29 7 169 168 164
30 7 180 180 176
31 7 189 189 185
32 7 190 190 187
33 7 187 187 184
34 7 180 180 178
35 7 178 178 175
36 7 183 183 180
37 7 184 185 181
38 7 183 183 180
39 7 181 181 178
40 7 179 180 178
41 7 181 182 180
42 7 179 181 179
24 8 179 166 153
25 8 188 178 169
26 8 193 189 183
27 8 185 184 181
28 8 136 136 133
29 8 70 69 67
30 8 109 109 105
31 8 165 164 161
32 8 188 188 185
33 8 185 185 182
34 8 150 150 147
35 8 113 113 110
36 8 152 152 149
37 8 179 179 176
38 8 184 184 182
39 8 174 175 172
40 8 152 152 149
41 8 163 164 162
42 8 174 176 174
43 8 179 181 180
44 8 176 179 178
23 9 60 55 47
24 9 133 126 114
25 9 177 171 163
26 9 195 190 184
27 9 194 191 186
28 9 165 164 160
29 9 89 89 87
30 9 36 36 35
31 9 103 103 101
32 9 177 178 175
33 9 189 190 187
34 9 161 162 159
35 9 79 80 78
36 9 51 51 50
37 9 134 135 132
38 9 179 180 177
39 9 173 174 172
40 9 109 111 109
41 9 75 76 74
42 9 138 140 138
43 9 173 175 173
44 9 179 181 180
45 9 175 177 176
23 10 92 86 77
24 10 94 89 82
25 10 101 99 94
26 10 157 156 152
27 10 187 184 180
28 10 194 191 187
29 10 174 171 166
30 10 147 147 143
31 10 140 140 137
32 10 180 181 178
33 10 194 194 192
34 10 190 190 188
35 10 167 168 166
36 10 127 129 126
37 10 123 125 122
38 10 180 181 179
39 10 188 189 187
40 10 165 167 165
41 10 111 113 112
42 10 87 89 88
43 10 158 160 158
44 10 181 182 181
45 10 179 181 179
22 11 59 55 49
23 11 79 75 69
24 11 74 72 69
25 11 66 66 64
26 11 63 64 62
27 11 98 98 96
28 11 163 162 159
29 11 191 190 186
30 11 194 192 188
31 11 193 191 188
32 11 196 195 193
33 11 198 197 195
34 11 197 197 194
35 11 194 194 191
36 11 188 188 186
37 11 184 184 182
38 11 192 192 190
39 11 192 193 191
40 11 190 191 188
41 11 179 181 179
42 11 167 169 167
43 11 175 176 175
44 11 182 183 182
45 11 182 184 182
22 12 84 78 72
23 12 78 75 71
24 12 65 64 62
25 12 33 33 32
26 12 27 27 27
27 12 41 42 41
28 12 78 78 76
29 12 129 130 127
30 12 177 176 173
31 12 196 194 190
32 12 200 198 194
33 12 199 198 195
34 12 199 199 196
35 12 198 198 195
36 12 197 197 194
37 12 197 197 194
38 12 195 196 193
39 12 196 196 194
40 12 194 194 192
41 12 193 194 192
42 12 192 193 190
43 12 190 191 189
44 12 190 190 189
45 12 186 187 185
21 13 58 54 48
22 13 81 77 71
23 13 74 74 71
24 13 50 50 49
25 13 7 7 7
27 13 3 4 3
28 13 30 31 30
29 13 65 65 64
30 13 87 88 85
31 13 144 144 141
32 13 186 185 182
33 13 199 197 193
34 13 200 197 194
35 13 199 198 195
36 13 199 199 196
37 13 198 198 195
38 13 197 197 195
39 13 197 197 195
40 13 196 196 194
41 13 195 195 193
42 13 195 195 193
43 13 194 195 192
44 13 192 193 191
21 14 80 75 69
22 14 81 78 73
23 14 80 80 77
24 14 58 59 57
25 14 22 22 22
26 14 3 3 3
27 14 1 1 1
28 14 27 28 27
29 14 69 70 68
30 14 83 84 81
31 14 87 88 85
32 14 97 97 95
33 14 163 164 160
34 14 190 188 184
35 14 200 198 194
36 14 199 198 194
37 14 199 199 196
38 14 199 199 196
39 14 198 198 196
40 14 198 198 196
41 14 197 197 195
42 14 197 197 195
43 14 196 196 194
44 14 195 195 193
20 15 58 54 49
21 15 77 73 67
22 15 74 73 69
23 15 76 76 74
24 15 68 68 66
25 15 53 53 52
26 15 33 33 33
27 15 24 24 24
28 15 48 48 47
29 15 71 72 70
30 15 75 75 73
31 15 72 73 70
32 15 77 78 75
33 15 91 91 89
34 15 117 117 115
35 15 168 167 164
36 15 196 195 191
37 15 200 198 194
38 15 200 199 196
39 15 199 199 197
40 15 200 200 197
41 15 199 199 196
42 15 199 199 197
43 15 198 199 196
44 15 196 197 195
20 16 75 70 64
21 16 80 76 71
22 16 80 79 75
23 16 71 71 69
24 16 73 73 70
25 16 71 72 69
26 16 65 65 63
27 16 62 62 60
28 16 70 70 68
29 16 73 73 71
30 16 71 71 69
31 16 74 75 72
32 16 84 84 82
33 16 86 86 84
34 16 79 79 77
35 16 89 89 87
36 16 133 133 130
37 16 181 180 177
38 16 197 195 191
39 16 199 198 194
40 16 200 200 196
41 16 200 200 197
42 16 200 200 197
43 16 198 199 197
44 16 196 196 194
19 17 58 52 47
20 17 77 72 67
21 17 73 71 68
22 17 71 71 68
23 17 71 71 68
24 17 73 73 70
25 17 74 74 71
26 17 73 73 70
27 17 70 71 68
28 17 72 73 70
29 17 72 72 69
30 17 73 74 71
31 17 78 78 76
32 17 79 79 76
33 17 75 75 73
34 17 73 74 71
35 17 85 86 83
36 17 84 84 82
37 17 87 87 85
38 17 146 146 143
39 17 186 185 181
40 17 199 197 192
41 17 200 198 193
42 17 200 199 196
43 17 199 199 196
19 18 74 69 63
20 18 78 75 70
21 18 77 76 72
22 18 70 69 66
23 18 71 71 68
24 18 74 74 71
25 18 74 73 71
26 18 70 70 67
27 18 70 70 68
28 18 73 73 71
29 18 75 75 72
30 18 75 75 72
31 18 77 77 75
32 18 71 72 69
33 18 74 75 72
34 18 77 78 75
35 18 80 81 78
36 18 78 78 76
37 18 81 82 79
38 18 85 86 83
39 18 102 103 100
40 18 164 164 161
41 18 190 189 185
42 18 196 194 189
43 18 196 193 189
18 19 57 51 46
19 19 74 69 64
20 19 71 69 65
21 19 69 68 65
22 19 70 70 66
23 19 73 72 69
24 19 73 73 70
25 19 70 70 67
26 19 70 70 67
27 19 72 72 69
28 19 74 74 71
29 19 75 75 72
30 19 73 74 71
31 19 69 70 67
32 19 71 72 69
33 19 77 77 74
34 19 75 76 73
35 19 77 77 74
36 19 75 75 73
37 19 74 74 72
38 19 81 81 78
39 19 83 84 81
40 19 89 90 88
41 19 136 139 138
42 19 166 167 165
43 19 180 173 163
18 20 71 65 58
19 20 77 72 67
20 20 74 72 69
21 20 69 68 65
22 20 70 70 67
23 20 72 71 68
24 20 72 71 69
25 20 70 69 66
26 20 69 69 67
27 20 72 72 69
28 20 75 75 72
29 20 73 73 71
30 20 71 71 69
31 20 68 69 66
32 20 73 73 71
33 20 76 77 74
34 20 73 73 70
35 20 74 75 72
36 20 73 73 71
37 20 72 73 70
38 20 80 80 77
39 20 75 76 73
40 20 103 105 103
41 20 136 140 139
42 20 64 67 66
17 21 55 46 40
18 21 71 64 57
19 21 73 69 64
20 21 68 66 63
21 21 69 68 65
22 21 69 69 65
23 21 71 71 68
24 21 70 70 67
25 21 69 69 67
26 21 69 69 67
27 21 72 72 69
28 21 74 73 71
29 21 72 72 69
30 21 70 70 67
31 21 69 69 67
32 21 74 74 71
33 21 75 74 72
34 21 70 70 68
35 21 73 73 71
36 21 70 70 67
37 21 76 76 73
38 21 77 77 74
39 21 79 80 77
40 21 149 152 150
41 21 96 99 98
17 22 50 39 33
18 22 65 57 51
19 22 70 66 61
20 22 67 65 62
21 22 68 67 64
22 22 69 68 65
23 22 71 71 67
24 22 70 70 66
25 22 68 68 65
26 22 70 69 67
27 22 72 71 69
28 22 72 72 70
29 22 70 70 68
30 22 69 69 66
31 22 69 69 67
32 22 74 74 71
33 22 72 72 69
34 22 70 70 67
35 22 71 71 68
36 22 73 73 70
37 22 75 75 72
38 22 76 77 74
39 22 136 138 136
40 22 111 114 113
41 22 64 66 65
18 23 48 42 37
19 23 62 58 53
20 23 65 62 58
21 23 66 64 61
22 23 69 67 64
23 23 71 69 66
24 23 69 68 65
25 23 68 68 65
26 23 69 69 66
27 23 70 70 67
28 23 67 67 64
29 23 69 69 67
30 23 69 69 66
31 23 69 69 66
32 23 72 72 69
33 23 71 70 68
34 23 67 67 64
35 23 72 71 69
36 23 74 73 71
37 23 75 75 72
38 23 112 113 111
39 23 118 120 119
40 23 64 66 65
20 24 50 47 44
21 24 65 62 58
22 24 66 64 61
23 24 69 68 65
24 24 69 68 65
25 24 69 68 65
26 24 68 68 64
27 24 66 65 62
28 24 66 66 63
29 24 66 66 63
30 24 61 61 59
31 24 59 59 57
32 24 64 64 61
33 24 67 66 64
34 24 67 67 64
35 24 72 71 69
36 24 75 74 71
37 24 96 97 94
38 24 137 139 137
39 24 64 66 65
21 25 47 44 41
22 25 51 48 45
23 25 67 64 61
24 25 67 65 61
25 25 68 67 63
26 25 67 66 63
27 25 65 64 61
28 25 64 64 61
29 25 52 52 50
30 25 29 30 29
31 25 24 25 24
32 25 28 28 27
33 25 53 53 51
34 25 66 66 63
35 25 70 70 67
36 25 83 83 80
37 25 142 144 141
38 25 98 99 97
23 26 52 49 46
24 26 65 62 58
25 26 65 63 59
26 26 64 63 59
27 26 64 63 60
28 26 62 61 58
29 26 44 44 42
30 26 12 12 12
31 26 1 1 1
32 26 5 5 5
33 26 33 34 32
34 26 62 62 59
35 26 75 75 72
36 26 129 129 126
37 26 97 98 96
38 26 64 65 64
25 27 48 45 42
26 27 60 57 53
27 27 63 60 57
28 27 62 61 58
29 27 53 53 50
30 27 22 22 21
31 27 5 5 4
32 27 6 6 6
33 27 26 26 24
34 27 59 58 56
35 27 105 105 102
36 27 125 126 124
37 27 64 65 63
27 28 48 46 42
28 28 60 57 53
29 28 58 56 53
30 28 50 49 46
31 28 36 35 32
32 28 37 36 34
33 28 47 46 43
34 28 81 79 76
35 28 128 128 125
36 28 62 62 61
28 29 44 41 38
29 29 46 43 40
30 29 61 58 54
31 29 58 56 52
32 29 60 58 54
33 29 69 67 63
34 29 124 122 117
35 29 83 82 79
30 30 43 40 36
31 30 57 53 49
32 30 60 56 52
33 30 101 97 91
34 30 90 87 83
35 30 59 57 54
32 31 43 39 35
33 31 121 114 108
34 31 51 48 45
