34 0 170 164 155
33 1 189 188 184
34 1 183 180 174
35 1 176 170 161
32 2 194 195 192
33 2 193 194 192
34 2 189 189 186
35 2 183 180 174
36 2 179 173 166
30 3 191 192 189
31 3 197 198 196
32 3 196 197 195
33 3 189 190 188
34 3 163 164 161
35 3 162 162 158
36 3 179 176 171
37 3 183 174 168
29 4 197 197 195
30 4 199 200 198
31 4 198 199 196
32 4 197 197 195
33 4 180 181 179
34 4 106 107 105
35 4 74 75 73
36 4 153 153 149
37 4 182 177 172
38 4 185 175 168
28 5 198 199 197
29 5 200 201 199
30 5 200 200 198
31 5 199 200 197
32 5 197 197 195
33 5 190 191 188
34 5 153 154 151
35 5 58 59 57
36 5 81 82 80
37 5 166 166 162
38 5 185 180 176
39 5 184 174 167
27 6 198 200 198
28 6 199 200 198
29 6 200 201 199
30 6 200 200 198
31 6 199 199 197
32 6 198 198 196
33 6 196 196 194
34 6 186 186 184
35 6 150 150 148
36 6 126 127 125
37 6 174 175 172
38 6 187 186 183
39 6 187 182 177
40 6 185 174 166
26 7 197 199 198
27 7 200 201 200
28 7 200 202 200
29 7 192 193 191
30 7 187 189 187
31 7 193 194 192
32 7 196 197 195
33 7 196 196 194
34 7 194 194 192
35 7 188 188 186
36 7 182 183 180
37 7 187 188 185
38 7 188 188 186
39 7 187 186 183
40 7 184 179 174
41 7 183 173 166
25 8 179 181 180
26 8 194 196 195
27 8 201 203 202
28 8 194 196 194
29 8 150 152 150
30 8 114 117 115
31 8 149 151 149
32 8 184 185 183
33 8 196 196 194
34 8 194 195 192
35 8 191 191 189
36 8 188 189 187
37 8 189 190 187
38 8 189 189 187
39 8 188 188 186
40 8 186 185 182
41 8 184 179 175
42 8 182 172 165
24 9 86 88 86
25 9 144 146 145
26 9 182 185 185
27 9 202 205 204
28 9 195 196 195
29 9 141 143 141
30 9 33 34 33
31 9 51 53 52
32 9 151 153 150
33 9 190 191 188
34 9 192 193 190
35 9 171 172 170
36 9 153 154 152
37 9 170 171 169
38 9 186 187 185
39 9 188 189 186
40 9 187 187 184
41 9 184 183 180
42 9 181 175 171
43 9 179 169 163
23 10 62 63 62
24 10 124 125 123
25 10 111 112 110
26 10 121 123 123
27 10 185 188 188
28 10 199 202 200
29 10 171 173 171
30 10 88 89 87
31 10 35 36 35
32 10 124 126 124
33 10 185 186 183
34 10 189 190 187
35 10 150 151 148
36 10 56 57 56
37 10 93 95 93
38 10 165 166 164
39 10 186 187 184
40 10 184 184 182
41 10 164 164 162
42 10 164 162 159
43 10 173 167 162
44 10 175 164 158
22 11 63 64 62
23 11 123 124 122
24 11 122 123 121
25 11 62 63 61
26 11 51 52 50
27 11 115 117 116
28 11 186 188 187
29 11 194 196 195
30 11 171 172 169
31 11 144 144 141
32 11 156 157 156
33 11 186 187 185
34 11 192 193 190
35 11 173 173 170
36 11 100 100 97
37 11 18 19 18
38 11 118 119 117
39 11 178 179 176
40 11 180 181 178
41 11 127 127 124
42 11 87 87 85
43 11 140 137 133
44 11 170 163 159
45 11 175 165 158
21 12 64 64 62
22 12 120 122 119
23 12 127 128 126
24 12 58 59 57
25 12 20 21 20
26 12 18 18 17
27 12 37 37 36
28 12 113 115 113
29 12 186 189 187
30 12 198 200 198
31 12 193 193 190
32 12 189 189 187
33 12 191 191 189
34 12 193 193 191
35 12 187 187 185
36 12 157 158 155
37 12 107 108 105
38 12 126 126 123
39 12 177 177 174
40 12 183 183 180
41 12 146 146 143
42 12 40 40 38
43 12 76 75 73
44 12 160 157 154
45 12 174 168 162
46 12 170 159 151
20 13 64 64 62
21 13 115 116 113
22 13 132 133 130
23 13 68 69 67
24 13 34 34 34
25 13 4 4 4
27 13 9 9 9
28 13 39 39 37
29 13 113 115 113
30 13 186 188 187
31 13 200 201 199
32 13 197 197 194
33 13 194 193 190
34 13 192 192 189
35 13 191 191 188
36 13 185 186 183
37 13 175 176 173
38 13 171 171 168
39 13 182 182 179
40 13 186 186 183
41 13 175 174 171
42 13 127 127 124
43 13 77 77 75
44 13 146 145 142
45 13 175 171 167
46 13 172 162 156
47 13 159 141 131
19 14 63 64 62
20 14 111 112 110
21 14 133 134 131
22 14 68 69 67
23 14 50 51 50
24 14 42 43 42
25 14 16 16 16
27 14 1 1 1
28 14 24 24 23
29 14 53 53 51
30 14 113 114 112
31 14 186 187 186
32 14 199 200 198
33 14 197 196 193
34 14 193 193 190
35 14 192 192 189
36 14 189 190 187
37 14 187 187 185
38 14 186 186 184
39 14 186 186 183
40 14 187 187 184
41 14 185 185 182
42 14 176 175 171
43 14 160 159 156
44 14 165 164 160
45 14 177 175 171
46 14 175 170 165
18 15 63 64 62
19 15 115 115 113
20 15 134 135 133
21 15 65 66 64
22 15 24 25 24
23 15 22 23 22
24 15 33 34 34
25 15 35 37 37
26 15 16 17 17
27 15 12 13 12
28 15 32 32 31
29 15 54 54 51
30 15 60 59 56
31 15 115 115 112
32 15 185 186 184
33 15 198 199 197
34 15 195 195 192
35 15 193 192 190
36 15 189 189 186
37 15 178 178 175
38 15 172 172 170
39 15 178 178 176
40 15 186 186 183
41 15 186 185 182
42 15 186 184 181
43 15 183 182 178
44 15 181 180 176
45 15 178 176 172
46 15 176 172 168
17 16 62 62 60
18 16 120 121 118
19 16 130 131 128
20 16 80 81 78
21 16 39 40 38
22 16 9 9 9
23 16 1 1 1
24 16 13 13 13
25 16 36 37 37
26 16 45 46 45
27 16 44 44 43
28 16 50 50 48
29 16 56 56 54
30 16 59 59 56
31 16 60 59 56
32 16 113 113 110
33 16 185 185 183
34 16 197 197 195
35 16 195 195 192
36 16 186 186 183
37 16 155 155 152
38 16 103 103 100
39 16 134 135 132
40 16 175 175 172
41 16 186 184 181
42 16 185 184 180
43 16 184 182 178
44 16 182 180 176
45 16 180 178 173
17 17 105 105 101
18 17 129 129 126
19 17 71 72 70
20 17 46 47 45
21 17 38 40 39
22 17 20 21 21
23 17 4 4 4
24 17 4 4 4
25 17 30 30 29
26 17 54 55 53
27 17 59 59 57
28 17 58 58 56
29 17 59 58 56
30 17 59 58 56
31 17 58 57 54
32 17 58 57 54
33 17 109 108 104
34 17 182 181 178
35 17 196 196 193
36 17 189 189 186
37 17 151 150 147
38 17 43 42 41
39 17 44 44 43
40 17 141 140 137
41 17 181 179 175
42 17 184 183 178
43 17 183 181 177
44 17 181 179 174
45 17 181 178 174
16 18 96 91 84
17 18 119 114 107
18 18 77 77 74
19 18 26 26 25
20 18 14 15 14
21 18 21 22 22
22 18 28 30 29
23 18 23 24 24
24 18 20 20 19
25 18 39 39 38
26 18 56 56 54
27 18 59 59 57
28 18 59 59 56
29 18 59 59 57
30 18 58 58 55
31 18 58 57 54
32 18 57 56 53
33 18 57 56 52
34 18 106 105 100
35 18 180 179 175
36 18 192 192 189
37 18 173 172 168
38 18 107 105 102
39 18 30 30 28
40 18 107 106 103
41 18 173 172 168
42 18 184 182 177
43 18 183 180 176
44 18 182 180 175
16 19 55 50 44
17 19 74 70 64
18 19 52 51 48
19 19 22 22 21
20 19 2 2 2
21 19 5 5 5
22 19 28 29 28
23 19 47 48 46
24 19 50 50 49
25 19 53 54 51
26 19 59 59 56
27 19 60 60 57
28 19 59 59 56
29 19 59 59 56
30 19 58 58 55
31 19 57 56 53
32 19 53 52 49
33 19 49 48 45
34 19 47 45 42
35 19 105 103 98
36 19 176 175 171
37 19 185 184 180
38 19 167 165 161
39 19 126 124 119
40 19 125 123 118
41 19 175 172 168
42 19 183 180 176
43 19 182 179 174
17 20 57 53 48
18 20 53 50 46
19 20 38 37 34
20 20 17 17 16
21 20 6 6 5
22 20 27 27 26
23 20 53 53 51
24 20 61 61 59
25 20 60 59 57
26 20 60 60 57
27 20 60 60 58
28 20 59 59 57
29 20 59 59 56
30 20 58 58 55
31 20 55 55 52
32 20 41 41 39
33 20 24 24 22
34 20 16 16 15
35 20 33 32 29
36 20 102 101 96
37 20 173 172 167
38 20 186 184 180
39 20 178 176 172
40 20 174 172 167
41 20 182 179 174
42 20 182 180 175
43 20 182 179 174
18 21 51 47 42
19 21 49 46 42
20 21 43 41 39
21 21 35 35 34
22 21 43 43 42
23 21 57 57 55
24 21 61 61 59
25 21 61 61 59
26 21 61 60 58
27 21 60 59 57
28 21 59 59 56
29 21 57 57 54
30 21 56 56 53
31 21 52 52 50
32 21 32 32 30
33 21 6 5 5
35 21 7 6 6
36 21 31 30 28
37 21 99 97 93
38 21 172 169 165
39 21 185 183 178
40 21 185 183 178
41 21 183 181 176
42 21 181 179 174
19 22 54 50 45
20 22 57 54 50
21 22 57 56 53
22 22 58 58 56
23 22 61 61 59
24 22 62 62 60
25 22 61 61 58
26 22 61 60 58
27 22 60 60 57
28 22 57 57 54
29 22 50 50 48
30 22 42 42 40
31 22 39 39 37
32 22 35 35 33
33 22 14 14 13
35 22 1 1 1
36 22 16 15 14
37 22 43 41 38
38 22 98 95 89
39 22 166 162 157
40 22 181 178 174
41 22 183 180 175
20 23 56 52 47
21 23 59 56 52
22 23 61 59 56
23 23 62 61 59
24 23 61 61 59
25 23 61 61 58
26 23 61 61 58
27 23 59 59 56
28 23 55 55 52
29 23 35 35 33
30 23 14 14 13
31 23 14 14 13
32 23 29 29 28
33 23 31 31 29
34 23 18 18 17
35 23 11 11 10
36 23 25 24 22
37 23 45 44 41
38 23 50 48 44
39 23 89 82 76
40 23 157 150 144
41 23 177 174 170
21 24 55 51 47
22 24 60 56 52
23 24 61 59 56
24 24 61 61 58
25 24 61 60 58
26 24 57 57 55
27 24 56 56 54
28 24 51 51 49
29 24 31 31 30
30 24 7 7 6
31 24 1 1 1
32 24 12 12 11
33 24 33 33 31
34 24 41 41 39
35 24 41 40 37
36 24 45 44 41
37 24 50 47 44
38 24 50 46 43
39 24 47 43 39
40 24 43 38 34
22 25 56 52 47
23 25 59 55 51
24 25 61 59 56
25 25 59 58 56
26 25 45 46 44
27 25 33 33 32
28 25 35 35 33
29 25 34 34 33
30 25 23 23 23
31 25 8 8 7
32 25 8 8 7
33 25 33 32 30
34 25 50 49 46
35 25 52 50 47
36 25 53 51 47
37 25 49 46 42
38 25 48 44 40
23 26 55 51 47
24 26 59 55 52
25 26 55 53 50
26 26 32 31 30
27 26 6 6 6
28 26 7 7 6
29 26 23 23 22
30 26 38 39 37
31 26 33 32 31
32 26 31 31 29
33 26 44 44 41
34 26 52 51 47
35 26 52 50 46
36 26 51 48 44
37 26 50 47 43
24 27 54 51 46
25 27 53 49 45
26 27 35 33 30
27 27 10 9 8
28 27 2 2 2
29 27 13 12 12
30 27 42 41 40
31 27 51 51 48
32 27 52 51 48
33 27 54 52 49
34 27 52 50 47
35 27 51 48 44
25 28 47 43 39
26 28 41 37 33
27 28 31 28 25
28 28 21 20 19
29 28 23 22 21
30 28 46 45 43
31 28 54 53 50
32 28 58 56 52
33 28 53 50 47
34 28 52 50 46
27 29 48 44 39
28 29 49 45 42
29 29 49 47 44
30 29 55 53 50
31 29 54 52 49
32 29 53 51 47
33 29 51 48 44
28 30 53 47 42
29 30 58 52 47
30 30 53 50 46
31 30 52 49 45
29 31 49 41 36
30 31 52 45 40
