34 0 169 162 153
33 1 189 188 184
34 1 183 180 174
35 1 175 169 160
32 2 194 195 193
33 2 193 194 192
34 2 190 189 186
35 2 183 180 174
36 2 178 172 165
31 3 197 198 196
32 3 196 197 195
33 3 190 191 189
34 3 166 167 164
35 3 162 162 158
36 3 179 175 170
37 3 183 174 167
30 4 198 199 197
31 4 199 199 197
32 4 197 198 196
33 4 184 185 183
34 4 117 118 116
35 4 73 74 72
36 4 152 152 149
37 4 181 176 172
38 4 184 173 166
29 5 200 201 199
30 5 200 201 199
31 5 200 200 198
32 5 197 198 195
33 5 192 193 190
34 5 160 161 158
35 5 68 69 67
36 5 78 79 77
37 5 165 164 161
38 5 184 180 175
39 5 183 174 166
27 6 194 195 193
28 6 199 201 199
29 6 200 202 200
30 6 200 201 199
31 6 199 200 197
32 6 198 198 196
33 6 196 197 195
34 6 188 188 186
35 6 155 156 154
36 6 122 123 121
37 6 172 173 170
38 6 186 185 182
39 6 186 181 177
40 6 184 173 166
26 7 195 196 195
27 7 200 202 200
28 7 201 202 201
29 7 196 198 196
30 7 187 189 187
31 7 191 193 190
32 7 196 197 194
33 7 196 197 195
34 7 194 194 192
35 7 189 189 187
36 7 182 182 180
37 7 187 187 185
38 7 188 188 185
39 7 186 185 182
40 7 184 179 174
41 7 183 172 165
25 8 168 169 168
26 8 191 193 192
27 8 200 202 201
28 8 200 201 200
29 8 174 176 174
30 8 114 117 115
31 8 136 139 137
32 8 177 178 175
33 8 195 195 193
34 8 195 195 193
35 8 191 192 190
36 8 188 189 187
37 8 189 190 187
38 8 189 189 186
39 8 188 188 185
40 8 186 184 181
41 8 183 179 174
42 8 181 171 165
24 9 62 63 62
25 9 115 117 115
26 9 170 173 172
27 9 198 201 201
28 9 200 202 201
29 9 174 175 173
30 9 73 74 72
31 9 28 29 29
32 9 127 128 126
33 9 184 185 183
34 9 193 194 191
35 9 178 179 176
36 9 153 154 152
37 9 168 169 167
38 9 185 186 183
39 9 188 188 186
40 9 186 186 183
41 9 183 182 179
42 9 180 174 170
43 9 179 168 162
23 10 62 63 62
24 10 122 124 121
25 10 137 138 136
26 10 76 77 76
27 10 168 172 171
28 10 199 202 201
29 10 189 191 189
30 10 130 132 129
31 10 43 43 42
32 10 88 90 88
33 10 174 175 173
34 10 191 192 189
35 10 165 166 163
36 10 72 73 71
37 10 81 82 81
38 10 159 160 158
39 10 185 185 183
40 10 184 184 182
41 10 165 165 162
42 10 164 162 159
43 10 173 166 161
44 10 174 163 157
22 11 63 64 62
23 11 123 124 122
24 11 142 144 141
25 11 74 75 73
26 11 49 50 48
27 11 60 61 59
28 11 170 172 171
29 11 196 199 198
30 11 183 185 183
31 11 154 155 152
32 11 146 147 145
33 11 178 180 178
34 11 192 193 191
35 11 181 181 179
36 11 123 124 121
37 11 25 25 24
38 11 102 104 102
39 11 174 175 172
40 11 181 181 178
41 11 130 130 128
42 11 90 90 88
43 11 142 139 135
44 11 170 163 158
45 11 174 164 157
21 12 63 64 63
22 12 128 129 127
23 12 143 144 142
24 12 80 81 79
25 12 28 29 28
26 12 15 15 15
27 12 27 27 26
28 12 57 58 56
29 12 170 172 171
30 12 198 199 198
31 12 195 196 194
32 12 190 190 188
33 12 190 190 187
34 12 193 193 191
35 12 190 190 188
36 12 168 168 165
37 12 117 117 115
38 12 115 115 111
39 12 172 172 169
40 12 183 183 181
41 12 150 150 147
42 12 45 45 43
43 12 81 79 78
44 12 161 158 154
45 12 173 166 160
46 12 169 156 148
20 13 64 64 62
21 13 123 124 121
22 13 140 141 138
23 13 82 83 81
24 13 44 45 44
25 13 10 11 10
27 13 3 3 3
28 13 25 25 24
29 13 64 65 63
30 13 170 172 170
31 13 199 200 198
32 13 198 198 196
33 13 195 194 191
34 13 193 192 189
35 13 192 192 189
36 13 187 188 185
37 13 178 178 176
38 13 171 171 168
39 13 179 179 177
40 13 186 185 183
41 13 176 176 173
42 13 131 130 127
43 13 77 77 75
44 13 147 146 143
45 13 174 170 165
46 13 170 160 153
47 13 157 141 132
20 14 129 130 127
21 14 136 137 134
22 14 81 81 79
23 14 51 52 51
24 14 47 48 47
25 14 24 25 25
26 14 2 2 2
28 14 12 12 11
29 14 43 43 41
30 14 69 69 66
31 14 170 171 170
32 14 198 199 197
33 14 198 198 196
34 14 194 194 191
35 14 192 192 189
36 14 190 190 187
37 14 187 188 185
38 14 186 186 184
39 14 185 186 183
40 14 187 186 184
41 14 185 185 182
42 14 176 175 172
43 14 160 159 155
44 14 164 163 160
45 14 176 174 170
46 14 173 167 162
19 15 121 122 119
20 15 137 138 135
21 15 84 85 82
22 15 28 28 27
23 15 19 19 19
24 15 29 30 29
25 15 37 39 39
26 15 23 24 24
27 15 10 10 10
28 15 23 23 23
29 15 47 47 45
30 15 58 58 55
31 15 67 67 64
32 15 168 169 167
33 15 197 197 195
34 15 196 196 194
35 15 194 194 191
36 15 190 190 187
37 15 181 181 179
38 15 173 173 171
39 15 176 176 173
40 15 185 185 182
41 15 186 185 182
42 15 185 184 180
43 15 183 182 178
44 15 180 179 175
45 15 178 175 171
46 15 176 173 169
18 16 117 117 114
19 16 133 133 131
20 16 86 87 85
21 16 44 45 43
22 16 13 13 13
24 16 5 5 5
25 16 30 31 30
26 16 46 47 46
27 16 43 44 42
28 16 48 48 46
29 16 54 54 52
30 16 59 58 56
31 16 59 59 56
32 16 66 65 62
33 16 169 169 166
34 16 195 195 193
35 16 196 196 194
36 16 190 190 187
37 16 170 169 166
38 16 116 116 113
39 16 120 120 117
40 16 169 169 166
41 16 184 183 180
42 16 185 183 179
43 16 183 182 178
44 16 181 180 175
45 16 179 177 173
17 17 117 116 112
18 17 126 127 124
19 17 75 76 74
20 17 47 47 46
21 17 40 42 41
22 17 21 22 22
23 17 6 7 6
24 17 1 1 1
25 17 20 21 20
26 17 50 50 49
27 17 58 59 57
28 17 58 58 56
29 17 58 58 56
30 17 59 59 56
31 17 58 58 55
32 17 58 57 54
33 17 66 65 61
34 17 166 165 162
35 17 194 193 191
36 17 193 193 190
37 17 172 171 168
38 17 84 84 81
39 17 23 23 23
40 17 121 120 117
41 17 176 175 171
42 17 184 182 178
43 17 183 181 176
44 17 181 178 174
45 17 181 178 174
16 18 104 99 91
17 18 119 115 108
18 18 82 82 79
19 18 27 28 27
20 18 15 15 14
21 18 21 22 21
22 18 28 29 29
23 18 25 26 25
24 18 18 18 17
25 18 33 33 32
26 18 53 53 51
27 18 59 59 57
28 18 59 59 56
29 18 59 59 57
30 18 58 58 55
31 18 58 58 55
32 18 57 56 53
33 18 58 56 53
34 18 63 61 57
35 18 164 163 159
36 18 191 191 188
37 18 184 183 180
38 18 137 136 132
39 18 50 49 47
40 18 77 77 74
41 18 164 163 159
42 18 184 182 177
43 18 183 180 176
44 18 181 178 173
16 19 55 51 45
17 19 74 70 64
18 19 52 51 48
19 19 23 23 22
20 19 2 2 2
21 19 4 4 4
22 19 25 25 25
23 19 45 46 45
24 19 49 50 48
25 19 52 52 50
26 19 58 58 55
27 19 60 60 57
28 19 59 59 57
29 19 59 59 57
30 19 58 58 55
31 19 58 57 54
32 19 55 54 51
33 19 50 49 46
34 19 47 45 42
35 19 64 62 58
36 19 161 160 155
37 19 186 185 181
38 19 176 175 170
39 19 142 140 136
40 19 114 112 108
41 19 166 164 159
42 19 182 180 175
43 19 182 179 174
17 20 57 54 49
18 20 53 51 46
19 20 39 37 34
20 20 17 17 16
21 20 5 5 5
22 20 24 24 23
23 20 51 51 50
24 20 61 61 58
25 20 60 59 57
26 20 60 60 57
27 20 60 60 58
28 20 60 59 57
29 20 59 59 56
30 20 58 58 55
31 20 56 56 53
32 20 47 47 44
33 20 30 29 27
34 20 17 16 15
35 20 24 23 21
36 20 58 56 53
37 20 158 156 151
38 20 185 183 179
39 20 182 180 176
40 20 174 171 166
41 20 180 178 173
42 20 182 180 175
43 20 182 179 174
18 21 51 47 42
19 21 49 46 42
20 21 42 41 38
21 21 35 34 33
22 21 42 42 40
23 21 56 56 54
24 21 61 61 59
25 21 61 61 59
26 21 61 60 58
27 21 60 59 57
28 21 59 59 57
29 21 58 58 55
30 21 56 56 54
31 21 54 54 52
32 21 40 40 38
33 21 11 11 11
35 21 2 2 1
36 21 20 19 18
37 21 62 60 56
38 21 157 155 150
39 21 182 180 176
40 21 185 183 178
41 21 183 181 176
42 21 182 179 174
19 22 54 50 46
20 22 57 54 50
21 22 57 56 53
22 22 58 58 55
23 22 61 61 59
24 22 62 62 60
25 22 61 61 59
26 22 61 61 58
27 22 60 60 57
28 22 58 58 55
29 22 52 52 49
30 22 43 43 41
31 22 39 39 37
32 22 40 40 39
33 22 21 21 20
34 22 2 2 2
35 22 1 1 1
36 22 8 7 7
37 22 34 33 31
38 22 64 62 58
39 22 151 147 141
40 22 177 174 169
41 22 182 180 175
42 22 182 179 174
20 23 56 52 48
21 23 59 56 52
22 23 61 59 56
23 23 62 61 59
24 23 61 61 59
25 23 61 61 59
26 23 61 61 58
27 23 59 59 57
28 23 57 57 54
29 23 39 40 38
30 23 16 16 15
31 23 9 9 8
32 23 23 23 22
33 23 34 34 33
34 23 23 23 22
35 23 12 11 11
36 23 18 18 16
37 23 40 39 36
38 23 50 48 44
39 23 64 60 55
40 23 135 126 119
41 23 170 165 160
21 24 56 52 47
22 24 60 56 52
23 24 61 59 56
24 24 61 61 58
25 24 61 61 58
26 24 58 58 55
27 24 56 56 54
28 24 53 53 50
29 24 35 35 34
30 24 10 10 9
31 24 1 1 1
32 24 4 4 4
33 24 28 28 27
34 24 44 44 41
35 24 41 40 38
36 24 44 42 39
37 24 49 47 43
38 24 52 49 45
39 24 49 45 41
40 24 47 43 39
22 25 56 52 47
23 25 59 55 51
24 25 61 59 56
25 25 59 58 56
26 25 47 47 45
27 25 34 34 33
28 25 35 35 33
29 25 35 35 34
30 25 26 26 25
31 25 10 10 10
32 25 4 4 4
33 25 25 25 23
34 25 48 47 44
35 25 52 51 48
36 25 53 50 47
37 25 49 46 43
38 25 48 44 41
39 25 46 42 38
23 26 56 52 47
24 26 59 56 52
25 26 56 54 51
26 26 34 33 32
27 26 7 7 7
28 26 7 7 6
29 26 21 21 20
30 26 38 38 36
31 26 34 34 33
32 26 30 29 28
33 26 42 41 38
34 26 52 50 47
35 26 53 51 47
36 26 51 48 45
37 26 52 49 45
24 27 55 51 47
25 27 53 49 46
26 27 36 34 31
27 27 10 9 9
28 27 2 2 2
29 27 10 10 9
30 27 39 39 37
31 27 51 51 48
32 27 52 51 48
33 27 52 50 47
34 27 53 51 47
35 27 51 48 45
36 27 50 47 43
25 28 48 44 39
26 28 42 37 33
27 28 31 28 25
28 28 21 20 19
29 28 21 21 20
30 28 44 43 41
31 28 54 53 50
32 28 55 53 49
33 28 53 51 47
34 28 51 49 45
26 29 43 38 33
27 29 48 43 39
28 29 49 45 41
29 29 49 47 44
30 29 53 52 49
31 29 54 52 49
32 29 53 51 47
33 29 52 49 46
28 30 53 47 42
29 30 56 50 45
30 30 53 50 46
31 30 51 48 44
29 31 49 41 36
30 31 52 45 40
