32 0 185 181 174
33 0 181 174 163
34 0 170 161 148
30 1 186 187 184
31 1 190 190 187
32 1 192 191 186
33 1 191 187 180
34 1 187 180 170
29 2 189 190 187
30 2 192 192 190
31 2 190 191 189
32 2 187 188 185
33 2 192 191 187
34 2 193 189 182
35 2 190 181 173
27 3 187 188 185
28 3 190 191 189
29 3 190 191 188
30 3 179 180 178
31 3 150 151 149
32 3 128 129 127
33 3 170 171 168
34 3 194 193 189
35 3 196 190 184
36 3 195 185 177
25 4 186 187 185
26 4 189 189 187
27 4 190 191 189
28 4 192 193 190
29 4 177 178 176
30 4 117 118 116
31 4 38 38 37
32 4 20 20 20
33 4 116 117 115
34 4 185 185 183
35 4 198 195 191
36 4 197 190 184
37 4 196 183 174
23 5 183 183 181
24 5 187 188 186
25 5 189 190 188
26 5 192 192 189
27 5 192 192 190
28 5 192 192 190
29 5 178 179 176
30 5 103 104 102
31 5 16 16 16
32 5 64 65 63
33 5 140 141 139
34 5 187 187 185
35 5 198 197 194
36 5 198 195 190
37 5 197 188 181
22 6 184 185 182
23 6 187 187 185
24 6 190 190 188
25 6 191 192 189
26 6 191 192 189
27 6 192 192 190
28 6 192 192 190
29 6 188 189 186
30 6 162 162 160
31 6 132 133 130
32 6 164 165 163
33 6 187 187 185
34 6 195 195 193
35 6 198 197 195
36 6 198 197 194
37 6 198 193 188
38 6 197 186 179
20 7 181 183 181
21 7 183 185 183
22 7 184 185 183
23 7 185 186 184
24 7 188 189 186
25 7 190 191 188
26 7 191 191 189
27 7 191 192 189
28 7 191 192 189
29 7 191 191 189
30 7 189 190 187
31 7 187 187 185
32 7 191 192 189
33 7 195 195 192
34 7 196 196 194
35 7 198 198 195
36 7 199 198 195
37 7 199 197 194
38 7 198 192 187
39 7 198 187 180
18 8 178 180 179
19 8 182 184 182
20 8 182 184 182
21 8 173 175 173
22 8 149 151 148
23 8 149 151 149
24 8 169 170 168
25 8 187 188 185
26 8 189 190 187
27 8 190 191 188
28 8 188 189 186
29 8 186 186 184
30 8 189 190 188
31 8 191 192 189
32 8 193 194 191
33 8 195 196 193
34 8 196 196 194
35 8 197 197 194
36 8 198 198 196
37 8 199 198 195
38 8 199 196 192
39 8 199 192 186
40 8 197 185 177
17 9 171 173 172
18 9 182 184 183
19 9 185 187 186
20 9 170 172 170
21 9 107 109 107
22 9 41 42 41
23 9 48 50 49
24 9 126 128 126
25 9 181 182 179
26 9 188 189 186
27 9 184 184 182
28 9 161 162 159
29 9 136 138 136
30 9 148 150 148
31 9 176 178 176
32 9 193 194 192
33 9 195 195 193
34 9 195 196 193
35 9 195 195 192
36 9 191 191 188
37 9 189 189 187
38 9 195 194 192
39 9 198 193 189
40 9 198 189 183
17 10 181 185 185
18 10 184 187 186
19 10 184 186 184
20 10 153 155 152
21 10 59 60 58
22 10 5 5 5
23 10 51 52 52
24 10 143 145 143
25 10 182 183 180
26 10 185 185 183
27 10 156 157 154
28 10 80 80 78
29 10 20 20 19
30 10 35 36 35
31 10 136 138 136
32 10 187 188 186
33 10 194 195 192
34 10 191 191 189
35 10 170 170 168
36 10 134 135 132
37 10 132 133 132
38 10 164 164 162
39 10 187 184 182
40 10 198 192 187
41 10 198 187 180
18 11 186 189 188
19 11 185 187 186
20 11 158 160 157
21 11 110 111 108
22 11 94 95 93
23 11 130 132 131
24 11 172 173 171
25 11 185 186 183
26 11 184 184 182
27 11 149 150 147
28 11 44 44 43
29 11 7 6 6
30 11 52 53 51
31 11 141 142 140
32 11 186 187 184
33 11 193 193 191
34 11 181 181 179
35 11 114 114 111
36 11 27 27 26
37 11 21 22 21
38 11 96 96 95
39 11 175 174 172
40 11 198 194 191
41 11 198 190 184
42 11 196 184 175
18 12 186 189 188
19 12 187 189 188
20 12 184 185 183
21 12 175 175 172
22 12 171 171 168
23 12 175 175 173
24 12 183 183 181
25 12 186 186 183
26 12 183 183 180
27 12 162 162 159
28 12 112 112 109
29 12 93 91 88
30 12 128 128 125
31 12 174 174 171
32 12 191 191 188
33 12 191 191 189
34 12 172 172 169
35 12 77 77 74
36 12 10 10 9
37 12 20 20 19
38 12 96 96 94
39 12 179 178 176
40 12 197 195 192
41 12 199 193 187
42 12 194 182 174
43 12 184 165 154
19 13 188 190 189
20 13 188 189 187
21 13 186 186 183
22 13 185 184 180
23 13 184 183 180
24 13 186 185 182
25 13 185 185 182
26 13 184 185 182
27 13 181 182 179
28 13 174 175 172
29 13 172 172 169
30 13 176 176 173
31 13 187 187 184
32 13 191 191 188
33 13 192 191 189
34 13 184 184 181
35 13 138 137 134
36 13 96 96 93
37 13 104 104 101
38 13 150 150 147
39 13 190 189 186
40 13 197 195 192
41 13 194 188 183
42 13 182 171 163
43 13 178 166 157
19 14 187 189 188
20 14 189 190 189
21 14 189 189 186
22 14 185 185 182
23 14 185 184 181
24 14 185 184 182
25 14 185 185 182
26 14 183 184 181
27 14 183 184 182
28 14 185 185 183
29 14 186 186 184
30 14 187 187 184
31 14 190 190 187
32 14 192 191 188
33 14 193 192 189
34 14 192 191 188
35 14 185 184 181
36 14 179 178 175
37 14 178 178 174
38 14 188 187 183
39 14 194 192 188
40 14 185 181 176
41 14 158 152 146
42 14 150 143 136
43 14 176 170 162
20 15 188 190 189
21 15 189 190 187
22 15 187 187 184
23 15 185 185 181
24 15 184 183 180
25 15 180 180 177
26 15 173 173 170
27 15 168 169 166
28 15 169 170 167
29 15 183 184 181
30 15 187 187 184
31 15 189 189 186
32 15 191 190 187
33 15 193 191 188
34 15 192 191 188
35 15 194 193 189
36 15 194 193 190
37 15 193 191 188
38 15 188 185 181
39 15 164 160 155
40 15 122 118 112
41 15 93 89 85
42 15 136 132 126
43 15 172 166 160
21 16 188 189 188
22 16 189 189 186
23 16 186 186 183
24 16 183 182 179
25 16 164 164 161
26 16 123 123 120
27 16 93 94 91
28 16 101 102 99
29 16 166 166 164
30 16 186 186 183
31 16 189 188 185
32 16 191 189 186
33 16 192 191 187
34 16 193 191 187
35 16 194 192 188
36 16 191 189 185
37 16 182 179 175
38 16 132 129 124
39 16 69 67 63
40 16 28 27 25
41 16 60 58 56
42 16 121 118 113
43 16 162 157 150
44 16 179 174 167
21 17 186 188 186
22 17 188 188 186
23 17 186 186 183
24 17 177 176 173
25 17 128 127 124
26 17 42 42 41
27 17 9 9 9
28 17 30 31 29
29 17 142 141 138
30 17 184 183 179
31 17 189 187 183
32 17 190 188 184
33 17 191 189 185
34 17 192 190 186
35 17 186 184 181
36 17 158 156 152
37 17 114 112 107
38 17 41 40 37
39 17 8 8 8
40 17 40 40 39
41 17 91 89 85
42 17 112 109 104
43 17 148 144 137
44 17 177 172 166
22 18 186 186 184
23 18 185 184 181
24 18 175 174 170
25 18 120 119 115
26 18 19 18 17
27 18 6 6 6
28 18 65 64 62
29 18 157 157 153
30 18 184 183 179
31 18 188 186 182
32 18 189 187 183
33 18 187 185 181
34 18 171 170 166
35 18 140 139 135
36 18 121 120 117
37 18 92 91 88
38 18 54 54 52
39 18 69 69 67
40 18 101 100 97
41 18 114 112 107
42 18 118 116 111
43 18 140 136 130
44 18 169 164 158
22 19 182 182 179
23 19 184 183 179
24 19 179 177 173
25 19 156 155 151
26 19 104 102 98
27 19 93 92 87
28 19 138 135 131
29 19 176 174 169
30 19 186 184 180
31 19 186 185 181
32 19 177 177 173
33 19 147 146 142
34 19 131 131 127
35 19 126 125 122
36 19 122 122 119
37 19 114 114 111
38 19 108 108 105
39 19 111 111 108
40 19 115 114 110
41 19 118 116 111
42 19 116 114 109
43 19 127 125 119
44 19 161 156 150
23 20 182 180 176
24 20 184 182 178
25 20 179 177 172
26 20 167 165 160
27 20 169 166 161
28 20 179 177 172
29 20 184 182 178
30 20 180 180 177
31 20 154 154 151
32 20 132 133 129
33 20 126 127 123
34 20 127 127 123
35 20 125 125 121
36 20 125 124 121
37 20 122 122 118
38 20 120 120 117
39 20 118 118 114
40 20 116 115 111
41 20 112 110 106
42 20 102 101 97
43 20 111 110 106
44 20 143 139 133
45 20 164 159 152
23 21 180 178 174
24 21 182 180 176
25 21 184 182 178
26 21 182 179 174
27 21 183 181 176
28 21 180 179 176
29 21 155 156 152
30 21 101 102 99
31 21 89 90 87
32 21 110 110 108
33 21 126 127 123
34 21 124 124 121
35 21 125 124 121
36 21 122 122 119
37 21 122 121 118
38 21 120 120 117
39 21 115 115 111
40 21 99 98 94
41 21 62 61 58
42 21 46 46 44
43 21 88 86 83
44 21 128 121 115
45 21 161 152 144
24 22 178 175 172
25 22 182 180 176
26 22 180 179 175
27 22 167 167 164
28 22 122 123 120
29 22 56 56 54
30 22 18 18 17
31 22 49 51 50
32 22 112 113 111
33 22 122 122 119
34 22 125 125 122
35 22 123 122 119
36 22 120 119 116
37 22 121 121 118
38 22 117 117 113
39 22 102 101 98
40 22 52 51 49
41 22 20 19 18
42 22 55 53 51
43 22 95 91 87
44 22 108 98 91
45 22 148 133 123
24 23 173 172 169
25 23 172 173 170
26 23 154 155 153
27 23 118 119 117
28 23 48 49 48
29 23 13 14 14
30 23 49 51 50
31 23 96 98 96
32 23 121 122 119
33 23 122 122 119
34 23 123 123 120
35 23 122 121 118
36 23 118 118 115
37 23 119 118 115
38 23 114 114 111
39 23 87 86 83
40 23 56 56 54
41 23 67 64 61
42 23 75 70 66
43 23 92 86 80
44 23 58 52 48
25 24 129 130 128
26 24 132 134 131
27 24 108 109 107
28 24 82 84 83
29 24 87 90 89
30 24 106 108 106
31 24 121 121 119
32 24 122 123 120
33 24 121 121 118
34 24 120 120 117
35 24 119 119 116
36 24 118 118 114
37 24 118 117 114
38 24 116 115 112
39 24 106 104 101
40 24 95 91 87
41 24 79 74 70
42 24 47 44 41
26 25 143 145 143
27 25 124 125 123
28 25 120 121 119
29 25 121 123 120
30 25 121 122 119
31 25 123 123 120
32 25 117 118 115
33 25 111 111 108
34 25 111 111 108
35 25 115 115 112
36 25 118 117 114
37 25 117 115 112
38 25 115 112 108
39 25 95 92 88
40 25 92 87 81
26 26 64 65 63
27 26 140 141 138
28 26 124 124 122
29 26 123 124 121
30 26 121 121 118
31 26 106 107 104
32 26 77 77 75
33 26 59 59 57
34 26 81 82 80
35 26 115 114 111
36 26 115 113 109
37 26 104 100 96
38 26 110 104 98
39 26 62 57 53
27 27 123 124 121
28 27 133 133 130
29 27 122 122 120
30 27 108 109 106
31 27 54 54 52
32 27 19 20 19
33 27 43 45 44
34 27 97 96 94
35 27 110 107 103
36 27 104 100 96
37 27 62 60 56
28 28 131 132 129
29 28 120 121 118
30 28 90 91 89
31 28 53 54 53
32 28 65 66 64
33 28 88 87 83
34 28 91 89 85
35 28 96 91 86
28 29 65 65 63
29 29 132 133 131
30 29 109 109 106
31 29 104 102 99
32 29 92 90 86
33 29 78 75 71
34 29 58 55 51
29 30 102 102 99
30 30 116 112 107
31 30 102 98 92
32 30 60 57 53
30 31 124 117 108
