28 0 166 169 166
29 0 180 183 181
27 1 178 180 178
28 1 183 184 182
29 1 188 190 188
30 1 192 194 192
31 1 193 195 193
26 2 179 181 178
27 2 187 185 183
28 2 193 186 184
29 2 196 189 187
30 2 195 195 193
31 2 195 196 194
32 2 196 198 196
25 3 179 181 178
26 3 185 185 183
27 3 192 186 183
28 3 204 175 172
29 3 206 174 173
30 3 201 187 186
31 3 198 195 193
32 3 197 197 195
33 3 198 198 197
24 4 178 180 177
25 4 184 183 181
26 4 191 183 181
27 4 196 184 182
28 4 204 171 170
29 4 210 144 142
30 4 209 163 162
31 4 206 177 176
32 4 203 191 190
33 4 200 198 196
34 4 200 201 199
35 4 201 203 201
23 5 178 179 177
24 5 185 182 180
25 5 191 181 179
26 5 199 170 169
27 5 203 157 157
28 5 204 166 167
29 5 208 152 154
30 5 210 139 138
31 5 210 155 153
32 5 207 178 176
33 5 202 196 194
34 5 200 202 199
35 5 202 204 201
36 5 203 205 203
22 6 177 178 176
23 6 183 182 180
24 6 190 181 179
25 6 199 169 168
26 6 201 164 165
27 6 202 161 162
28 6 204 154 155
29 6 204 171 170
30 6 203 180 179
31 6 202 188 186
32 6 201 194 191
33 6 200 199 196
34 6 199 201 198
35 6 201 203 201
36 6 203 205 202
37 6 204 206 204
21 7 176 176 174
22 7 182 179 177
23 7 188 179 177
24 7 195 167 166
25 7 200 154 153
26 7 200 162 163
27 7 199 174 174
28 7 197 183 181
29 7 195 188 186
30 7 194 194 191
31 7 195 196 194
32 7 196 198 195
33 7 198 200 197
34 7 200 201 199
35 7 202 204 201
36 7 203 205 202
37 7 205 206 204
38 7 205 207 204
39 7 205 205 201
20 8 175 175 173
21 8 181 177 175
22 8 188 175 173
23 8 193 166 165
24 8 197 145 145
25 8 198 151 151
26 8 195 176 175
27 8 191 183 181
28 8 186 186 183
29 8 187 189 186
30 8 192 194 192
31 8 193 196 193
32 8 196 198 195
33 8 198 200 197
34 8 200 202 199
35 8 202 203 200
36 8 203 205 202
37 8 205 206 203
38 8 205 205 201
39 8 202 199 192
40 8 191 185 175
19 9 173 172 170
20 9 179 176 173
21 9 184 173 171
22 9 191 159 157
23 9 193 162 161
24 9 193 168 168
25 9 193 173 171
26 9 184 179 178
27 9 171 171 169
28 9 154 157 154
29 9 160 163 160
30 9 186 188 186
31 9 194 196 194
32 9 197 199 196
33 9 198 200 197
34 9 200 201 198
35 9 201 203 200
36 9 203 205 202
37 9 204 204 201
38 9 203 201 195
39 9 200 195 186
40 9 201 197 191
41 9 206 205 202
18 10 173 170 167
19 10 177 173 170
20 10 183 168 165
21 10 189 147 144
22 10 193 126 125
23 10 192 153 152
24 10 189 172 171
25 10 184 180 179
26 10 161 162 159
27 10 110 112 110
28 10 67 69 67
29 10 105 109 106
30 10 175 178 175
31 10 194 196 193
32 10 197 198 196
33 10 198 200 197
34 10 199 201 198
35 10 201 203 199
36 10 202 203 200
37 10 202 200 195
38 10 201 197 190
39 10 198 196 190
40 10 196 196 192
41 10 205 205 202
17 11 171 167 162
18 11 176 169 165
19 11 181 165 162
20 11 185 143 140
21 11 189 98 96
22 11 191 105 104
23 11 191 159 158
24 11 186 177 176
25 11 177 177 174
26 11 132 134 131
27 11 38 39 38
28 11 22 23 22
29 11 116 120 118
30 11 179 182 179
31 11 195 197 194
32 11 197 198 196
33 11 199 200 197
34 11 200 201 198
35 11 200 201 197
36 11 200 199 194
37 11 197 194 188
38 11 191 189 185
39 11 178 179 176
40 11 187 188 185
41 11 195 195 193
42 11 203 203 201
16 12 163 157 151
17 12 170 167 162
18 12 177 167 162
19 12 183 148 144
20 12 187 121 120
21 12 187 93 92
22 12 189 114 113
23 12 189 169 167
24 12 184 183 180
25 12 174 176 173
26 12 125 128 125
27 12 70 72 71
28 12 108 110 108
29 12 166 168 165
30 12 191 193 190
31 12 195 197 194
32 12 197 199 195
33 12 198 199 196
34 12 199 200 197
35 12 199 197 192
36 12 196 193 187
37 12 182 180 176
38 12 134 135 132
39 12 100 101 99
40 12 156 156 154
41 12 190 191 188
42 12 197 198 196
43 12 200 200 198
16 13 162 157 150
17 13 169 165 159
18 13 175 167 162
19 13 183 146 142
20 13 187 121 119
21 13 186 114 113
22 13 189 136 134
23 13 186 175 173
24 13 184 185 182
25 13 180 182 179
26 13 164 166 164
27 13 160 162 160
28 13 172 174 171
29 13 188 190 187
30 13 193 195 192
31 13 196 197 194
32 13 196 198 194
33 13 197 197 194
34 13 197 195 190
35 13 196 192 187
36 13 187 185 181
37 13 130 131 129
38 13 36 37 36
39 13 45 46 45
40 13 147 148 146
41 13 185 186 183
42 13 189 190 187
43 13 196 196 194
17 14 168 165 158
18 14 171 168 163
19 14 178 164 160
20 14 186 143 140
21 14 188 128 127
22 14 187 150 148
23 14 184 179 177
24 14 184 185 182
25 14 186 187 185
26 14 185 186 184
27 14 186 188 185
28 14 190 192 189
29 14 192 194 190
30 14 193 195 191
31 14 195 197 193
32 14 196 197 193
33 14 196 195 190
34 14 195 191 185
35 14 194 192 188
36 14 174 175 172
37 14 87 88 87
38 14 23 24 23
39 14 107 108 105
40 14 171 172 170
41 14 186 186 184
42 14 186 186 184
43 14 186 187 184
44 14 195 196 194
18 15 170 168 163
19 15 174 171 168
20 15 181 168 165
21 15 186 150 147
22 15 186 161 158
23 15 183 181 178
24 15 184 185 182
25 15 186 187 184
26 15 187 189 186
27 15 189 191 188
28 15 190 192 189
29 15 192 194 190
30 15 193 194 190
31 15 195 195 191
32 15 194 193 188
33 15 194 190 184
34 15 193 191 187
35 15 189 189 186
36 15 176 177 175
37 15 136 136 135
38 15 121 122 119
39 15 160 161 158
40 15 183 183 181
41 15 185 185 183
42 15 185 186 183
43 15 184 185 182
44 15 186 186 184
45 15 191 191 189
18 16 169 167 162
19 16 173 171 167
20 16 176 174 171
21 16 182 172 169
22 16 185 175 171
23 16 184 183 180
24 16 185 186 183
25 16 187 188 185
26 16 188 189 186
27 16 190 191 188
28 16 191 193 189
29 16 192 193 189
30 16 194 194 190
31 16 194 191 186
32 16 193 188 182
33 16 193 191 186
34 16 188 188 185
35 16 187 187 184
36 16 183 183 180
37 16 176 177 174
38 16 175 176 173
39 16 181 181 178
40 16 183 183 181
41 16 183 183 180
42 16 182 183 180
43 16 179 180 177
44 16 179 179 176
45 16 185 185 183
19 17 173 171 166
20 17 175 174 169
21 17 178 177 174
22 17 182 181 178
23 17 184 184 181
24 17 185 186 183
25 17 187 188 185
26 17 189 190 186
27 17 190 191 187
28 17 191 192 188
29 17 192 192 188
30 17 192 190 184
31 17 192 187 180
32 17 190 188 183
33 17 187 186 183
34 17 186 186 182
35 17 186 186 183
36 17 184 184 181
37 17 183 183 180
38 17 182 182 179
39 17 181 182 179
40 17 181 181 178
41 17 180 181 178
42 17 179 179 176
43 17 178 178 176
44 17 174 175 172
45 17 177 178 175
46 17 184 185 183
20 18 173 172 167
21 18 177 177 172
22 18 181 181 177
23 18 184 184 180
24 18 186 186 183
25 18 188 188 185
26 18 189 190 186
27 18 190 190 186
28 18 190 190 186
29 18 191 188 182
30 18 190 184 178
31 18 190 187 182
32 18 186 185 181
33 18 185 184 181
34 18 184 184 181
35 18 184 183 180
36 18 183 182 179
37 18 181 181 178
38 18 179 180 176
39 18 178 179 176
40 18 178 179 176
41 18 177 177 174
42 18 176 176 173
43 18 175 176 173
44 18 175 175 172
45 18 172 173 171
46 18 170 172 170
47 18 177 179 178
21 19 177 176 171
22 19 180 179 174
23 19 183 183 179
24 19 186 186 182
25 19 187 187 183
26 19 189 189 185
27 19 189 188 184
28 19 189 185 179
29 19 189 183 177
30 19 187 184 179
31 19 185 183 180
32 19 183 183 179
33 19 183 182 179
34 19 182 181 178
35 19 181 181 178
36 19 179 179 176
37 19 178 178 175
38 19 178 178 175
39 19 176 177 174
40 19 175 175 172
41 19 174 174 171
42 19 173 173 170
43 19 172 172 169
44 19 173 174 171
45 19 169 171 169
46 19 139 142 140
47 19 169 172 170
22 20 179 177 172
23 20 181 180 175
24 20 185 185 181
25 20 186 186 182
26 20 187 186 182
27 20 187 184 177
28 20 187 181 173
29 20 186 183 178
30 20 183 181 178
31 20 182 181 177
32 20 181 180 177
33 20 181 180 177
34 20 180 179 176
35 20 178 178 175
36 20 178 178 175
37 20 176 176 173
38 20 176 176 173
39 20 175 175 172
40 20 173 173 170
41 20 171 171 168
42 20 171 171 168
43 20 171 171 168
44 20 167 168 166
45 20 150 152 150
46 20 59 60 59
23 21 180 178 172
24 21 182 180 175
25 21 185 183 178
26 21 186 180 174
27 21 185 177 169
28 21 185 181 175
29 21 181 179 176
30 21 180 179 175
31 21 180 179 175
32 21 178 177 174
33 21 178 178 174
34 21 176 176 173
35 21 176 175 172
36 21 175 175 172
37 21 174 174 171
38 21 173 173 170
39 21 172 171 168
40 21 171 171 168
41 21 170 170 167
42 21 170 170 167
43 21 167 168 166
44 21 147 148 146
45 21 59 60 59
24 22 181 175 167
25 22 179 171 162
26 22 181 170 161
27 22 183 178 171
28 22 179 177 173
29 22 179 178 174
30 22 178 177 173
31 22 176 176 172
32 22 176 175 171
33 22 175 174 171
34 22 175 174 171
35 22 174 174 171
36 22 173 172 169
37 22 171 171 168
38 22 171 170 167
39 22 170 169 166
40 22 169 168 165
41 22 170 169 166
42 22 167 168 165
43 22 149 150 148
44 22 59 60 59
25 23 171 156 143
26 23 178 167 158
27 23 174 170 165
28 23 177 175 171
29 23 177 175 172
30 23 177 175 171
31 23 174 174 169
32 23 173 173 168
33 23 172 172 168
34 23 172 172 169
35 23 171 171 168
36 23 168 168 165
37 23 168 168 165
38 23 168 167 164
39 23 166 166 163
40 23 167 167 163
41 23 165 166 163
42 23 149 150 148
43 23 59 60 58
26 24 173 165 157
27 24 174 169 163
28 24 173 170 166
29 24 175 173 169
30 24 174 172 168
31 24 173 172 168
32 24 171 171 166
33 24 169 169 165
34 24 167 166 163
35 24 155 155 152
36 24 145 145 142
37 24 154 154 151
38 24 164 164 161
39 24 166 166 162
40 24 165 165 162
41 24 147 148 145
42 24 58 59 57
27 25 172 166 160
28 25 172 168 162
29 25 170 167 163
30 25 171 169 165
31 25 170 169 165
32 25 169 168 163
33 25 165 164 160
34 25 141 141 138
35 25 89 89 87
36 25 74 75 73
37 25 132 132 129
38 25 162 162 158
39 25 164 163 160
40 25 150 150 147
41 25 58 58 56
28 26 172 167 161
29 26 170 166 160
30 26 167 164 159
31 26 167 165 161
32 26 166 165 161
33 26 152 151 147
34 26 89 89 86
35 26 16 16 15
36 26 61 60 58
37 26 140 140 136
38 26 160 160 157
39 26 148 149 146
40 26 57 57 55
29 27 168 163 157
30 27 169 164 158
31 27 162 159 154
32 27 161 160 156
33 27 140 139 136
34 27 66 66 63
35 27 60 58 55
36 27 117 115 111
37 27 151 150 146
38 27 147 147 144
39 27 57 57 55
30 28 161 156 150
31 28 163 158 152
32 28 158 154 149
33 28 146 144 139
34 28 123 121 116
35 28 134 131 126
36 28 147 145 140
37 28 143 142 138
38 28 54 54 51
31 29 155 149 142
32 29 157 152 144
33 29 151 147 141
34 29 150 146 140
35 29 150 148 142
36 29 137 135 130
37 29 53 52 49
33 30 149 142 134
34 30 144 138 131
35 30 134 130 124
36 30 51 49 46
34 31 132 124 116
35 31 43 39 36
