29 1 154 142 131
30 1 159 149 141
31 1 166 158 152
32 1 174 168 163
28 2 167 159 149
29 2 167 160 151
30 2 171 165 158
31 2 175 170 164
32 2 177 173 168
33 2 178 174 169
34 2 179 175 171
27 3 171 164 156
28 3 174 168 161
29 3 177 173 166
30 3 178 175 168
31 3 178 175 169
32 3 177 174 168
33 3 178 175 169
34 3 180 178 173
35 3 183 181 177
36 3 186 184 182
26 4 176 170 162
27 4 178 173 167
28 4 182 179 174
29 4 183 181 175
30 4 183 180 175
31 4 181 178 173
32 4 180 178 172
33 4 179 177 172
34 4 180 178 173
35 4 183 182 178
36 4 185 184 182
37 4 187 186 184
38 4 186 185 184
24 5 176 169 160
25 5 180 175 168
26 5 183 179 173
27 5 184 182 177
28 5 186 185 180
29 5 187 185 180
30 5 185 184 179
31 5 185 183 179
32 5 183 182 177
33 5 183 181 177
34 5 183 182 177
35 5 183 182 178
36 5 184 184 180
37 5 186 185 182
38 5 186 186 184
39 5 186 187 185
23 6 179 172 164
24 6 183 178 172
25 6 185 182 177
26 6 187 186 181
27 6 188 186 182
28 6 188 187 183
29 6 188 187 183
30 6 188 187 184
31 6 188 187 183
32 6 187 186 183
33 6 187 186 183
34 6 185 185 181
35 6 185 185 181
36 6 184 184 181
37 6 185 185 181
38 6 186 186 183
39 6 188 188 186
40 6 188 189 187
41 6 186 188 187
22 7 180 172 164
23 7 183 178 171
24 7 185 182 178
25 7 180 179 175
26 7 172 171 167
27 7 170 169 165
28 7 179 178 174
29 7 187 187 183
30 7 190 190 187
31 7 189 189 186
32 7 184 184 182
33 7 178 179 176
34 7 176 177 174
35 7 184 185 182
36 7 187 188 185
37 7 187 188 185
38 7 186 186 184
39 7 185 185 182
40 7 183 184 181
41 7 186 187 185
42 7 188 189 188
43 7 186 188 187
21 8 178 164 151
22 8 184 172 163
23 8 189 184 179
24 8 186 185 181
25 8 158 158 155
26 8 99 98 95
27 8 81 81 78
28 8 117 116 113
29 8 167 167 163
30 8 189 189 186
31 8 188 188 185
32 8 169 170 167
33 8 122 122 119
34 8 106 106 104
35 8 145 146 143
36 8 178 178 176
37 8 188 189 186
38 8 186 187 184
39 8 167 168 166
40 8 138 139 136
41 8 154 155 152
42 8 177 179 177
43 8 187 189 187
44 8 188 190 189
45 8 185 187 186
21 9 154 145 133
22 9 181 173 165
23 9 193 188 182
24 9 190 187 183
25 9 164 163 160
26 9 87 87 85
27 9 33 33 33
28 9 33 33 32
29 9 131 131 129
30 9 184 185 182
31 9 190 191 188
32 9 173 173 171
33 9 103 105 102
34 9 32 33 33
35 9 45 46 44
36 9 140 141 138
37 9 184 185 183
38 9 187 188 186
39 9 151 153 151
40 9 62 64 63
41 9 42 43 41
42 9 116 118 115
43 9 174 176 174
44 9 190 192 190
45 9 188 190 189
46 9 180 181 180
20 10 58 54 47
21 10 62 58 53
22 10 108 106 101
23 10 166 164 159
24 10 190 187 182
25 10 188 185 180
26 10 165 162 158
27 10 141 141 138
28 10 130 131 128
29 10 161 162 159
30 10 189 190 187
31 10 194 194 192
32 10 190 190 188
33 10 170 171 169
34 10 139 140 138
35 10 115 116 114
36 10 156 158 156
37 10 189 190 188
38 10 193 194 192
39 10 180 182 180
40 10 144 146 145
41 10 98 100 99
42 10 99 101 100
43 10 168 170 168
44 10 190 192 190
45 10 188 189 187
46 10 180 180 178
20 11 59 55 50
21 11 61 58 54
22 11 56 56 54
23 11 54 55 53
24 11 124 124 122
25 11 177 176 172
26 11 192 189 185
27 11 189 187 183
28 11 188 187 184
29 11 192 192 189
30 11 195 195 193
31 11 197 197 194
32 11 196 196 193
33 11 194 194 192
34 11 189 190 187
35 11 184 185 182
36 11 190 191 188
37 11 195 196 193
38 11 196 197 194
39 11 193 194 192
40 11 188 189 187
41 11 180 181 179
42 11 178 179 178
43 11 188 189 188
44 11 187 188 186
45 11 166 167 164
20 12 59 56 51
21 12 57 56 53
22 12 39 39 38
23 12 20 21 20
24 12 24 24 24
25 12 66 66 64
26 12 153 153 150
27 12 186 184 180
28 12 197 194 190
29 12 198 196 193
30 12 198 198 195
31 12 198 198 195
32 12 198 198 195
33 12 197 197 194
34 12 197 197 195
35 12 197 197 194
36 12 197 197 194
37 12 198 198 196
38 12 197 197 195
39 12 197 198 195
40 12 196 197 194
41 12 196 197 195
42 12 196 197 195
43 12 192 193 191
44 12 172 172 170
45 12 142 141 138
19 13 56 52 47
20 13 59 56 52
21 13 55 54 52
22 13 29 30 29
23 13 3 3 3
24 13 2 2 2
25 13 22 22 22
26 13 53 53 52
27 13 98 99 96
28 13 164 163 159
29 13 194 192 188
30 13 199 196 192
31 13 200 198 194
32 13 199 198 195
33 13 198 198 195
34 13 198 198 195
35 13 198 198 195
36 13 198 198 196
37 13 198 198 196
38 13 198 198 196
39 13 198 199 196
40 13 198 198 196
41 13 198 199 196
42 13 196 197 195
43 13 179 180 177
44 13 131 130 127
19 14 58 55 50
20 14 60 58 54
21 14 58 58 56
22 14 41 41 40
23 14 16 17 16
24 14 3 3 3
25 14 18 18 17
26 14 49 49 48
27 14 62 62 60
28 14 63 64 62
29 14 122 123 120
30 14 178 177 173
31 14 198 195 191
32 14 200 198 193
33 14 200 199 196
34 14 200 199 196
35 14 200 199 197
36 14 199 199 197
37 14 199 200 197
38 14 199 200 197
39 14 199 199 197
40 14 200 200 198
41 14 199 200 198
42 14 186 186 184
43 14 139 138 135
44 14 57 56 54
19 15 58 54 50
20 15 61 59 55
21 15 61 61 58
22 15 55 55 54
23 15 40 40 39
24 15 25 25 25
25 15 31 31 30
26 15 51 52 50
27 15 61 61 59
28 15 62 62 60
29 15 63 63 61
30 15 63 63 61
31 15 144 144 141
32 15 187 185 181
33 15 200 197 193
34 15 200 198 194
35 15 201 200 197
36 15 201 201 198
37 15 200 200 198
38 15 200 201 198
39 15 200 201 198
40 15 202 202 200
41 15 191 192 189
42 15 151 151 147
43 15 113 111 107
19 16 59 55 50
20 16 60 58 55
21 16 61 61 58
22 16 61 61 59
23 16 57 57 55
24 16 53 53 51
25 16 54 55 53
26 16 58 59 57
27 16 61 61 59
28 16 61 62 60
29 16 61 62 60
30 16 62 63 61
31 16 63 63 61
32 16 92 92 90
33 16 161 161 157
34 16 193 192 188
35 16 201 198 194
36 16 200 199 195
37 16 201 201 198
38 16 202 202 199
39 16 201 202 199
40 16 198 198 196
41 16 163 163 160
42 16 118 117 113
43 16 112 111 107
18 17 57 51 47
19 17 59 55 51
20 17 60 59 56
21 17 60 60 57
22 17 61 61 58
23 17 61 60 58
24 17 60 60 58
25 17 60 60 58
26 17 60 61 58
27 17 61 61 59
28 17 61 61 59
29 17 61 61 59
30 17 61 62 60
31 17 61 62 59
32 17 62 62 60
33 17 64 65 63
34 17 120 120 118
35 17 177 177 173
36 17 196 194 189
37 17 201 198 194
38 17 201 200 196
39 17 200 200 197
40 17 180 179 176
41 17 132 130 126
42 17 99 97 93
18 18 58 53 48
19 18 59 56 51
20 18 60 59 56
21 18 61 60 58
22 18 61 60 58
23 18 60 59 57
24 18 60 60 57
25 18 60 60 58
26 18 60 60 58
27 18 60 60 58
28 18 60 60 58
29 18 61 61 59
30 18 60 61 58
31 18 61 61 59
32 18 61 61 59
33 18 62 62 60
34 18 62 63 61
35 18 65 66 64
36 18 138 139 136
37 18 186 185 181
38 18 196 194 189
39 18 187 184 179
40 18 138 136 132
41 18 111 109 105
42 18 113 111 107
18 19 57 52 47
19 19 59 56 52
20 19 60 59 56
21 19 61 60 58
22 19 60 60 57
23 19 60 60 57
24 19 60 59 57
25 19 59 59 57
26 19 60 60 58
27 19 60 60 57
28 19 59 60 57
29 19 60 61 58
30 19 60 60 58
31 19 60 61 58
32 19 60 61 58
33 19 61 61 59
34 19 61 61 59
35 19 63 63 61
36 19 63 64 61
37 19 86 87 85
38 19 173 174 172
39 19 152 150 146
40 19 119 117 113
41 19 85 83 79
18 20 57 52 47
19 20 59 56 52
20 20 61 59 57
21 20 60 60 57
22 20 60 59 57
23 20 59 59 56
24 20 60 59 57
25 20 58 58 56
26 20 59 59 57
27 20 59 60 57
28 20 60 60 57
29 20 60 60 58
30 20 60 60 58
31 20 60 60 58
32 20 59 60 57
33 20 60 61 58
34 20 61 61 59
35 20 62 62 60
36 20 64 64 62
37 20 133 135 133
38 20 152 150 146
39 20 126 125 121
40 20 97 95 91
41 20 111 109 104
17 21 53 44 38
18 21 55 49 43
19 21 59 56 52
20 21 59 58 55
21 21 60 59 56
22 21 59 58 55
23 21 59 59 56
24 21 59 58 56
25 21 59 59 57
26 21 59 59 57
27 21 59 59 56
28 21 59 59 57
29 21 59 59 57
30 21 59 59 57
31 21 59 59 57
32 21 59 59 57
33 21 60 60 58
34 21 60 60 58
35 21 62 62 59
36 21 82 83 81
37 21 164 166 164
38 21 137 135 130
39 21 110 108 104
40 21 72 71 67
17 22 43 34 29
18 22 50 43 38
19 22 55 51 47
20 22 58 56 53
21 22 59 58 55
22 22 59 58 55
23 22 59 58 56
24 22 59 58 56
25 22 58 58 55
26 22 59 58 56
27 22 59 59 56
28 22 59 58 56
29 22 59 59 57
30 22 58 58 56
31 22 58 58 56
32 22 59 59 57
33 22 59 59 57
34 22 60 60 58
35 22 62 62 60
36 22 134 136 134
37 22 158 157 153
38 22 116 114 110
39 22 81 80 76
40 22 102 101 97
19 23 49 45 42
20 23 53 50 47
21 23 56 54 51
22 23 58 57 54
23 23 59 58 55
24 23 58 57 54
25 23 58 57 55
26 23 58 58 56
27 23 57 57 55
28 23 58 58 56
29 23 58 58 56
30 23 58 58 55
31 23 58 57 55
32 23 58 58 56
33 23 59 58 56
34 23 61 60 58
35 23 87 87 85
36 23 164 165 163
37 23 139 137 133
38 23 102 101 97
39 23 37 36 34
20 24 45 42 39
21 24 51 49 46
22 24 54 52 49
23 24 57 55 53
24 24 58 57 54
25 24 58 57 54
26 24 57 57 54
27 24 57 57 55
28 24 54 54 52
29 24 48 48 47
30 24 48 48 46
31 24 53 53 51
32 24 58 57 55
33 24 58 58 56
34 24 61 60 58
35 24 137 138 135
36 24 151 150 146
37 24 112 110 105
38 24 69 68 65
22 25 48 46 43
23 25 51 49 46
24 25 54 53 50
25 25 57 56 53
26 25 58 57 54
27 25 56 55 53
28 25 43 43 42
29 25 22 23 22
30 25 20 21 20
31 25 34 34 32
32 25 51 51 49
33 25 58 58 55
34 25 77 77 74
35 25 159 159 157
36 25 130 127 122
37 25 74 72 69
38 25 40 39 37
23 26 45 42 40
24 26 49 46 43
25 26 52 50 47
26 26 55 53 50
27 26 54 54 51
28 26 41 40 39
29 26 15 15 14
30 26 2 2 2
31 26 13 13 13
32 26 40 40 38
33 26 56 55 53
34 26 128 128 125
35 26 147 145 142
36 26 112 110 106
37 26 37 35 33
25 27 45 42 40
26 27 49 47 44
27 27 53 51 48
28 27 49 48 45
29 27 28 27 26
30 27 8 8 7
31 27 8 8 7
32 27 30 30 28
33 27 65 64 62
34 27 153 153 150
35 27 119 115 110
36 27 69 67 64
27 28 46 43 40
28 28 48 45 42
29 28 43 41 38
30 28 34 33 31
31 28 30 29 28
32 28 41 40 37
33 28 118 117 113
34 28 146 144 140
35 28 86 83 79
36 28 48 47 45
28 29 41 39 36
29 29 46 44 40
30 29 47 45 41
31 29 49 47 44
32 29 64 62 58
33 29 143 141 136
34 29 118 115 111
35 29 42 39 36
30 30 43 40 37
31 30 46 43 39
32 30 104 101 95
33 30 132 129 124
34 30 53 51 49
31 31 40 37 33
32 31 120 114 108
33 31 96 92 87
