32 0 142 128 120
30 1 153 142 133
31 1 157 148 140
32 1 164 156 151
33 1 176 171 166
29 2 163 156 147
30 2 168 162 154
31 2 170 165 158
32 2 176 171 165
33 2 179 175 170
34 2 182 179 174
35 2 185 182 178
27 3 166 159 151
28 3 169 164 156
29 3 172 168 161
30 3 175 171 165
31 3 177 174 168
32 3 178 174 168
33 3 179 177 171
34 3 183 181 176
35 3 187 186 182
36 3 191 189 187
25 4 169 164 156
26 4 171 166 159
27 4 173 169 163
28 4 178 175 169
29 4 180 177 172
30 4 180 178 172
31 4 180 177 172
32 4 180 178 173
33 4 181 179 174
34 4 183 182 177
35 4 188 187 183
36 4 192 191 189
37 4 194 194 192
38 4 194 193 192
23 5 168 162 155
24 5 173 168 161
25 5 175 171 165
26 5 179 176 171
27 5 181 178 174
28 5 182 180 176
29 5 183 182 177
30 5 183 182 177
31 5 184 182 178
32 5 183 182 178
33 5 184 183 179
34 5 186 185 181
35 5 187 187 183
36 5 191 191 187
37 5 193 193 191
38 5 195 195 193
39 5 196 197 195
40 5 196 197 196
22 6 172 167 160
23 6 175 172 166
24 6 179 177 171
25 6 182 180 176
26 6 182 181 177
27 6 184 182 178
28 6 185 184 180
29 6 185 185 181
30 6 186 185 182
31 6 186 186 182
32 6 187 187 183
33 6 188 188 184
34 6 188 188 184
35 6 189 189 186
36 6 191 191 187
37 6 193 192 189
38 6 195 195 192
39 6 198 198 196
40 6 199 200 199
41 6 199 200 199
20 7 171 166 159
21 7 173 169 163
22 7 172 170 165
23 7 171 170 166
24 7 173 172 167
25 7 179 178 174
26 7 184 183 180
27 7 186 185 182
28 7 186 186 183
29 7 182 182 179
30 7 178 178 175
31 7 173 173 171
32 7 180 181 178
33 7 189 189 186
34 7 191 191 188
35 7 192 192 189
36 7 191 191 189
37 7 187 187 185
38 7 181 182 178
39 7 185 185 182
40 7 195 196 194
41 7 201 202 201
42 7 201 203 202
43 7 199 202 201
18 8 168 155 144
19 8 174 167 160
20 8 176 173 167
21 8 168 167 163
22 8 144 143 139
23 8 117 117 113
24 8 112 112 108
25 8 147 147 143
26 8 180 180 177
27 8 186 187 184
28 8 181 181 178
29 8 155 156 153
30 8 120 121 118
31 8 97 97 94
32 8 129 129 126
33 8 177 177 175
34 8 192 192 190
35 8 192 192 190
36 8 178 180 177
37 8 144 145 143
38 8 109 110 107
39 8 117 117 114
40 8 165 166 163
41 8 195 197 195
42 8 202 204 202
43 8 202 204 203
44 8 197 199 199
17 9 163 153 142
18 9 171 159 149
19 9 181 175 168
20 9 179 177 173
21 9 148 148 146
22 9 72 72 71
23 9 21 21 20
24 9 38 38 36
25 9 127 127 125
26 9 179 179 176
27 9 188 188 185
28 9 175 176 173
29 9 114 115 113
30 9 34 34 33
31 9 20 20 20
32 9 88 89 87
33 9 167 168 166
34 9 191 192 190
35 9 191 192 190
36 9 161 163 162
37 9 76 78 77
38 9 16 17 16
39 9 38 39 38
40 9 130 132 130
41 9 189 191 189
42 9 202 203 201
43 9 203 204 203
44 9 198 200 199
45 9 190 192 191
17 10 53 49 44
18 10 135 127 118
19 10 174 167 160
20 10 182 178 174
21 10 159 157 154
22 10 118 119 116
23 10 100 100 98
24 10 130 130 127
25 10 169 169 166
26 10 187 187 184
27 10 189 189 187
28 10 184 184 182
29 10 157 159 157
30 10 127 128 126
31 10 125 127 124
32 10 164 165 163
33 10 188 189 187
34 10 195 196 194
35 10 195 196 194
36 10 180 182 180
37 10 149 152 150
38 10 125 127 126
39 10 143 145 144
40 10 176 178 177
41 10 197 198 197
42 10 201 202 201
43 10 202 203 202
44 10 192 195 194
45 10 190 193 193
18 11 56 53 49
19 11 104 100 95
20 11 168 163 158
21 11 182 179 174
22 11 177 176 173
23 11 177 176 173
24 11 182 181 179
25 11 189 189 186
26 11 192 191 189
27 11 192 192 189
28 11 191 191 189
29 11 188 189 186
30 11 185 186 183
31 11 186 187 184
32 11 193 194 191
33 11 197 197 195
34 11 198 199 196
35 11 197 198 196
36 11 196 197 195
37 11 193 194 192
38 11 191 193 191
39 11 193 195 193
40 11 198 199 198
41 11 198 199 198
42 11 189 190 188
43 11 191 192 190
44 11 187 189 188
45 11 198 200 199
18 12 52 51 47
19 12 45 44 42
20 12 84 83 79
21 12 164 159 153
22 12 189 185 180
23 12 192 190 187
24 12 192 192 189
25 12 193 193 190
26 12 193 193 190
27 12 194 194 191
28 12 194 194 191
29 12 195 195 192
30 12 196 196 193
31 12 196 197 194
32 12 197 198 196
33 12 197 198 196
34 12 199 200 197
35 12 199 200 198
36 12 200 201 199
37 12 202 203 200
38 12 201 202 200
39 12 202 202 200
40 12 194 195 193
41 12 162 163 161
42 12 122 123 120
43 12 175 176 174
44 12 184 186 185
45 12 194 196 195
18 13 53 51 48
19 13 45 44 41
20 13 23 23 22
21 13 72 72 70
22 13 162 158 153
23 13 190 186 181
24 13 194 192 188
25 13 194 193 189
26 13 194 194 191
27 13 196 195 193
28 13 196 195 193
29 13 197 197 194
30 13 197 197 194
31 13 198 198 196
32 13 198 198 196
33 13 198 199 196
34 13 199 200 197
35 13 200 201 199
36 13 202 202 200
37 13 201 202 200
38 13 201 201 199
39 13 194 195 193
40 13 152 154 152
41 13 50 52 50
42 13 65 65 63
43 13 169 170 167
44 13 180 181 179
45 13 192 193 192
18 14 54 52 49
19 14 51 49 46
20 14 33 33 31
21 14 31 32 30
22 14 62 63 61
23 14 150 148 143
24 14 189 185 180
25 14 195 193 189
26 14 195 194 191
27 14 196 196 193
28 14 197 197 194
29 14 197 198 195
30 14 197 198 195
31 14 199 199 197
32 14 200 200 198
33 14 201 201 199
34 14 201 201 199
35 14 202 202 200
36 14 200 201 199
37 14 194 195 193
38 14 181 182 179
39 14 175 177 175
40 14 96 98 97
41 14 22 22 21
42 14 114 114 110
43 14 174 174 171
44 14 177 179 176
45 14 191 192 191
19 15 56 54 51
20 15 51 50 48
21 15 36 36 35
22 15 51 52 50
23 15 61 61 59
24 15 143 141 136
25 15 186 182 177
26 15 196 193 189
27 15 197 196 193
28 15 197 197 194
29 15 198 198 196
30 15 198 199 196
31 15 200 200 197
32 15 200 201 198
33 15 201 202 200
34 15 201 201 199
35 15 200 201 199
36 15 183 184 182
37 15 133 134 132
38 15 111 113 112
39 15 156 160 159
40 15 102 105 104
41 15 109 110 107
42 15 162 161 158
43 15 179 179 176
44 15 173 173 171
45 15 187 188 186
19 16 57 54 51
20 16 59 57 54
21 16 53 53 51
22 16 55 56 54
23 16 60 61 59
24 16 62 62 60
25 16 124 122 117
26 16 182 179 173
27 16 196 194 189
28 16 198 197 194
29 16 199 199 196
30 16 200 200 197
31 16 201 201 198
32 16 201 201 199
33 16 200 201 198
34 16 198 199 196
35 16 181 182 180
36 16 112 113 111
37 16 23 24 23
38 16 82 84 82
39 16 162 165 163
40 16 160 161 159
41 16 164 164 161
42 16 175 174 170
43 16 174 173 169
44 16 169 169 165
45 16 183 183 180
19 17 56 52 49
20 17 59 57 53
21 17 60 59 57
22 17 59 59 57
23 17 60 60 58
24 17 61 61 59
25 17 61 62 60
26 17 107 106 103
27 17 177 173 167
28 17 197 194 188
29 17 199 197 193
30 17 200 200 197
31 17 199 199 196
32 17 197 197 195
33 17 187 188 185
34 17 177 178 176
35 17 158 161 159
36 17 51 53 52
37 17 43 43 42
38 17 136 136 133
39 17 175 175 172
40 17 177 177 174
41 17 174 174 170
42 17 172 171 167
43 17 170 168 163
44 17 162 161 156
45 17 177 176 173
19 18 55 51 47
20 18 58 55 52
21 18 60 59 57
22 18 60 60 58
23 18 59 59 57
24 18 60 60 58
25 18 61 61 59
26 18 61 62 59
27 18 92 93 90
28 18 169 166 160
29 18 193 190 183
30 18 196 194 189
31 18 192 192 188
32 18 162 163 160
33 18 109 111 108
34 18 121 124 122
35 18 144 147 146
36 18 89 91 89
37 18 130 130 127
38 18 169 170 166
39 18 177 177 174
40 18 176 176 172
41 18 171 170 166
42 18 167 165 160
43 18 164 162 156
44 18 156 154 149
45 18 171 169 165
20 19 56 53 49
21 19 60 58 55
22 19 60 59 57
23 19 60 59 57
24 19 60 60 57
25 19 59 60 57
26 19 61 61 59
27 19 61 61 59
28 19 72 73 71
29 19 168 166 161
30 19 188 185 180
31 19 152 152 149
32 19 64 65 63
33 19 20 20 20
34 19 116 117 115
35 19 169 170 168
36 19 164 164 161
37 19 171 171 168
38 19 177 177 173
39 19 175 175 172
40 19 170 170 166
41 19 156 155 150
42 19 131 130 124
43 19 147 145 139
44 19 154 152 147
45 19 166 164 159
20 20 55 51 47
21 20 58 55 51
22 20 59 59 56
23 20 59 59 56
24 20 60 60 57
25 20 59 59 57
26 20 59 59 57
27 20 60 61 58
28 20 62 62 60
29 20 161 160 156
30 20 179 177 171
31 20 114 115 111
32 20 14 14 13
33 20 75 76 73
34 20 157 157 154
35 20 181 181 178
36 20 179 179 176
37 20 178 177 174
38 20 176 176 172
39 20 171 171 167
40 20 156 156 152
41 20 101 100 96
42 20 59 58 54
43 20 137 134 128
44 20 145 142 136
45 20 160 157 153
20 21 47 41 36
21 21 54 50 46
22 21 58 57 54
23 21 59 58 56
24 21 59 58 56
25 21 59 59 57
26 21 59 59 57
27 21 59 59 57
28 21 61 61 59
29 21 146 145 142
30 21 170 166 160
31 21 112 113 110
32 21 92 92 90
33 21 148 148 145
34 21 176 176 173
35 21 180 179 176
36 21 178 178 174
37 21 173 173 170
38 21 167 167 163
39 21 160 160 156
40 21 117 117 113
41 21 22 22 21
42 21 72 70 65
43 21 135 132 125
44 21 132 127 120
21 22 48 44 40
22 22 54 52 48
23 22 58 57 54
24 22 59 58 56
25 22 58 58 56
26 22 58 58 56
27 22 59 59 57
28 22 60 60 58
29 22 127 127 123
30 22 175 172 166
31 22 167 167 164
32 22 166 166 163
33 22 175 175 172
34 22 180 180 177
35 22 178 178 174
36 22 172 172 169
37 22 156 157 153
38 22 124 124 120
39 22 130 131 127
40 22 102 102 99
41 22 69 67 63
42 22 119 115 108
43 22 130 125 118
44 22 112 104 97
22 23 49 47 44
23 23 54 53 50
24 23 57 56 53
25 23 58 57 55
26 23 57 57 55
27 23 56 56 54
28 23 59 58 56
29 23 101 101 98
30 23 177 174 169
31 23 181 180 177
32 23 181 180 178
33 23 178 178 175
34 23 177 177 174
35 23 175 175 171
36 23 157 157 153
37 23 96 96 93
38 23 41 41 39
39 23 118 117 113
40 23 133 131 127
41 23 128 124 119
42 23 125 120 113
43 23 106 99 93
23 24 49 47 44
24 24 53 51 49
25 24 56 56 53
26 24 53 53 51
27 24 46 46 45
28 24 53 53 51
29 24 79 79 76
30 24 172 168 163
31 24 180 178 175
32 24 179 179 176
33 24 176 176 173
34 24 171 171 168
35 24 166 166 162
36 24 123 124 121
37 24 18 18 18
38 24 74 73 69
39 24 138 136 131
40 24 142 139 134
41 24 126 121 115
42 24 46 43 40
24 25 48 46 44
25 25 53 52 49
26 25 53 52 49
27 25 34 33 32
28 25 35 35 34
29 25 63 63 61
30 25 164 161 156
31 25 178 176 172
32 25 174 173 171
33 25 155 155 152
34 25 135 135 131
35 25 140 140 137
36 25 118 118 116
37 25 80 79 75
38 25 128 126 120
39 25 142 139 133
40 25 124 120 114
41 25 43 41 37
25 26 47 45 42
26 26 49 48 45
27 26 38 37 35
28 26 19 19 18
29 26 46 46 44
30 26 152 150 145
31 26 174 171 167
32 26 154 153 150
33 26 85 85 83
34 26 51 51 48
35 26 129 128 125
36 26 146 145 141
37 26 139 136 131
38 26 134 130 124
39 26 117 113 107
26 27 45 43 40
27 27 43 41 39
28 27 30 28 27
29 27 30 29 28
30 27 133 131 127
31 27 163 159 154
32 27 100 99 96
33 27 12 12 11
34 27 86 85 82
35 27 149 147 144
36 27 152 149 144
37 27 136 132 127
38 27 50 48 45
27 28 41 39 36
28 28 39 37 34
29 28 37 35 33
30 28 105 103 98
31 28 143 136 129
32 28 72 71 68
33 28 85 84 80
34 28 136 133 129
35 28 147 144 139
36 28 128 125 119
37 28 47 44 41
28 29 40 38 35
29 29 43 41 38
30 29 88 85 80
31 29 150 144 136
32 29 139 136 131
33 29 142 139 134
34 29 140 136 131
35 29 117 112 107
29 30 40 38 34
30 30 77 72 66
31 30 150 141 133
32 30 153 147 140
33 30 141 136 131
34 30 51 49 45
30 31 84 77 72
31 31 147 134 124
32 31 128 117 109
33 31 47 42 38
