30 0 181 183 181
31 0 188 191 189
32 0 187 189 186
29 1 169 168 165
30 1 187 189 188
31 1 195 197 195
32 1 193 194 192
33 1 191 192 190
28 2 132 129 124
29 2 162 163 160
30 2 196 196 194
31 2 202 195 192
32 2 203 192 190
33 2 196 192 190
34 2 192 192 190
35 2 187 188 185
28 3 100 99 96
29 3 183 184 182
30 3 199 197 195
31 3 205 190 187
32 3 208 175 173
33 3 205 181 180
34 3 199 190 188
35 3 194 191 189
36 3 189 189 187
27 4 75 73 70
28 4 146 146 143
29 4 196 196 194
30 4 203 194 192
31 4 205 181 179
32 4 207 177 176
33 4 209 165 165
34 4 208 168 167
35 4 204 182 181
36 4 198 188 186
37 4 193 190 188
38 4 186 185 183
26 5 121 120 116
27 5 76 74 71
28 5 180 181 178
29 5 201 198 197
30 5 205 184 182
31 5 208 160 160
32 5 207 167 168
33 5 208 157 159
34 5 210 149 150
35 5 210 145 144
36 5 207 163 161
37 5 200 182 180
38 5 193 189 187
39 5 187 188 185
40 5 180 182 178
25 6 156 155 151
26 6 77 76 73
27 6 132 132 129
28 6 196 196 194
29 6 202 195 193
30 6 206 175 173
31 6 207 162 162
32 6 206 170 172
33 6 207 161 163
34 6 206 160 161
35 6 206 166 166
36 6 204 175 173
37 6 200 184 182
38 6 193 191 188
39 6 190 192 189
40 6 187 190 187
41 6 184 186 183
25 7 107 106 103
26 7 84 83 80
27 7 175 175 173
28 7 201 197 195
29 7 203 185 183
30 7 206 161 160
31 7 206 150 150
32 7 206 164 165
33 7 204 174 175
34 7 200 183 183
35 7 197 190 188
36 7 194 192 190
37 7 193 193 190
38 7 191 192 190
39 7 190 192 189
40 7 189 191 188
41 7 188 190 187
42 7 185 187 184
43 7 179 181 177
24 8 98 97 93
25 8 71 70 68
26 8 124 124 121
27 8 195 194 192
28 8 200 191 189
29 8 202 167 165
30 8 204 162 162
31 8 203 162 162
32 8 203 167 167
33 8 200 186 186
34 8 194 192 190
35 8 190 191 189
36 8 188 190 188
37 8 190 192 189
38 8 190 192 190
39 8 190 192 189
40 8 190 192 189
41 8 189 191 188
42 8 187 189 186
43 8 185 187 184
44 8 181 182 178
23 9 95 94 91
24 9 81 81 77
25 9 72 71 69
26 9 171 171 168
27 9 199 196 193
28 9 199 181 179
29 9 201 149 148
30 9 202 160 160
31 9 201 174 174
32 9 200 180 180
33 9 196 191 189
34 9 187 187 185
35 9 170 173 170
36 9 160 162 160
37 9 173 176 173
38 9 187 189 186
39 9 190 192 189
40 9 190 192 189
41 9 190 192 189
42 9 188 190 187
43 9 188 189 186
44 9 184 184 180
45 9 175 171 163
46 9 145 136 125
23 10 47 47 45
24 10 67 67 64
25 10 114 112 109
26 10 191 190 187
27 10 198 189 186
28 10 199 162 159
29 10 198 112 110
30 10 199 115 114
31 10 201 152 152
32 10 199 177 176
33 10 194 190 188
34 10 179 180 178
35 10 129 131 129
36 10 65 68 66
37 10 106 109 107
38 10 166 169 166
39 10 188 190 187
40 10 191 192 190
41 10 190 192 189
42 10 189 190 187
43 10 188 189 186
44 10 185 185 180
45 10 176 170 162
46 10 160 153 143
22 11 50 49 47
23 11 50 49 47
24 11 64 64 61
25 11 162 160 156
26 11 196 192 189
27 11 196 175 171
28 11 196 141 138
29 11 196 109 109
30 11 197 102 101
31 11 200 131 132
32 11 199 174 173
33 11 194 192 190
34 11 183 185 182
35 11 133 135 132
36 11 35 37 35
37 11 32 34 33
38 11 129 133 130
39 11 180 183 180
40 11 190 192 190
41 11 190 192 189
42 11 189 191 187
43 11 188 190 186
44 11 185 184 179
45 11 180 175 167
22 12 47 47 45
23 12 63 62 60
24 12 96 92 88
25 12 184 181 176
26 12 193 190 186
27 12 194 178 173
28 12 196 151 148
29 12 197 135 135
30 12 196 109 109
31 12 196 106 106
32 12 198 160 160
33 12 194 189 187
34 12 190 191 188
35 12 168 170 167
36 12 108 110 108
37 12 65 68 66
38 12 123 126 124
39 12 182 185 182
40 12 190 192 189
41 12 191 192 189
42 12 190 191 188
43 12 188 189 185
44 12 185 184 178
45 12 179 173 164
21 13 47 47 45
22 13 53 52 50
23 13 69 67 64
24 13 98 92 87
25 13 159 152 145
26 13 184 180 174
27 13 191 186 181
28 13 193 179 175
29 13 196 157 154
30 13 196 128 125
31 13 196 132 131
32 13 197 143 141
33 13 195 183 181
34 13 191 192 189
35 13 186 188 185
36 13 171 173 170
37 13 160 162 160
38 13 172 174 172
39 13 189 191 188
40 13 191 192 189
41 13 190 192 188
42 13 190 191 188
43 13 188 189 185
44 13 184 182 176
45 13 179 173 163
21 14 49 48 46
22 14 71 70 68
23 14 79 76 73
24 14 82 78 74
25 14 70 64 60
26 14 133 127 119
27 14 170 166 160
28 14 187 184 179
29 14 191 184 180
30 14 194 171 168
31 14 196 155 153
32 14 195 137 136
33 14 195 168 166
34 14 192 190 188
35 14 192 193 190
36 14 190 191 189
37 14 189 191 188
38 14 190 192 189
39 14 191 192 189
40 14 191 193 189
41 14 190 192 188
42 14 190 191 187
43 14 187 187 183
44 14 184 180 173
45 14 181 176 167
20 15 51 50 48
21 15 54 53 50
22 15 78 76 73
23 15 90 87 83
24 15 58 55 52
25 15 37 35 33
26 15 35 33 31
27 15 84 80 75
28 15 147 143 137
29 15 179 176 171
30 15 188 185 181
31 15 192 183 180
32 15 194 169 166
33 15 196 162 159
34 15 193 185 182
35 15 193 193 190
36 15 192 193 190
37 15 191 193 189
38 15 191 193 190
39 15 191 192 189
40 15 191 193 189
41 15 190 192 188
42 15 190 191 187
43 15 188 187 182
44 15 184 179 172
20 16 46 45 43
21 16 71 70 66
22 16 91 89 85
23 16 64 62 59
24 16 41 40 38
25 16 13 12 11
26 16 8 8 7
27 16 14 14 13
28 16 32 31 29
29 16 104 100 94
30 16 161 158 152
31 16 184 182 177
32 16 190 187 183
33 16 194 182 179
34 16 194 185 182
35 16 193 192 189
36 16 192 193 190
37 16 192 193 190
38 16 192 193 190
39 16 191 192 189
40 16 191 192 189
41 16 191 192 188
42 16 190 190 186
43 16 187 184 178
44 16 184 177 168
19 17 50 49 46
20 17 54 52 49
21 17 84 82 78
22 17 89 88 85
23 17 61 60 57
24 17 42 41 39
25 17 15 15 14
26 17 2 2 2
27 17 1 1 1
28 17 15 14 14
29 17 41 41 38
30 17 66 64 60
31 17 134 131 124
32 17 170 168 162
33 17 187 185 181
34 17 191 190 186
35 17 192 192 189
36 17 192 193 190
37 17 192 193 190
38 17 192 192 189
39 17 192 192 189
40 17 192 192 189
41 17 191 191 187
42 17 189 189 184
43 17 186 182 175
44 17 183 174 163
19 18 49 47 44
20 18 74 72 68
21 18 97 96 93
22 18 68 67 64
23 18 57 57 54
24 18 53 53 50
25 18 39 39 37
26 18 23 23 22
27 18 16 16 15
28 18 26 26 25
29 18 47 46 45
30 18 55 54 51
31 18 56 55 52
32 18 83 80 75
33 18 146 143 137
34 18 180 179 174
35 18 189 188 185
36 18 191 192 188
37 18 192 192 189
38 18 192 192 189
39 18 191 192 188
40 18 192 192 189
41 18 190 191 187
42 18 190 188 183
43 18 186 180 172
44 18 184 175 165
18 19 50 47 44
19 19 61 59 56
20 19 95 95 92
21 19 71 71 68
22 19 60 60 57
23 19 59 59 57
24 19 58 58 56
25 19 55 55 53
26 19 51 50 49
27 19 47 47 45
28 19 50 50 48
29 19 55 55 52
30 19 57 56 53
31 19 57 57 53
32 19 57 56 53
33 19 57 56 52
34 19 107 104 98
35 19 163 160 154
36 19 183 182 177
37 19 189 189 185
38 19 191 191 188
39 19 191 192 188
40 19 191 191 187
41 19 190 190 186
42 19 188 185 179
43 19 185 177 168
18 20 53 52 50
19 20 85 85 82
20 20 74 74 71
21 20 55 55 53
22 20 54 54 52
23 20 57 57 55
24 20 60 60 58
25 20 59 59 56
26 20 59 58 56
27 20 59 58 56
28 20 59 58 56
29 20 59 58 56
30 20 59 58 56
31 20 58 58 55
32 20 58 57 54
33 20 58 57 54
34 20 57 56 53
35 20 57 56 53
36 20 124 121 116
37 20 169 166 161
38 20 187 185 181
39 20 190 190 185
40 20 190 190 186
41 20 189 189 184
42 20 186 181 174
43 20 184 174 164
17 21 57 57 55
18 21 67 68 65
19 21 86 87 85
20 21 53 53 51
21 21 23 23 23
22 21 23 23 23
23 21 36 37 35
24 21 53 54 52
25 21 60 60 58
26 21 60 60 58
27 21 60 59 57
28 21 60 60 57
29 21 60 59 57
30 21 59 59 57
31 21 59 59 57
32 21 59 58 56
33 21 57 57 54
34 21 49 48 45
35 21 40 39 37
36 21 36 35 33
37 21 68 66 63
38 21 140 137 132
39 21 175 173 167
40 21 186 184 179
41 21 188 184 179
42 21 184 175 167
43 21 182 169 158
17 22 56 57 56
18 22 70 72 70
19 22 68 69 67
20 22 45 46 44
21 22 14 14 14
22 22 2 2 2
23 22 10 11 11
24 22 40 41 40
25 22 58 59 57
26 22 61 61 59
27 22 61 61 59
28 22 61 60 58
29 22 61 60 58
30 22 60 60 57
31 22 60 60 57
32 22 60 60 57
33 22 56 56 54
34 22 41 40 38
35 22 16 16 15
36 22 6 6 6
37 22 11 11 11
38 22 30 29 28
39 22 100 97 92
40 22 157 151 145
41 22 177 169 160
42 22 177 165 154
43 22 179 164 153
18 23 60 61 59
19 23 62 63 61
20 23 57 58 56
21 23 41 42 41
22 23 25 26 25
23 23 24 25 24
24 23 43 44 44
25 23 58 59 58
26 23 62 62 60
27 23 61 61 59
28 23 61 61 59
29 23 61 61 59
30 23 61 61 59
31 23 61 60 58
32 23 61 60 58
33 23 59 58 56
34 23 48 47 46
35 23 24 23 22
36 23 6 6 6
37 23 4 4 3
38 23 13 13 13
39 23 44 44 42
40 23 71 67 63
41 23 123 111 102
42 23 163 146 134
20 24 60 61 59
21 24 58 59 57
22 24 55 56 55
23 24 55 56 55
24 24 58 60 58
25 24 61 62 60
26 24 62 62 60
27 24 62 62 60
28 24 62 62 60
29 24 61 61 59
30 24 61 61 59
31 24 62 61 59
32 24 62 62 59
33 24 61 61 59
34 24 59 58 56
35 24 50 49 47
36 24 37 37 35
37 24 32 32 30
38 24 35 35 33
39 24 75 72 69
40 24 101 95 89
41 24 58 53 48
22 25 63 64 62
23 25 62 63 61
24 25 63 64 62
25 25 64 64 62
26 25 64 64 62
27 25 63 63 61
28 25 62 62 60
29 25 59 59 57
30 25 56 56 54
31 25 57 57 55
32 25 60 60 58
33 25 62 62 60
34 25 62 62 60
35 25 61 61 59
36 25 60 60 58
37 25 58 57 55
38 25 85 81 77
39 25 106 100 94
40 25 60 56 53
24 26 63 64 62
25 26 64 64 62
26 26 64 64 62
27 26 63 64 62
28 26 60 60 58
29 26 43 43 42
30 26 26 26 25
31 26 28 28 27
32 26 41 41 40
33 26 56 56 55
34 26 63 62 60
35 26 63 63 61
36 26 69 68 65
37 26 94 89 85
38 26 104 98 92
39 26 61 57 54
25 27 62 62 60
26 27 63 63 61
27 27 64 65 63
28 27 62 62 61
29 27 42 43 41
30 27 12 12 12
31 27 2 2 2
32 27 12 13 12
33 27 41 41 40
34 27 61 61 59
35 27 77 75 72
36 27 105 100 95
37 27 86 81 75
38 27 62 57 52
27 28 63 64 62
28 28 63 63 61
29 28 56 56 55
30 28 41 42 41
31 28 26 26 25
32 28 25 26 25
33 28 39 40 40
34 28 79 78 75
35 28 105 101 97
36 28 62 59 55
29 29 61 62 60
30 29 60 61 59
31 29 57 57 56
32 29 57 57 55
33 29 79 77 73
34 29 103 99 94
35 29 61 58 54
31 30 62 62 59
32 30 72 69 65
33 30 94 89 83
34 30 62 59 55
33 31 51 47 42
