32 0 176 170 160
33 0 174 165 153
30 1 184 184 181
31 1 187 187 183
32 1 191 188 182
33 1 188 182 173
34 1 183 176 168
28 2 178 179 176
29 2 185 186 183
30 2 187 188 186
31 2 186 186 183
32 2 190 190 187
33 2 194 191 185
34 2 191 185 178
27 3 182 182 180
28 3 185 186 184
29 3 181 182 180
30 3 164 165 163
31 3 138 139 137
32 3 162 163 160
33 3 192 191 188
34 3 196 191 185
35 3 195 184 176
25 4 179 179 176
26 4 184 184 181
27 4 187 188 186
28 4 184 185 182
29 4 150 151 148
30 4 81 82 80
31 4 29 30 30
32 4 107 108 106
33 4 185 185 183
34 4 197 194 191
35 4 198 191 185
36 4 179 178 176
23 5 173 173 170
24 5 181 181 179
25 5 185 186 183
26 5 189 190 187
27 5 190 190 188
28 5 184 184 182
29 5 129 130 127
30 5 30 30 29
31 5 87 88 86
32 5 148 149 146
33 5 189 189 187
34 5 198 197 194
35 5 198 194 189
36 5 194 186 180
22 6 177 178 175
23 6 182 182 180
24 6 186 187 184
25 6 189 190 187
26 6 190 190 188
27 6 190 190 188
28 6 188 188 186
29 6 164 164 162
30 6 132 133 131
31 6 167 168 166
32 6 189 189 187
33 6 197 196 194
34 6 198 197 195
35 6 199 196 193
36 6 196 190 184
37 6 191 182 177
20 7 173 174 172
21 7 176 177 175
22 7 180 181 178
23 7 183 185 182
24 7 187 188 185
25 7 188 189 186
26 7 189 189 187
27 7 190 190 188
28 7 190 190 188
29 7 188 188 186
30 7 187 188 185
31 7 192 192 190
32 7 195 195 193
33 7 197 197 195
34 7 198 198 195
35 7 200 199 196
36 7 200 195 191
37 7 197 189 183
18 8 167 168 166
19 8 174 176 174
20 8 175 176 174
21 8 166 168 165
22 8 154 156 154
23 8 164 166 163
24 8 183 184 181
25 8 187 188 185
26 8 188 188 185
27 8 187 188 185
28 8 185 186 184
29 8 188 189 186
30 8 192 193 190
31 8 193 193 191
32 8 195 195 193
33 8 197 197 194
34 8 198 198 195
35 8 199 198 196
36 8 200 198 195
37 8 199 193 188
38 8 186 177 172
17 9 163 165 163
18 9 175 177 175
19 9 177 179 177
20 9 157 159 157
21 9 105 107 105
22 9 58 60 59
23 9 110 112 110
24 9 173 174 171
25 9 186 187 184
26 9 181 181 179
27 9 158 159 156
28 9 139 141 139
29 9 157 159 157
30 9 186 187 186
31 9 193 194 192
32 9 195 196 193
33 9 195 195 192
34 9 190 190 188
35 9 188 188 186
36 9 195 194 192
37 9 199 194 191
38 9 195 188 183
17 10 173 176 175
18 10 179 182 181
19 10 175 177 175
20 10 127 129 126
21 10 30 31 30
22 10 40 41 41
23 10 130 132 130
24 10 176 177 175
25 10 181 182 179
26 10 146 147 144
27 10 65 66 64
28 10 24 25 24
29 10 82 83 82
30 10 173 175 173
31 10 193 194 192
32 10 192 192 190
33 10 172 173 170
34 10 134 134 132
35 10 127 128 126
36 10 162 162 160
37 10 189 186 184
38 10 197 191 187
39 10 191 181 174
18 11 182 185 184
19 11 174 176 174
20 11 128 129 126
21 11 90 91 89
22 11 119 120 119
23 11 165 166 164
24 11 182 182 180
25 11 178 178 175
26 11 123 123 120
27 11 14 14 14
28 11 26 26 25
29 11 111 113 110
30 11 176 177 175
31 11 192 193 190
32 11 182 182 180
33 11 120 120 118
34 11 27 27 26
35 11 18 18 18
36 11 115 114 113
37 11 186 184 182
38 11 200 196 192
39 11 195 187 181
40 11 178 177 176
18 12 183 186 185
19 12 183 184 182
20 12 173 173 170
21 12 165 165 162
22 12 170 170 167
23 12 181 181 179
24 12 183 184 181
25 12 176 176 173
26 12 140 140 137
27 12 86 85 82
28 12 110 109 106
29 12 164 164 161
30 12 188 188 186
31 12 191 191 188
32 12 169 169 166
33 12 67 67 65
34 12 10 10 10
35 12 37 37 36
36 12 135 135 133
37 12 191 190 187
38 12 200 196 192
39 12 198 190 183
40 12 188 178 172
18 13 184 186 185
19 13 185 187 185
20 13 184 184 181
21 13 180 180 176
22 13 182 181 178
23 13 183 182 179
24 13 184 184 181
25 13 180 181 178
26 13 175 176 173
27 13 170 170 167
28 13 172 172 169
29 13 185 185 182
30 13 190 190 187
31 13 192 191 189
32 13 180 180 177
33 13 123 122 119
34 13 97 97 94
35 13 120 120 117
36 13 174 173 170
37 13 196 194 191
38 13 197 193 189
39 13 186 177 170
40 13 177 168 160
41 13 180 174 169
19 14 185 186 185
20 14 186 186 183
21 14 183 183 179
22 14 182 181 178
23 14 183 182 179
24 14 182 182 179
25 14 182 183 180
26 14 182 182 180
27 14 184 184 182
28 14 187 187 184
29 14 189 188 185
30 14 190 189 186
31 14 192 191 188
32 14 191 190 187
33 14 183 182 178
34 14 179 178 175
35 14 183 182 179
36 14 192 190 187
37 14 189 186 182
38 14 167 162 156
39 14 130 124 117
40 14 155 149 142
41 14 179 173 167
19 15 185 186 185
20 15 186 187 184
21 15 184 184 180
22 15 181 181 178
23 15 180 180 177
24 15 173 173 170
25 15 166 167 164
26 15 168 168 166
27 15 182 182 180
28 15 186 186 183
29 15 188 188 185
30 15 190 189 186
31 15 192 191 187
32 15 192 191 188
33 15 193 193 189
34 15 193 192 188
35 15 191 189 185
36 15 177 174 169
37 15 135 131 125
38 15 90 86 81
39 15 80 76 72
40 15 118 114 109
41 15 167 162 156
42 15 182 179 175
19 16 184 186 185
20 16 185 186 184
21 16 185 185 182
22 16 182 181 178
23 16 169 169 166
24 16 129 130 126
25 16 94 94 92
26 16 103 104 101
27 16 169 169 167
28 16 186 185 182
29 16 188 187 184
30 16 190 189 185
31 16 191 190 186
32 16 192 191 187
33 16 193 191 188
34 16 184 181 177
35 16 148 145 140
36 16 82 79 75
37 16 39 38 35
38 16 25 23 22
39 16 39 38 36
40 16 92 90 85
41 16 140 136 129
42 16 175 171 166
43 16 170 166 162
20 17 184 185 183
21 17 184 184 181
22 17 178 177 174
23 17 138 138 134
24 17 50 50 48
25 17 10 10 10
26 17 56 56 54
27 17 159 158 154
28 17 185 184 180
29 17 188 186 182
30 17 190 188 184
31 17 190 188 184
32 17 186 184 181
33 17 164 162 158
34 17 125 123 118
35 17 81 79 75
36 17 26 25 23
37 17 2 2 2
38 17 16 16 15
39 17 58 58 56
40 17 96 94 89
41 17 112 109 104
42 17 158 154 147
43 17 179 175 170
20 18 183 183 181
21 18 183 183 180
22 18 175 174 170
23 18 123 122 118
24 18 19 18 17
25 18 14 14 13
26 18 105 104 101
27 18 171 170 166
28 18 185 183 178
29 18 188 186 182
30 18 186 184 180
31 18 175 173 170
32 18 139 137 133
33 18 111 110 107
34 18 99 99 96
35 18 68 68 65
36 18 36 35 34
37 18 43 43 42
38 18 65 65 63
39 18 89 89 85
40 18 103 101 96
41 18 107 105 99
42 18 132 129 123
43 18 168 164 158
44 18 178 174 170
20 19 179 179 175
21 19 181 180 176
22 19 176 175 171
23 19 152 151 147
24 19 99 97 93
25 19 110 108 103
26 19 158 155 151
27 19 180 178 174
28 19 185 184 180
29 19 180 180 176
30 19 150 150 147
31 19 115 114 110
32 19 102 101 98
33 19 102 102 99
34 19 100 100 97
35 19 89 89 86
36 19 83 82 80
37 19 85 85 83
38 19 93 93 90
39 19 97 96 92
40 19 99 98 93
41 19 107 105 100
42 19 107 105 100
43 19 144 140 134
44 19 175 171 165
21 20 179 177 173
22 20 181 179 174
23 20 176 174 169
24 20 166 164 159
25 20 171 169 164
26 20 181 180 175
27 20 179 178 175
28 20 155 155 152
29 20 118 118 115
30 20 105 105 102
31 20 99 100 96
32 20 100 100 97
33 20 100 100 97
34 20 100 100 97
35 20 99 99 96
36 20 98 98 95
37 20 97 96 93
38 20 96 96 92
39 20 98 98 94
40 20 98 97 93
41 20 92 90 86
42 20 92 91 87
43 20 114 113 108
44 20 153 149 143
45 20 173 168 162
21 21 177 175 171
22 21 180 178 174
23 21 181 179 174
24 21 180 178 173
25 21 178 177 173
26 21 163 163 160
27 21 116 117 114
28 21 74 74 72
29 21 69 70 68
30 21 85 85 83
31 21 98 98 95
32 21 98 98 95
33 21 101 101 98
34 21 98 98 95
35 21 98 97 94
36 21 98 98 95
37 21 97 97 94
38 21 98 97 94
39 21 95 94 91
40 21 75 74 70
41 21 56 55 52
42 21 44 43 41
43 21 72 71 69
44 21 131 128 122
45 21 162 155 148
21 22 171 168 164
22 22 176 174 171
23 22 179 179 175
24 22 174 175 172
25 22 136 137 135
26 22 82 83 81
27 22 33 33 32
28 22 14 14 13
29 22 27 28 27
30 22 74 75 74
31 22 95 95 93
32 22 100 100 97
33 22 97 97 94
34 22 97 96 93
35 22 97 96 93
36 22 96 95 93
37 22 97 96 93
38 22 97 97 94
39 22 79 78 75
40 22 35 34 32
41 22 10 10 9
42 22 21 21 20
43 22 76 75 72
44 22 106 100 94
45 22 137 124 115
46 22 165 150 139
22 23 165 165 162
23 23 148 149 147
24 23 112 114 111
25 23 84 86 83
26 23 33 34 33
27 23 7 7 7
28 23 24 25 25
29 23 55 57 56
30 23 87 88 87
31 23 98 98 96
32 23 98 97 95
33 23 97 96 94
34 23 97 97 94
35 23 96 96 93
36 23 95 95 92
37 23 97 97 94
38 23 94 94 91
39 23 66 65 62
40 23 33 33 32
41 23 39 39 37
42 23 65 63 59
43 23 82 79 74
44 23 96 88 82
45 23 58 52 46
23 24 121 123 120
24 24 109 110 108
25 24 89 91 88
26 24 63 64 63
27 24 61 63 62
28 24 75 77 76
29 24 86 88 86
30 24 97 98 95
31 24 98 99 96
32 24 97 97 95
33 24 96 95 93
34 24 95 95 92
35 24 95 95 92
36 24 94 94 91
37 24 96 96 93
38 24 95 95 92
39 24 85 85 82
40 24 80 78 75
41 24 79 75 71
42 24 82 77 73
43 24 52 48 45
24 25 126 128 125
25 25 106 107 105
26 25 94 95 93
27 25 93 94 92
28 25 95 96 94
29 25 96 96 94
30 25 97 97 95
31 25 95 95 92
32 25 89 90 87
33 25 88 88 85
34 25 90 90 87
35 25 95 95 92
36 25 97 97 94
37 25 95 95 92
38 25 95 93 90
39 25 88 85 82
40 25 90 87 83
41 25 115 108 102
25 26 130 131 129
26 26 102 103 101
27 26 97 98 95
28 26 96 96 94
29 26 97 97 95
30 26 91 91 89
31 26 72 72 70
32 26 50 50 48
33 26 47 47 46
34 26 67 68 66
35 26 93 93 90
36 26 95 94 91
37 26 96 93 89
38 26 85 82 78
39 26 97 91 86
26 27 134 135 132
27 27 103 104 101
28 27 97 97 95
29 27 95 95 93
30 27 68 69 67
31 27 26 26 25
32 27 6 6 6
33 27 24 25 25
34 27 73 74 72
35 27 92 90 87
36 27 89 86 82
37 27 88 84 79
38 27 62 58 54
27 28 138 139 136
28 28 103 104 101
29 28 91 92 90
30 28 59 59 57
31 28 35 36 35
32 28 42 43 42
33 28 64 63 61
34 28 75 74 71
35 28 94 91 87
36 28 62 59 55
28 29 125 126 123
29 29 102 103 101
30 29 85 85 83
31 29 80 79 76
32 29 75 74 71
33 29 80 78 74
34 29 55 53 50
29 30 63 62 60
30 30 96 94 90
31 30 83 80 76
32 30 96 92 86
31 31 53 48 43
