30 0 161 158 152
31 0 183 185 183
32 0 189 192 191
29 1 102 99 94
30 1 154 151 146
31 1 191 193 190
32 1 196 196 194
33 1 192 193 191
28 2 43 43 40
29 2 110 108 103
30 2 172 171 166
31 2 199 197 195
32 2 203 194 191
33 2 199 192 190
34 2 193 192 190
35 2 187 188 185
27 3 47 46 44
28 3 92 91 87
29 3 117 115 110
30 3 186 185 181
31 3 201 199 197
32 3 206 187 184
33 3 207 177 175
34 3 201 187 185
35 3 195 191 189
36 3 188 189 187
26 4 151 150 145
27 4 95 94 90
28 4 92 92 89
29 4 122 120 116
30 4 194 193 190
31 4 202 196 194
32 4 206 183 181
33 4 207 175 174
34 4 208 165 165
35 4 204 179 177
36 4 197 186 184
37 4 191 188 186
38 4 183 182 180
25 5 150 149 145
26 5 101 101 97
27 5 115 115 112
28 5 82 82 80
29 5 150 147 143
30 5 198 197 195
31 5 204 192 190
32 5 207 164 163
33 5 207 166 167
34 5 209 155 156
35 5 209 147 147
36 5 207 157 155
37 5 199 177 175
38 5 190 185 183
39 5 183 184 182
24 6 156 154 150
25 6 109 108 105
26 6 124 124 121
27 6 112 112 110
28 6 112 112 109
29 6 180 177 174
30 6 201 200 197
31 6 204 189 187
32 6 207 164 164
33 6 207 170 171
34 6 206 160 162
35 6 206 158 159
36 6 205 165 164
37 6 201 177 175
38 6 192 187 184
39 6 186 188 185
40 6 183 185 182
23 7 142 141 136
24 7 98 98 94
25 7 120 119 116
26 7 126 127 124
27 7 122 122 119
28 7 143 142 138
29 7 192 190 187
30 7 203 198 196
31 7 205 180 178
32 7 206 153 153
33 7 207 159 160
34 7 204 172 173
35 7 201 183 182
36 7 195 189 187
37 7 192 191 188
38 7 189 190 187
39 7 187 189 186
40 7 184 186 184
41 7 182 184 181
42 7 178 180 177
22 8 134 132 127
23 8 84 84 81
24 8 106 106 103
25 8 123 124 121
26 8 125 126 123
27 8 133 133 130
28 8 152 150 147
29 8 196 194 192
30 8 202 194 192
31 8 203 169 167
32 8 204 163 163
33 8 205 163 163
34 8 202 181 180
35 8 195 191 189
36 8 190 191 189
37 8 188 190 187
38 8 188 190 187
39 8 187 190 187
40 8 186 188 185
41 8 184 186 183
42 8 181 183 180
43 8 177 178 175
22 9 85 84 81
23 9 89 89 86
24 9 102 103 100
25 9 111 112 109
26 9 115 116 114
27 9 130 130 127
28 9 159 155 151
29 9 198 196 194
30 9 201 188 186
31 9 202 156 154
32 9 203 164 164
33 9 201 176 176
34 9 198 186 185
35 9 190 190 188
36 9 174 177 174
37 9 164 167 164
38 9 178 181 178
39 9 187 189 186
40 9 187 189 186
41 9 186 188 185
42 9 183 185 181
43 9 180 181 177
44 9 173 171 165
45 9 149 142 132
21 10 95 95 92
22 10 90 91 88
23 10 76 77 75
24 10 94 94 92
25 10 81 82 80
26 10 110 111 108
27 10 103 103 100
28 10 176 172 168
29 10 199 195 192
30 10 199 178 175
31 10 199 129 126
32 10 200 122 121
33 10 201 156 156
34 10 198 182 181
35 10 188 187 185
36 10 149 152 149
37 10 77 79 77
38 10 124 128 125
39 10 175 178 175
40 10 187 189 186
41 10 186 188 185
42 10 184 186 183
43 10 182 183 179
44 10 175 172 166
45 10 160 153 143
21 11 67 68 65
22 11 84 85 82
23 11 85 86 83
24 11 71 72 69
25 11 90 91 88
26 11 95 96 93
27 11 101 97 94
28 11 187 183 178
29 11 198 192 188
30 11 198 166 162
31 11 198 125 123
32 11 198 107 107
33 11 200 136 136
34 11 199 178 177
35 11 190 190 188
36 11 163 164 162
37 11 67 69 67
38 11 46 48 47
39 11 143 147 144
40 11 183 186 183
41 11 187 188 185
42 11 185 187 183
43 11 183 184 180
44 11 177 174 168
45 11 170 163 154
20 12 48 47 45
21 12 81 81 78
22 12 94 94 91
23 12 95 95 92
24 12 86 86 84
25 12 109 109 106
26 12 67 66 64
27 12 126 120 115
28 12 188 184 178
29 12 195 191 186
30 12 197 175 171
31 12 198 149 147
32 12 197 122 122
33 12 196 111 111
34 12 198 162 161
35 12 194 189 187
36 12 182 184 181
37 12 138 140 137
38 12 65 68 66
39 12 125 129 126
40 12 181 184 181
41 12 188 190 186
42 12 186 188 184
43 12 183 184 180
44 12 179 177 171
45 12 171 165 155
20 13 93 93 89
21 13 106 105 102
22 13 113 113 110
23 13 105 106 103
24 13 118 117 114
25 13 106 105 102
26 13 95 93 89
27 13 126 119 113
28 13 160 150 142
29 13 184 180 174
30 13 192 185 180
31 13 196 177 173
32 13 196 149 146
33 13 196 131 129
34 13 196 145 144
35 13 195 181 179
36 13 191 191 189
37 13 180 182 179
38 13 160 162 160
39 13 167 169 167
40 13 185 187 185
41 13 187 189 186
42 13 187 188 185
43 13 184 185 181
44 13 179 177 170
45 13 174 167 158
20 14 81 81 77
21 14 115 115 111
22 14 116 116 113
23 14 121 121 118
24 14 129 128 124
25 14 120 119 115
26 14 116 113 109
27 14 96 91 86
28 14 67 62 57
29 14 132 126 118
30 14 170 166 160
31 14 188 184 179
32 14 193 181 178
33 14 196 168 166
34 14 196 149 147
35 14 195 164 162
36 14 193 188 186
37 14 191 192 189
38 14 189 190 188
39 14 188 190 187
40 14 189 191 188
41 14 188 190 186
42 14 187 188 185
43 14 184 185 181
44 14 180 178 171
45 14 176 169 159
19 15 53 52 49
20 15 97 96 93
21 15 112 111 108
22 15 112 112 109
23 15 126 125 122
24 15 130 129 125
25 15 120 118 113
26 15 92 89 84
27 15 54 51 48
28 15 34 32 30
29 15 36 34 31
30 15 86 81 76
31 15 153 148 142
32 15 181 178 173
33 15 190 185 181
34 15 193 178 175
35 15 196 167 164
36 15 194 182 179
37 15 191 191 188
38 15 191 192 189
39 15 190 191 188
40 15 190 192 188
41 15 188 190 187
42 15 188 189 185
43 15 186 186 182
44 15 181 178 172
45 15 176 169 160
19 16 97 94 90
20 16 107 105 102
21 16 91 91 88
22 16 109 108 105
23 16 127 126 121
24 16 125 123 118
25 16 89 87 83
26 16 54 52 49
27 16 21 20 18
28 16 9 8 8
29 16 9 9 8
30 16 19 19 18
31 16 41 40 38
32 16 122 118 111
33 16 169 166 160
34 16 187 184 179
35 16 192 184 181
36 16 193 184 181
37 16 192 191 188
38 16 191 192 189
39 16 190 192 188
40 16 190 191 188
41 16 189 190 187
42 16 188 189 185
43 16 186 185 181
44 16 182 177 170
45 16 177 168 157
19 17 71 69 65
20 17 88 87 84
21 17 72 71 68
22 17 119 117 112
23 17 123 121 117
24 17 92 90 87
25 17 63 62 58
26 17 43 43 40
27 17 17 16 15
28 17 3 2 2
30 17 6 6 6
31 17 29 29 28
32 17 50 49 46
33 17 82 79 74
34 17 144 141 134
35 17 180 177 172
36 17 189 187 183
37 17 191 191 188
38 17 191 192 188
39 17 191 191 188
40 17 191 192 188
41 17 190 190 187
42 17 188 188 185
43 17 186 185 180
44 17 182 176 168
18 18 48 45 42
19 18 83 79 75
20 18 71 70 66
21 18 96 94 90
22 18 122 121 117
23 18 88 87 84
24 18 64 63 60
25 18 58 57 55
26 18 52 52 50
27 18 36 36 34
28 18 21 21 20
29 18 16 16 15
30 18 23 24 23
31 18 41 41 40
32 18 53 52 50
33 18 56 55 52
34 18 57 56 52
35 18 110 107 100
36 18 165 162 156
37 18 184 183 179
38 18 189 189 185
39 18 190 191 187
40 18 191 192 188
41 18 190 190 187
42 18 189 190 186
43 18 186 185 180
44 18 182 176 168
18 19 88 82 78
19 19 95 91 87
20 19 92 91 86
21 19 117 116 113
22 19 87 87 84
23 19 63 63 60
24 19 59 59 57
25 19 58 58 56
26 19 58 58 56
27 19 54 54 52
28 19 48 48 46
29 19 46 46 44
30 19 49 49 47
31 19 54 54 51
32 19 57 56 53
33 19 57 57 54
34 19 57 56 53
35 19 57 56 53
36 19 71 69 65
37 19 141 138 131
38 19 175 173 167
39 19 187 186 182
40 19 189 189 185
41 19 190 190 187
42 19 188 189 185
43 19 186 184 179
44 19 182 175 167
18 20 71 68 64
19 20 108 106 101
20 20 117 117 114
21 20 77 77 75
22 20 56 56 54
23 20 55 55 53
24 20 58 58 56
25 20 59 59 57
26 20 59 59 57
27 20 59 59 57
28 20 59 58 56
29 20 58 58 56
30 20 59 58 56
31 20 58 58 56
32 20 58 57 55
33 20 59 58 55
34 20 58 58 55
35 20 58 57 54
36 20 57 56 52
37 20 55 54 51
38 20 100 97 92
39 20 159 156 151
40 20 181 180 175
41 20 187 186 182
42 20 188 187 183
43 20 186 183 177
44 20 181 172 163
17 21 44 41 38
18 21 97 93 89
19 21 117 117 115
20 21 74 75 73
21 21 39 39 38
22 21 26 26 25
23 21 28 28 27
24 21 40 40 39
25 21 55 56 54
26 21 60 60 58
27 21 60 60 57
28 21 60 60 58
29 21 60 59 57
30 21 60 59 57
31 21 60 59 57
32 21 59 59 56
33 21 59 59 56
34 21 58 58 55
35 21 56 55 53
36 21 46 45 42
37 21 37 37 34
38 21 34 33 32
39 21 43 42 40
40 21 129 125 120
41 21 168 165 159
42 21 183 180 174
43 21 183 178 171
44 21 179 167 158
17 22 107 106 103
18 22 105 107 104
19 22 76 78 76
20 22 54 55 53
21 22 23 23 22
22 22 3 3 3
23 22 3 3 3
24 22 16 17 16
25 22 45 46 45
26 22 60 60 58
27 22 61 61 59
28 22 61 60 58
29 22 61 60 58
30 22 60 60 58
31 22 60 60 58
32 22 61 60 58
33 22 60 59 57
34 22 59 59 57
35 22 53 53 50
36 22 30 30 28
37 22 11 10 9
38 22 6 5 5
39 22 11 11 10
40 22 32 32 30
41 22 84 81 77
42 22 147 141 134
43 22 171 161 152
44 22 171 155 143
18 23 60 61 59
19 23 62 63 61
20 23 59 60 58
21 23 42 43 42
22 23 22 23 22
23 23 17 17 17
24 23 27 28 28
25 23 49 50 49
26 23 61 61 60
27 23 61 61 59
28 23 61 61 59
29 23 61 61 59
30 23 61 61 59
31 23 61 60 58
32 23 61 60 58
33 23 60 60 58
34 23 60 60 58
35 23 55 55 53
36 23 35 34 33
37 23 13 13 13
38 23 6 6 5
39 23 5 6 5
40 23 25 25 24
41 23 52 51 49
42 23 65 61 56
43 23 129 115 105
44 23 175 158 146
20 24 61 62 61
21 24 58 59 58
22 24 53 54 53
23 24 51 52 51
24 24 54 56 55
25 24 59 60 58
26 24 61 62 60
27 24 62 62 60
28 24 62 62 60
29 24 62 62 59
30 24 62 61 59
31 24 62 61 59
32 24 62 61 59
33 24 61 61 59
34 24 62 61 59
35 24 61 60 58
36 24 53 53 51
37 24 43 42 41
38 24 37 37 35
39 24 36 35 34
40 24 53 51 49
41 24 57 54 51
42 24 59 55 50
43 24 58 52 47
21 25 60 61 59
22 25 62 63 61
23 25 62 63 61
24 25 63 64 62
25 25 63 64 62
26 25 64 64 62
27 25 63 63 61
28 25 62 62 60
29 25 60 61 59
30 25 56 56 55
31 25 56 56 54
32 25 58 57 55
33 25 61 61 59
34 25 62 62 60
35 25 62 62 60
36 25 63 62 60
37 25 60 60 58
38 25 59 58 56
39 25 68 65 61
40 25 82 77 73
41 25 58 54 50
23 26 63 64 62
24 26 64 65 63
25 26 64 64 62
26 26 64 64 62
27 26 63 64 62
28 26 61 62 60
29 26 50 50 49
30 26 30 30 29
31 26 27 27 26
32 26 32 32 31
33 26 48 48 47
34 26 61 61 59
35 26 63 63 61
36 26 63 63 60
37 26 71 69 66
38 26 65 62 59
39 26 62 58 54
40 26 61 56 52
25 27 63 63 62
26 27 64 64 62
27 27 64 65 63
28 27 62 63 61
29 27 44 45 43
30 27 13 13 12
31 27 2 2 2
32 27 6 6 6
33 27 29 30 29
34 27 56 57 55
35 27 63 62 60
36 27 70 68 64
37 27 85 81 76
38 27 62 58 54
27 28 64 64 62
28 28 63 63 61
29 28 55 56 54
30 28 39 39 38
31 28 25 25 24
32 28 25 26 25
33 28 36 37 36
34 28 60 60 58
35 28 68 65 62
36 28 62 59 55
37 28 62 58 54
29 29 62 63 61
30 29 60 61 59
31 29 57 57 55
32 29 57 56 54
33 29 63 62 58
34 29 83 79 75
35 29 61 58 54
30 30 62 62 60
31 30 60 59 56
32 30 74 71 66
33 30 61 57 53
34 30 61 57 53
32 31 45 41 36
