29 0 183 187 185
30 0 187 190 189
31 0 192 194 193
28 1 188 191 189
29 1 192 194 193
30 1 195 196 194
31 1 195 196 194
32 1 193 195 193
33 1 192 194 191
27 2 188 191 188
28 2 192 194 192
29 2 197 195 193
30 2 203 192 189
31 2 202 192 190
32 2 197 195 193
33 2 194 195 193
34 2 193 195 193
27 3 192 194 192
28 3 196 196 194
29 3 200 194 192
30 3 207 178 176
31 3 210 168 166
32 3 205 182 180
33 3 200 191 189
34 3 197 195 193
35 3 195 196 194
36 3 194 195 194
26 4 192 194 192
27 4 195 195 193
28 4 200 192 190
29 4 204 182 180
30 4 204 182 181
31 4 207 170 170
32 4 211 151 151
33 4 209 166 165
34 4 205 179 177
35 4 202 189 188
36 4 198 194 193
37 4 197 196 194
38 4 193 194 192
25 5 191 193 192
26 5 195 196 194
27 5 199 193 191
28 5 204 180 178
29 5 207 159 159
30 5 207 163 163
31 5 207 162 163
32 5 208 154 156
33 5 210 143 144
34 5 210 138 137
35 5 209 155 154
36 5 206 181 179
37 5 199 194 191
38 5 195 196 194
39 5 194 196 194
40 5 194 196 194
24 6 192 194 192
25 6 195 196 194
26 6 197 195 193
27 6 201 186 184
28 6 205 162 161
29 6 206 164 165
30 6 205 172 174
31 6 206 161 163
32 6 206 159 160
33 6 206 169 169
34 6 204 177 176
35 6 203 184 182
36 6 202 189 187
37 6 198 195 192
38 6 195 196 194
39 6 195 198 195
40 6 196 198 195
41 6 194 197 194
42 6 192 194 191
23 7 189 190 188
24 7 194 194 193
25 7 197 193 191
26 7 199 186 184
27 7 203 168 167
28 7 205 144 144
29 7 206 155 155
30 7 205 170 171
31 7 203 176 176
32 7 199 186 185
33 7 197 190 188
34 7 194 193 191
35 7 195 195 193
36 7 195 196 193
37 7 195 196 194
38 7 194 196 194
39 7 194 197 194
40 7 195 197 194
41 7 196 198 195
42 7 196 198 195
43 7 195 197 194
23 8 192 192 190
24 8 195 194 192
25 8 197 184 182
26 8 200 164 162
27 8 202 164 164
28 8 201 158 158
29 8 203 152 151
30 8 202 181 181
31 8 196 188 187
32 8 192 191 189
33 8 190 191 189
34 8 189 191 188
35 8 191 194 191
36 8 193 196 193
37 8 194 196 193
38 8 194 196 194
39 8 195 197 194
40 8 196 197 195
41 8 196 198 195
42 8 196 198 195
43 8 196 197 194
44 8 195 195 191
45 8 191 188 181
22 9 191 192 190
23 9 193 192 190
24 9 196 187 184
25 9 197 169 167
26 9 199 141 140
27 9 200 165 165
28 9 198 176 175
29 9 198 177 176
30 9 196 188 187
31 9 190 189 188
32 9 177 179 177
33 9 160 162 160
34 9 152 155 152
35 9 171 173 171
36 9 189 192 189
37 9 194 196 193
38 9 195 197 194
39 9 195 197 194
40 9 196 197 194
41 9 196 198 195
42 9 195 197 194
43 9 196 197 194
44 9 195 195 190
45 9 188 183 176
46 9 170 162 151
21 10 190 190 187
22 10 192 191 188
23 10 193 186 184
24 10 194 167 165
25 10 196 126 124
26 10 197 105 104
27 10 198 130 129
28 10 200 162 162
29 10 196 177 176
30 10 192 189 187
31 10 183 184 182
32 10 142 144 142
33 10 71 73 71
34 10 49 51 50
35 10 95 98 96
36 10 167 171 168
37 10 191 193 191
38 10 195 197 194
39 10 195 197 194
40 10 195 197 194
41 10 195 197 194
42 10 195 197 194
43 10 195 196 193
44 10 194 192 187
45 10 185 180 172
46 10 180 173 162
20 11 187 185 181
21 11 190 189 185
22 11 191 186 182
23 11 193 169 165
24 11 193 140 137
25 11 194 104 103
26 11 195 98 97
27 11 196 107 107
28 11 198 156 156
29 11 195 184 182
30 11 191 191 188
31 11 184 185 183
32 11 133 135 133
33 11 30 31 30
34 11 2 2 2
35 11 36 38 37
36 11 141 145 143
37 11 188 191 188
38 11 195 197 194
39 11 195 196 193
40 11 195 197 194
41 11 195 196 193
42 11 195 196 193
43 11 195 195 191
44 11 190 187 181
45 11 181 175 167
19 12 173 166 159
20 12 183 180 175
21 12 188 186 182
22 12 189 182 177
23 12 192 163 159
24 12 194 140 138
25 12 194 127 127
26 12 193 105 105
27 12 193 99 98
28 12 196 140 140
29 12 195 183 182
30 12 192 192 189
31 12 187 189 186
32 12 162 164 161
33 12 96 98 96
34 12 65 68 67
35 12 84 86 85
36 12 162 165 162
37 12 191 194 191
38 12 194 196 193
39 12 195 197 194
40 12 195 196 193
41 12 196 197 194
42 12 195 196 192
43 12 192 190 185
44 12 188 183 175
45 12 186 178 167
19 13 109 97 88
20 13 155 148 140
21 13 176 173 166
22 13 185 182 177
23 13 188 178 174
24 13 192 165 161
25 13 193 135 132
26 13 193 123 122
27 13 194 129 128
28 13 195 135 133
29 13 195 179 177
30 13 191 191 188
31 13 191 192 190
32 13 185 187 184
33 13 169 171 168
34 13 162 165 162
35 13 169 171 169
36 13 187 189 186
37 13 193 195 192
38 13 194 196 192
39 13 195 197 193
40 13 195 196 193
41 13 194 195 192
42 13 194 193 189
43 13 188 184 177
44 13 170 165 158
19 14 53 49 46
20 14 56 52 48
21 14 118 112 105
22 14 162 158 152
23 14 182 179 174
24 14 186 182 178
25 14 190 174 170
26 14 193 158 155
27 14 194 143 141
28 14 194 130 129
29 14 194 169 167
30 14 190 189 186
31 14 191 192 190
32 14 192 193 190
33 14 191 193 190
34 14 190 192 189
35 14 191 193 190
36 14 193 194 191
37 14 193 195 192
38 14 194 196 192
39 14 194 195 192
40 14 195 196 192
41 14 194 194 190
42 14 191 189 183
43 14 177 172 165
44 14 51 50 49
19 15 55 53 49
20 15 53 51 47
21 15 42 40 37
22 15 64 60 56
23 15 132 128 122
24 15 172 170 165
25 15 184 182 178
26 15 188 183 180
27 15 192 175 172
28 15 193 155 152
29 15 194 164 161
30 15 191 187 184
31 15 191 192 189
32 15 191 192 189
33 15 192 193 190
34 15 192 193 190
35 15 193 195 192
36 15 193 195 192
37 15 193 194 191
38 15 194 195 191
39 15 194 195 191
40 15 195 195 191
41 15 193 191 187
42 15 187 183 176
43 15 131 126 118
19 16 58 56 53
20 16 54 53 50
21 16 34 32 30
22 16 10 9 9
23 16 18 17 16
24 16 89 85 79
25 16 155 152 146
26 16 179 177 172
27 16 187 185 181
28 16 190 183 179
29 16 192 177 174
30 16 192 187 184
31 16 191 191 188
32 16 192 192 189
33 16 192 194 190
34 16 193 194 191
35 16 193 195 192
36 16 193 194 191
37 16 194 195 191
38 16 194 195 191
39 16 194 194 190
40 16 194 193 189
41 16 189 186 180
42 16 166 160 153
19 17 61 60 58
20 17 58 57 55
21 17 46 45 42
22 17 20 20 19
23 17 3 3 3
24 17 15 15 14
25 17 44 42 40
26 17 113 109 103
27 17 166 163 158
28 17 184 183 178
29 17 188 187 183
30 17 190 190 187
31 17 191 191 188
32 17 191 192 189
33 17 192 193 190
34 17 193 193 190
35 17 194 194 191
36 17 194 194 191
37 17 194 194 191
38 17 193 194 190
39 17 193 193 189
40 17 191 189 183
41 17 181 175 168
42 17 158 148 137
19 18 62 62 60
20 18 61 60 58
21 18 57 57 54
22 18 46 46 44
23 18 28 28 26
24 18 21 21 20
25 18 42 42 40
26 18 54 53 51
27 18 73 71 66
28 18 138 135 129
29 18 174 172 167
30 18 187 186 182
31 18 190 190 187
32 18 191 192 188
33 18 192 193 189
34 18 193 194 190
35 18 193 194 190
36 18 193 194 191
37 18 193 194 190
38 18 193 193 189
39 18 192 190 185
40 18 187 182 175
41 18 156 149 141
18 19 62 63 61
19 19 62 63 61
20 19 61 61 58
21 19 60 60 57
22 19 58 58 56
23 19 54 54 52
24 19 50 49 48
25 19 52 52 50
26 19 56 56 54
27 19 57 56 53
28 19 57 56 52
29 19 97 94 89
30 19 155 152 146
31 19 181 180 175
32 19 189 189 185
33 19 191 191 188
34 19 192 192 189
35 19 193 193 190
36 19 192 193 189
37 19 192 192 188
38 19 192 191 187
39 19 189 185 178
40 19 169 161 153
41 19 51 50 49
18 20 62 63 61
19 20 61 62 60
20 20 57 57 55
21 20 50 50 48
22 20 54 54 53
23 20 58 58 56
24 20 59 59 57
25 20 58 58 56
26 20 58 58 56
27 20 59 58 56
28 20 58 58 55
29 20 58 57 54
30 20 58 57 53
31 20 111 108 102
32 20 166 163 158
33 20 186 185 180
34 20 190 190 186
35 20 191 192 188
36 20 192 192 188
37 20 191 190 186
38 20 191 187 181
39 20 182 176 169
40 20 139 128 118
18 21 59 60 59
19 21 61 62 60
20 21 48 49 47
21 21 22 23 22
22 21 27 28 27
23 21 49 49 47
24 21 59 59 57
25 21 60 60 58
26 21 60 60 57
27 21 59 59 57
28 21 59 59 57
29 21 58 58 56
30 21 54 53 51
31 21 43 42 40
32 21 59 58 54
33 21 139 136 131
34 21 172 170 164
35 21 187 185 180
36 21 189 188 183
37 21 190 187 181
38 21 186 179 173
39 21 154 145 137
40 21 51 50 49
19 22 58 58 57
20 22 54 55 53
21 22 34 35 33
22 22 12 13 12
23 22 27 28 27
24 22 54 54 53
25 22 60 60 58
26 22 61 61 59
27 22 61 60 58
28 22 60 60 58
29 22 60 60 57
30 22 54 54 52
31 22 34 33 31
32 22 10 10 9
33 22 16 16 15
34 22 80 78 74
35 22 151 146 140
36 22 180 174 167
37 22 183 175 166
38 22 172 163 155
39 22 154 138 127
20 23 57 57 56
21 23 50 51 50
22 23 40 41 40
23 23 36 37 37
24 23 51 53 52
25 23 60 61 59
26 23 62 62 60
27 23 61 61 59
28 23 61 61 59
29 23 61 61 58
30 23 60 60 57
31 23 49 48 46
32 23 23 23 22
33 23 5 5 5
34 23 12 12 12
35 23 42 41 40
36 23 120 112 105
37 23 162 151 143
38 23 140 126 117
22 24 54 55 54
23 24 56 57 56
24 24 60 61 59
25 24 62 63 61
26 24 62 62 60
27 24 62 62 60
28 24 62 61 59
29 24 61 61 59
30 24 61 61 59
31 24 60 60 58
32 24 52 51 49
33 24 36 36 34
34 24 26 26 25
35 24 49 48 46
36 24 142 137 132
37 24 111 105 101
38 24 51 50 49
23 25 58 59 57
24 25 62 62 61
25 25 63 63 62
26 25 64 64 62
27 25 63 63 61
28 25 61 61 59
29 25 55 55 53
30 25 57 56 54
31 25 60 60 58
32 25 62 62 60
33 25 60 59 57
34 25 57 57 55
35 25 106 103 98
36 25 144 138 133
37 25 56 53 51
25 26 60 61 59
26 26 62 63 61
27 26 63 63 61
28 26 58 58 56
29 26 37 37 36
30 26 28 28 27
31 26 42 42 40
32 26 58 58 56
33 26 62 62 60
34 26 71 70 67
35 26 148 142 137
36 26 97 94 90
37 26 51 50 49
27 27 62 62 60
28 27 60 61 59
29 27 46 47 45
30 27 19 19 19
31 27 12 12 12
32 27 37 38 37
33 27 58 58 57
34 27 119 116 112
35 27 136 131 127
36 27 54 53 51
28 28 59 59 57
29 28 55 55 53
30 28 45 45 44
31 28 31 31 30
32 28 31 32 31
33 28 69 69 66
34 28 144 139 134
35 28 87 85 82
30 29 58 58 57
31 29 55 55 53
32 29 57 57 55
33 29 113 111 106
34 29 113 109 104
35 29 60 56 53
32 30 76 74 70
33 30 135 130 124
34 30 57 54 51
33 31 152 145 137
