31 0 179 174 167
32 0 179 173 163
33 0 180 175 169
30 1 182 182 179
31 1 188 186 182
32 1 189 185 177
33 1 187 182 176
34 1 187 182 179
28 2 180 181 178
29 2 183 184 182
30 2 185 185 183
31 2 186 186 183
32 2 193 191 187
33 2 193 188 183
34 2 194 186 184
27 3 179 180 177
28 3 181 182 180
29 3 175 175 173
30 3 150 151 149
31 3 147 148 146
32 3 186 186 183
33 3 195 190 186
34 3 197 187 184
35 3 194 181 179
25 4 178 179 176
26 4 181 181 179
27 4 184 185 183
28 4 172 173 171
29 4 122 123 121
30 4 48 49 48
31 4 88 89 87
32 4 178 178 176
33 4 195 192 188
34 4 199 189 185
35 4 200 181 179
36 4 190 178 175
24 5 175 176 173
25 5 182 182 180
26 5 187 187 185
27 5 186 187 184
28 5 162 163 160
29 5 62 62 61
30 5 71 71 70
31 5 144 145 142
32 5 184 184 182
33 5 196 194 191
34 5 199 193 188
35 5 202 183 181
36 5 195 178 176
37 5 184 176 173
22 6 174 175 172
23 6 177 177 175
24 6 184 184 182
25 6 186 187 184
26 6 187 187 185
27 6 187 187 185
28 6 174 174 172
29 6 136 137 134
30 6 160 161 158
31 6 185 185 183
32 6 194 194 192
33 6 197 196 194
34 6 198 194 190
35 6 201 187 184
36 6 199 176 175
37 6 188 175 172
38 6 173 172 168
21 7 170 171 169
22 7 176 177 174
23 7 180 181 179
24 7 184 185 182
25 7 186 186 184
26 7 186 187 184
27 7 187 188 185
28 7 186 187 185
29 7 183 183 181
30 7 189 189 187
31 7 194 194 191
32 7 195 195 193
33 7 198 197 195
34 7 198 196 193
35 7 201 192 188
36 7 201 180 179
37 7 192 176 174
38 7 177 174 171
19 8 163 165 163
20 8 170 172 169
21 8 165 166 164
22 8 158 160 158
23 8 169 171 168
24 8 183 184 181
25 8 185 185 182
26 8 184 185 182
27 8 183 184 182
28 8 186 187 184
29 8 189 190 187
30 8 192 193 190
31 8 193 193 191
32 8 196 195 193
33 8 197 196 194
34 8 198 197 194
35 8 200 194 190
36 8 201 184 182
37 8 195 176 174
38 8 178 175 172
39 8 169 170 166
17 9 145 147 144
18 9 165 167 165
19 9 172 174 172
20 9 159 161 159
21 9 113 115 113
22 9 74 76 75
23 9 137 139 136
24 9 179 180 177
25 9 180 181 178
26 9 163 164 161
27 9 146 147 145
28 9 162 163 161
29 9 186 187 185
30 9 192 193 190
31 9 192 193 190
32 9 189 189 187
33 9 186 186 184
34 9 190 190 188
35 9 197 193 190
36 9 201 189 185
37 9 198 175 173
38 9 181 170 168
39 9 169 169 165
40 9 156 155 149
17 10 165 168 167
18 10 171 174 172
19 10 171 174 172
20 10 129 131 129
21 10 36 36 35
22 10 71 73 72
23 10 150 152 149
24 10 176 177 174
25 10 157 158 155
26 10 93 94 91
27 10 36 37 36
28 10 113 115 113
29 10 180 181 179
30 10 190 191 188
31 10 180 181 178
32 10 149 150 147
33 10 125 126 124
34 10 156 156 154
35 10 188 185 183
36 10 199 191 186
37 10 199 174 171
38 10 186 161 160
39 10 163 162 158
40 10 162 162 156
41 10 151 147 140
18 11 176 179 178
19 11 168 170 168
20 11 115 117 114
21 11 84 85 84
22 11 135 137 135
23 11 173 173 171
24 11 176 176 173
25 11 134 134 131
26 11 32 32 31
27 11 55 56 54
28 11 138 139 137
29 11 181 182 179
30 11 185 185 183
31 11 151 151 148
32 11 61 61 59
33 11 27 28 27
34 11 123 123 121
35 11 184 182 180
36 11 198 193 188
37 11 198 180 175
38 11 193 158 156
39 11 165 151 148
40 11 162 162 157
41 11 159 157 151
18 12 179 182 181
19 12 176 178 176
20 12 164 164 161
21 12 159 160 157
22 12 170 170 168
23 12 179 180 177
24 12 174 174 171
25 12 139 139 136
26 12 89 88 85
27 12 128 128 125
28 12 172 172 170
29 12 188 188 186
30 12 177 177 174
31 12 107 107 105
32 12 24 24 23
33 12 60 60 59
34 12 150 150 147
35 12 191 189 186
36 12 198 193 188
37 12 195 183 176
38 12 192 163 159
39 12 183 155 153
40 12 160 158 154
41 12 164 164 158
42 12 159 156 149
18 13 181 183 182
19 13 181 182 179
20 13 179 178 175
21 13 177 176 173
22 13 179 179 176
23 13 180 180 177
24 13 178 179 176
25 13 170 171 168
26 13 164 164 161
27 13 173 173 170
28 13 185 184 182
29 13 190 189 186
30 13 182 181 178
31 13 135 134 131
32 13 102 101 98
33 13 135 135 132
34 13 178 177 174
35 13 194 191 188
36 13 189 183 177
37 13 174 163 155
38 13 184 168 161
39 13 190 162 158
40 13 175 166 162
41 13 166 165 160
42 13 163 161 154
18 14 181 183 182
19 14 181 182 179
20 14 181 180 177
21 14 179 178 175
22 14 179 178 175
23 14 179 179 176
24 14 178 179 176
25 14 180 181 178
26 14 181 181 179
27 14 184 184 181
28 14 188 187 185
29 14 189 188 185
30 14 188 188 184
31 14 182 181 177
32 14 178 177 173
33 14 183 182 178
34 14 191 188 185
35 14 178 173 169
36 14 140 133 127
37 14 108 102 96
38 14 158 150 142
39 14 185 167 162
40 14 186 171 168
41 14 176 174 171
42 14 168 166 160
43 14 161 157 150
18 15 181 183 182
19 15 180 181 179
20 15 182 181 178
21 15 178 178 175
22 15 175 175 172
23 15 167 168 164
24 15 162 163 160
25 15 172 173 170
26 15 182 182 179
27 15 185 185 182
28 15 187 186 183
29 15 189 188 185
30 15 190 189 186
31 15 191 190 186
32 15 190 189 185
33 15 183 181 176
34 15 152 148 143
35 15 101 97 92
36 15 74 71 66
37 15 71 68 64
38 15 105 101 96
39 15 161 154 148
40 15 184 173 168
41 15 183 178 174
42 15 174 173 167
43 15 168 164 157
19 16 179 180 178
20 16 181 181 179
21 16 177 177 173
22 16 160 160 157
23 16 119 119 116
24 16 93 94 91
25 16 146 146 144
26 16 180 180 177
27 16 185 184 181
28 16 188 186 183
29 16 189 187 184
30 16 190 188 185
31 16 187 185 181
32 16 172 170 165
33 16 127 124 118
34 16 71 69 65
35 16 34 33 31
36 16 24 22 21
37 16 28 27 26
38 16 68 66 62
39 16 115 111 105
40 16 165 158 152
41 16 182 176 171
42 16 178 177 173
43 16 172 169 163
19 17 181 182 180
20 17 180 180 177
21 17 169 169 166
22 17 122 121 118
23 17 43 43 41
24 17 39 39 37
25 17 136 135 132
26 17 179 178 174
27 17 186 184 180
28 17 187 185 180
29 17 187 185 181
30 17 181 179 175
31 17 147 145 141
32 17 102 100 95
33 17 68 67 63
34 17 24 23 22
35 17 2 1 1
36 17 3 3 3
37 17 27 27 26
38 17 66 65 62
39 17 89 87 82
40 17 123 120 113
41 17 167 162 156
42 17 177 175 170
43 17 174 172 167
44 17 169 163 156
19 18 179 180 177
20 18 178 178 174
21 18 164 163 160
22 18 94 93 90
23 18 15 15 14
24 18 88 88 84
25 18 160 159 155
26 18 181 180 175
27 18 185 183 178
28 18 181 179 175
29 18 161 159 156
30 18 116 115 111
31 18 98 97 94
32 18 89 88 85
33 18 70 69 67
34 18 37 37 35
35 18 26 26 25
36 18 42 42 41
37 18 64 64 62
38 18 84 83 80
39 18 91 89 85
40 18 95 93 88
41 18 129 126 120
42 18 170 167 161
43 18 176 174 169
44 18 170 165 159
19 19 176 175 172
20 19 175 174 170
21 19 169 167 163
22 19 129 127 123
23 19 110 108 103
24 19 148 146 141
25 19 175 173 168
26 19 180 179 174
27 19 171 171 167
28 19 132 131 128
29 19 105 105 101
30 19 96 95 92
31 19 94 93 90
32 19 95 94 91
33 19 88 87 84
34 19 76 76 73
35 19 73 73 71
36 19 78 78 76
37 19 88 88 84
38 19 91 91 87
39 19 87 85 81
40 19 90 88 84
41 19 95 93 88
42 19 137 133 127
43 19 170 167 161
44 19 168 163 157
45 19 165 157 149
19 20 174 172 168
20 20 176 174 170
21 20 176 174 170
22 20 168 166 160
23 20 166 164 159
24 20 177 175 171
25 20 174 174 171
26 20 144 145 142
27 20 106 106 103
28 20 93 93 90
29 20 94 94 91
30 20 95 95 91
31 20 94 94 91
32 20 92 92 89
33 20 93 92 90
34 20 92 92 89
35 20 92 92 89
36 20 91 91 88
37 20 90 89 86
38 20 92 92 88
39 20 87 86 82
40 20 83 82 78
41 20 88 87 83
42 20 86 84 80
43 20 137 134 129
44 20 166 162 156
45 20 161 153 146
20 21 172 170 166
21 21 177 175 171
22 21 176 174 169
23 21 174 174 170
24 21 155 156 153
25 21 106 107 104
26 21 66 67 64
27 21 65 65 63
28 21 70 71 69
29 21 90 91 88
30 21 94 94 91
31 21 93 93 90
32 21 92 91 88
33 21 93 93 90
34 21 94 93 90
35 21 92 91 88
36 21 91 91 88
37 21 92 92 88
38 21 91 90 87
39 21 78 77 74
40 21 60 59 56
41 21 51 50 47
42 21 44 44 42
43 21 78 77 74
44 21 139 135 129
45 21 163 155 147
46 21 152 142 134
20 22 172 170 166
21 22 172 171 168
22 22 165 166 163
23 22 131 132 130
24 22 82 83 81
25 22 35 36 34
26 22 14 14 13
27 22 17 17 17
28 22 42 43 42
29 22 83 84 82
30 22 92 92 89
31 22 92 91 89
32 22 96 95 93
33 22 94 94 91
34 22 94 93 91
35 22 93 92 90
36 22 90 90 87
37 22 91 91 88
38 22 84 84 81
39 22 57 56 53
40 22 20 19 18
41 22 8 8 7
42 22 16 17 16
43 22 67 66 64
44 22 92 88 83
45 22 141 129 120
46 22 165 150 140
20 23 153 153 150
21 23 145 146 143
22 23 104 106 103
23 23 89 91 88
24 23 52 53 52
25 23 15 16 15
26 23 11 12 12
27 23 27 28 28
28 23 61 63 62
29 23 89 90 88
30 23 93 93 91
31 23 95 94 92
32 23 94 94 91
33 23 93 92 90
34 23 92 91 89
35 23 91 91 88
36 23 94 93 90
37 23 91 91 88
38 23 78 77 75
39 23 45 44 42
40 23 20 20 19
41 23 23 23 22
42 23 51 49 47
43 23 75 71 67
44 23 82 77 72
45 23 75 65 58
21 24 62 63 61
22 24 106 107 105
23 24 97 99 96
24 24 74 75 73
25 24 60 62 61
26 24 61 63 62
27 24 74 76 75
28 24 86 87 86
29 24 92 93 90
30 24 93 93 91
31 24 93 93 90
32 24 93 92 90
33 24 92 92 89
34 24 91 91 88
35 24 93 93 90
36 24 92 92 89
37 24 92 92 89
38 24 88 87 85
39 24 74 73 71
40 24 69 68 66
41 24 73 69 66
42 24 78 74 70
43 24 92 86 80
44 24 59 53 48
23 25 117 118 116
24 25 100 101 99
25 25 90 91 89
26 25 91 93 90
27 25 92 93 91
28 25 92 93 90
29 25 91 92 89
30 25 90 90 88
31 25 87 88 85
32 25 87 87 84
33 25 85 85 83
34 25 88 88 86
35 25 90 89 87
36 25 92 91 89
37 25 92 91 88
38 25 89 88 86
39 25 92 90 86
40 25 85 81 77
41 25 97 91 86
42 25 59 54 50
24 26 148 149 147
25 26 107 108 106
26 26 96 97 94
27 26 93 94 91
28 26 92 92 90
29 26 90 91 88
30 26 79 80 78
31 26 60 60 58
32 26 48 48 46
33 26 48 48 47
34 26 73 74 71
35 26 88 88 85
36 26 91 90 88
37 26 92 90 87
38 26 86 83 79
39 26 98 94 88
40 26 62 58 54
25 27 65 66 64
26 27 104 104 102
27 27 98 98 96
28 27 93 94 91
29 27 86 87 84
30 27 51 51 49
31 27 15 15 14
32 27 6 6 5
33 27 23 24 24
34 27 68 69 68
35 27 88 87 84
36 27 90 87 84
37 27 94 90 86
38 27 63 60 56
27 28 114 115 112
28 28 98 99 96
29 28 84 85 82
30 28 50 50 49
31 28 31 32 31
32 28 39 40 39
33 28 57 57 55
34 28 78 77 74
35 28 86 84 80
36 28 104 98 92
28 29 142 143 140
29 29 102 102 100
30 29 83 83 81
31 29 80 79 76
32 29 81 79 75
33 29 80 78 74
34 29 92 88 83
35 29 60 56 52
29 30 65 65 63
30 30 97 96 92
31 30 83 79 75
32 30 83 79 73
33 30 61 57 53
31 31 51 48 44
