29 1 156 144 133
30 1 159 149 141
31 1 166 158 152
32 1 174 168 163
28 2 167 159 149
29 2 167 160 151
30 2 172 166 159
31 2 175 171 165
32 2 177 173 168
33 2 178 174 169
34 2 179 175 171
27 3 171 164 156
28 3 174 169 161
29 3 177 173 166
30 3 178 175 169
31 3 179 175 169
32 3 177 174 168
33 3 178 175 169
34 3 180 178 173
35 3 183 181 177
36 3 186 183 182
26 4 177 171 163
27 4 178 173 167
28 4 182 179 174
29 4 183 181 176
30 4 183 180 175
31 4 181 179 173
32 4 180 178 172
33 4 179 177 172
34 4 180 178 173
35 4 183 182 178
36 4 185 184 181
37 4 187 186 184
25 5 180 175 168
26 5 183 179 173
27 5 185 183 177
28 5 187 185 180
29 5 187 185 181
30 5 186 184 179
31 5 185 184 179
32 5 183 182 177
33 5 183 181 177
34 5 183 181 177
35 5 183 182 178
36 5 184 184 180
37 5 185 185 182
38 5 186 186 184
39 5 185 186 184
23 6 177 170 161
24 6 182 177 170
25 6 185 182 177
26 6 187 185 181
27 6 188 187 182
28 6 188 187 183
29 6 188 187 183
30 6 188 187 184
31 6 188 187 184
32 6 187 187 183
33 6 187 186 183
34 6 185 185 181
35 6 185 185 181
36 6 184 184 180
37 6 185 184 181
38 6 186 186 183
39 6 187 188 185
40 6 187 188 186
41 6 186 187 186
22 7 180 170 161
23 7 183 177 170
24 7 186 183 178
25 7 183 181 177
26 7 174 173 169
27 7 169 168 164
28 7 176 176 172
29 7 186 186 182
30 7 190 190 187
31 7 190 190 187
32 7 185 186 183
33 7 180 180 177
34 7 176 176 173
35 7 183 184 181
36 7 187 187 184
37 7 187 187 184
38 7 186 186 183
39 7 185 185 182
40 7 183 183 181
41 7 185 187 185
42 7 187 188 187
43 7 185 187 186
21 8 179 166 151
22 8 182 170 159
23 8 188 181 175
24 8 189 187 183
25 8 171 171 168
26 8 115 115 113
27 8 77 76 74
28 8 103 103 99
29 8 156 156 153
30 8 187 187 184
31 8 189 189 186
32 8 176 176 174
33 8 132 132 129
34 8 104 105 102
35 8 140 140 137
36 8 175 175 173
37 8 188 188 186
38 8 186 187 185
39 8 169 170 168
40 8 140 141 138
41 8 155 156 153
42 8 177 178 176
43 8 186 188 187
44 8 187 189 188
45 8 182 185 184
21 9 133 124 111
22 9 173 165 156
23 9 192 186 179
24 9 193 189 184
25 9 178 177 173
26 9 119 118 116
27 9 44 45 44
28 9 27 27 26
29 9 102 103 100
30 9 177 177 174
31 9 191 191 188
32 9 180 181 178
33 9 123 124 122
34 9 44 45 44
35 9 35 35 34
36 9 127 127 125
37 9 181 182 179
38 9 188 189 186
39 9 157 158 157
40 9 69 71 70
41 9 44 45 43
42 9 116 118 115
43 9 173 175 173
44 9 189 191 189
45 9 186 188 187
46 9 175 176 174
21 10 62 58 52
22 10 78 75 70
23 10 152 151 146
24 10 184 181 176
25 10 192 189 185
26 10 175 172 168
27 10 149 148 145
28 10 133 134 131
29 10 147 147 144
30 10 185 185 182
31 10 194 194 192
32 10 192 192 190
33 10 177 178 175
34 10 147 148 146
35 10 117 119 116
36 10 143 145 143
37 10 186 187 185
38 10 193 194 192
39 10 183 184 182
40 10 148 150 149
41 10 99 102 101
42 10 93 95 93
43 10 165 166 165
44 10 189 190 189
45 10 186 188 186
46 10 187 189 189
20 11 59 55 49
21 11 61 58 53
22 11 58 58 55
23 11 52 53 51
24 11 94 94 92
25 11 160 159 156
26 11 190 188 184
27 11 191 188 184
28 11 189 187 184
29 11 191 190 187
30 11 195 195 192
31 11 197 197 194
32 11 196 196 194
33 11 195 195 192
34 11 190 191 188
35 11 185 186 183
36 11 188 188 186
37 11 194 195 193
38 11 196 196 194
39 11 193 194 192
40 11 189 190 188
41 11 180 181 179
42 11 176 178 176
43 11 186 188 186
44 11 186 187 186
45 11 174 174 172
20 12 59 55 51
21 12 59 57 53
22 12 45 45 44
23 12 21 22 21
24 12 18 19 18
25 12 40 41 39
26 12 121 122 119
27 12 177 176 172
28 12 194 191 187
29 12 198 196 192
30 12 199 197 194
31 12 199 198 195
32 12 198 198 195
33 12 197 197 194
34 12 198 197 195
35 12 197 197 194
36 12 197 197 194
37 12 197 198 195
38 12 196 197 195
39 12 197 198 195
40 12 196 196 194
41 12 196 197 195
42 12 196 197 194
43 12 193 194 192
44 12 171 172 170
45 12 169 168 164
20 13 59 56 51
21 13 58 56 54
22 13 37 38 37
23 13 4 4 4
24 13 1 1 1
25 13 12 12 11
26 13 43 44 42
27 13 65 65 63
28 13 144 144 141
29 13 186 184 180
30 13 199 196 192
31 13 200 197 193
32 13 199 198 195
33 13 199 198 195
34 13 198 198 195
35 13 198 198 195
36 13 198 198 196
37 13 198 198 196
38 13 198 198 196
39 13 198 199 196
40 13 198 198 196
41 13 198 198 196
42 13 197 198 196
43 13 184 184 182
44 13 125 126 123
19 14 57 53 48
20 14 60 58 53
21 14 60 59 57
22 14 46 46 45
23 14 21 22 21
24 14 3 3 3
25 14 7 7 7
26 14 39 39 38
27 14 60 60 58
28 14 63 63 61
29 14 86 87 84
30 14 159 158 155
31 14 192 190 186
32 14 200 197 193
33 14 200 199 195
34 14 200 199 196
35 14 200 199 197
36 14 199 199 197
37 14 199 200 197
38 14 199 200 197
39 14 199 199 197
40 14 200 200 198
41 14 199 200 198
42 14 191 191 189
43 14 145 145 142
44 14 41 41 39
19 15 58 54 49
20 15 60 58 54
21 15 61 61 58
22 15 58 58 56
23 15 44 44 43
24 15 27 27 26
25 15 23 24 23
26 15 45 46 44
27 15 59 59 57
28 15 61 62 60
29 15 62 63 61
30 15 63 63 61
31 15 115 116 113
32 15 176 175 171
33 15 196 194 190
34 15 199 197 193
35 15 201 200 196
36 15 201 201 198
37 15 200 200 197
38 15 200 201 198
39 15 200 200 198
40 15 201 202 199
41 15 197 198 196
42 15 167 167 165
43 15 76 75 72
19 16 59 55 50
20 16 60 58 54
21 16 61 61 58
22 16 61 61 59
23 16 58 58 56
24 16 54 54 53
25 16 53 53 51
26 16 57 58 56
27 16 60 60 58
28 16 61 62 60
29 16 61 62 60
30 16 62 62 60
31 16 62 63 61
32 16 65 65 63
33 16 133 133 130
34 16 183 182 179
35 16 199 197 193
36 16 200 198 194
37 16 201 200 197
38 16 201 202 199
39 16 201 201 199
40 16 201 201 199
41 16 181 181 178
42 16 103 103 100
43 16 44 43 41
18 17 56 51 46
19 17 58 54 50
20 17 60 59 55
21 17 60 60 57
22 17 61 61 58
23 17 61 61 58
24 17 60 60 58
25 17 60 60 58
26 17 60 60 58
27 17 60 61 58
28 17 61 61 59
29 17 61 61 59
30 17 61 62 60
31 17 61 61 59
32 17 62 62 60
33 17 62 63 61
34 17 84 84 82
35 17 159 159 156
36 17 189 188 183
37 17 200 198 193
38 17 201 199 194
39 17 201 201 197
40 17 193 192 189
41 17 141 140 136
42 17 38 38 36
18 18 58 53 48
19 18 59 55 51
20 18 60 59 56
21 18 61 60 58
22 18 61 60 58
23 18 60 59 57
24 18 60 60 57
25 18 60 60 58
26 18 60 60 58
27 18 60 60 58
28 18 60 60 58
29 18 61 61 59
30 18 60 61 58
31 18 61 61 59
32 18 61 61 59
33 18 62 62 60
34 18 62 62 60
35 18 64 64 62
36 18 105 106 103
37 18 168 168 164
38 18 194 192 188
39 18 194 191 186
40 18 162 161 157
41 18 77 75 72
42 18 34 34 32
18 19 57 52 47
19 19 59 56 52
20 19 60 59 56
21 19 61 60 57
22 19 60 60 57
23 19 60 60 57
24 19 60 59 57
25 19 59 59 57
26 19 60 60 58
27 19 60 60 57
28 19 59 60 57
29 19 60 61 58
30 19 60 60 58
31 19 60 61 58
32 19 60 61 58
33 19 61 61 59
34 19 61 61 59
35 19 62 62 60
36 19 63 63 61
37 19 64 64 62
38 19 144 147 145
39 19 166 165 161
40 19 107 105 101
41 19 66 64 61
18 20 57 51 46
19 20 59 56 52
20 20 61 59 57
21 20 60 60 57
22 20 60 59 57
23 20 59 59 56
24 20 60 59 57
25 20 58 58 56
26 20 59 59 57
27 20 59 60 57
28 20 59 60 57
29 20 60 60 58
30 20 60 60 58
31 20 60 60 58
32 20 59 59 57
33 20 60 61 58
34 20 61 61 58
35 20 61 62 59
36 20 63 63 61
37 20 75 76 74
38 20 160 162 161
39 20 119 117 113
40 20 64 64 62
41 20 40 39 37
17 21 52 43 37
18 21 56 49 44
19 21 59 56 53
20 21 59 58 55
21 21 60 59 56
22 21 59 58 55
23 21 59 59 56
24 21 59 58 56
25 21 59 59 56
26 21 59 59 57
27 21 59 59 56
28 21 59 59 57
29 21 59 59 57
30 21 59 59 57
31 21 59 59 57
32 21 59 59 57
33 21 60 60 57
34 21 60 60 57
35 21 61 61 59
36 21 63 63 61
37 21 147 149 147
38 21 140 139 136
39 21 101 100 96
40 21 63 63 60
17 22 43 34 29
18 22 50 43 39
19 22 55 51 48
20 22 58 56 53
21 22 59 58 55
22 22 59 58 55
23 22 59 59 56
24 22 59 58 56
25 22 58 58 55
26 22 59 58 56
27 22 59 59 56
28 22 59 58 56
29 22 59 59 57
30 22 58 58 56
31 22 58 58 56
32 22 59 59 57
33 22 59 59 57
34 22 60 60 58
35 22 62 62 59
36 22 93 94 92
37 22 161 162 160
38 22 111 110 108
39 22 63 62 59
18 23 43 38 34
19 23 49 45 41
20 23 54 51 48
21 23 56 54 51
22 23 58 57 54
23 23 59 58 55
24 23 58 57 54
25 23 58 57 55
26 23 58 58 56
27 23 57 57 55
28 23 58 58 56
29 23 58 58 56
30 23 58 57 55
31 23 58 57 55
32 23 58 58 56
33 23 58 58 56
34 23 60 60 57
35 23 63 63 60
36 23 147 149 147
37 23 141 140 136
38 23 77 76 73
39 23 41 40 38
20 24 45 42 39
21 24 50 48 45
22 24 54 52 49
23 24 57 56 53
24 24 58 57 54
25 24 58 57 54
26 24 57 57 54
27 24 57 57 55
28 24 55 55 53
29 24 49 49 47
30 24 48 48 46
31 24 52 52 50
32 24 57 57 54
33 24 58 58 55
34 24 60 60 57
35 24 99 99 97
36 24 156 157 155
37 24 107 105 101
38 24 33 33 32
22 25 49 46 43
23 25 51 49 46
24 25 55 53 50
25 25 57 56 53
26 25 58 57 54
27 25 56 56 53
28 25 46 46 44
29 25 24 25 24
30 25 20 20 19
31 25 30 30 29
32 25 48 48 46
33 25 57 57 55
34 25 62 61 58
35 25 147 148 145
36 25 133 132 129
37 25 76 75 71
23 26 44 42 39
24 26 49 47 44
25 26 52 50 47
26 26 55 53 50
27 26 55 54 51
28 26 43 43 41
29 26 17 17 17
30 26 2 2 2
31 26 10 10 9
32 26 35 35 33
33 26 54 53 51
34 26 99 99 96
35 26 152 151 149
36 26 88 88 86
37 26 40 39 38
25 27 45 43 40
26 27 49 47 44
27 27 53 51 48
28 27 50 49 46
29 27 30 30 28
30 27 9 9 9
31 27 6 6 6
32 27 25 25 24
33 27 56 56 53
34 27 145 145 143
35 27 128 126 122
36 27 43 42 40
27 28 46 44 41
28 28 48 45 42
29 28 43 42 39
30 28 34 33 31
31 28 30 29 27
32 28 39 38 35
33 28 96 95 91
34 28 142 142 139
35 28 83 81 78
28 29 42 39 36
29 29 45 43 40
30 29 47 44 41
31 29 49 47 43
32 29 56 54 50
33 29 139 138 133
34 29 113 112 109
35 29 50 48 45
30 30 42 40 36
31 30 46 43 39
32 30 94 90 84
33 30 134 131 126
34 30 50 50 48
31 31 38 35 32
32 31 121 114 108
33 31 103 99 93
34 31 49 47 46
