33 0 146 132 125
32 1 159 151 143
33 1 167 159 153
34 1 177 170 166
30 2 165 158 150
31 2 166 160 153
32 2 173 168 161
33 2 178 175 169
34 2 184 181 177
28 3 158 152 144
29 3 166 160 153
30 3 170 166 159
31 3 175 171 165
32 3 179 176 170
33 3 184 182 177
34 3 191 189 186
35 3 186 184 182
27 4 164 159 152
28 4 169 165 158
29 4 173 170 164
30 4 177 175 169
31 4 180 178 172
32 4 183 182 177
33 4 188 187 183
34 4 194 194 191
35 4 194 194 192
36 4 167 166 165
25 5 164 159 153
26 5 167 163 157
27 5 172 168 163
28 5 176 174 169
29 5 180 178 173
30 5 182 181 176
31 5 185 184 179
32 5 187 186 182
33 5 191 191 187
34 5 197 197 194
35 5 198 199 197
36 5 190 191 190
23 6 156 151 144
24 6 167 163 157
25 6 171 168 162
26 6 175 173 168
27 6 178 177 172
28 6 181 180 176
29 6 184 183 179
30 6 186 186 182
31 6 188 188 185
32 6 191 191 187
33 6 194 194 191
34 6 197 197 194
35 6 202 203 201
36 6 196 197 196
37 6 168 167 164
22 7 158 153 147
23 7 162 159 153
24 7 169 167 162
25 7 175 173 169
26 7 178 178 174
27 7 177 177 174
28 7 175 175 172
29 7 182 182 179
30 7 189 190 187
31 7 190 190 188
32 7 186 186 184
33 7 177 177 174
34 7 182 182 179
35 7 202 203 201
36 7 205 206 205
37 7 182 183 182
20 8 157 151 144
21 8 154 149 144
22 8 147 144 139
23 8 141 140 135
24 8 162 162 158
25 8 175 175 171
26 8 167 167 164
27 8 139 140 137
28 8 120 121 118
29 8 171 171 169
30 8 189 190 188
31 8 174 175 172
32 8 133 134 132
33 8 88 89 87
34 8 149 151 148
35 8 199 200 198
36 8 207 209 207
37 8 196 198 197
38 8 166 165 164
18 9 143 126 115
19 9 157 147 138
20 9 157 152 146
21 9 133 130 126
22 9 88 87 83
23 9 115 115 112
24 9 165 165 162
25 9 165 166 163
26 9 112 113 109
27 9 70 70 68
28 9 132 133 130
29 9 179 180 178
30 9 179 181 179
31 9 120 122 120
32 9 54 55 54
33 9 125 128 126
34 9 183 185 183
35 9 202 203 202
36 9 203 205 203
37 9 196 199 198
38 9 195 196 196
39 9 146 145 145
18 10 166 153 143
19 10 165 157 149
20 10 149 146 141
21 10 97 97 94
22 10 111 111 108
23 10 159 159 156
24 10 176 177 174
25 10 158 159 157
26 10 115 117 115
27 10 152 154 151
28 10 184 185 182
29 10 190 192 190
30 10 177 179 178
31 10 147 149 147
32 10 160 162 161
33 10 188 189 188
34 10 199 200 198
35 10 196 197 195
36 10 183 184 183
37 10 184 186 185
38 10 195 197 197
39 10 173 174 172
18 11 175 166 158
19 11 172 166 159
20 11 161 159 155
21 11 156 156 153
22 11 171 171 168
23 11 181 181 179
24 11 183 183 181
25 11 180 180 178
26 11 180 181 179
27 11 189 190 187
28 11 194 195 192
29 11 196 197 195
30 11 195 196 194
31 11 196 197 195
32 11 197 198 196
33 11 196 197 195
34 11 180 182 179
35 11 156 157 154
36 11 153 154 151
37 11 173 174 172
38 11 190 192 191
39 11 188 190 189
40 11 168 167 166
18 12 177 169 161
19 12 179 173 167
20 12 180 178 174
21 12 182 181 178
22 12 184 184 181
23 12 187 187 184
24 12 188 188 186
25 12 190 191 188
26 12 193 193 191
27 12 194 195 193
28 12 196 197 195
29 12 199 200 198
30 12 199 200 198
31 12 197 198 196
32 12 185 186 184
33 12 152 154 152
34 12 101 103 100
35 12 58 59 57
36 12 69 70 68
37 12 144 145 141
38 12 178 179 177
39 12 190 192 191
40 12 184 185 183
19 13 182 176 170
20 13 184 182 177
21 13 185 185 181
22 13 188 187 185
23 13 189 189 186
24 13 191 191 188
25 13 192 192 190
26 13 194 195 192
27 13 197 198 195
28 13 198 199 197
29 13 197 198 195
30 13 187 188 186
31 13 175 176 173
32 13 155 157 155
33 13 84 86 85
34 13 16 17 16
36 13 7 7 7
37 13 88 88 85
38 13 161 161 158
39 13 183 184 182
40 13 193 194 192
41 13 156 156 154
19 14 184 178 172
20 14 186 184 180
21 14 188 188 185
22 14 189 189 186
23 14 191 191 189
24 14 193 193 191
25 14 195 196 193
26 14 196 196 194
27 14 195 196 194
28 14 190 191 189
29 14 172 173 170
30 14 150 151 149
31 14 151 152 150
32 14 150 152 151
33 14 91 93 93
34 14 9 9 9
36 14 17 17 17
37 14 92 91 89
38 14 156 156 152
39 14 170 170 167
40 14 187 188 186
41 14 185 186 184
42 14 152 151 149
19 15 186 180 173
20 15 188 185 181
21 15 189 189 186
22 15 191 191 188
23 15 193 193 190
24 15 194 195 192
25 15 195 195 193
26 15 192 192 190
27 15 178 179 177
28 15 142 144 141
29 15 88 89 87
30 15 62 63 62
31 15 73 74 73
32 15 125 128 127
33 15 130 134 133
34 15 60 62 61
35 15 47 48 47
36 15 90 90 88
37 15 136 136 133
38 15 160 160 156
39 15 166 166 162
40 15 175 175 172
41 15 185 185 183
42 15 178 177 176
19 16 187 182 174
20 16 189 186 181
21 16 191 191 188
22 16 193 193 191
23 16 194 194 192
24 16 192 192 190
25 16 183 183 181
26 16 168 169 166
27 16 144 145 143
28 16 68 69 67
29 16 9 10 9
30 16 2 2 2
31 16 8 9 8
32 16 85 88 87
33 16 148 151 150
34 16 139 141 139
35 16 138 138 136
36 16 143 143 140
37 16 155 155 152
38 16 161 161 157
39 16 164 163 159
40 16 165 164 160
41 16 175 175 172
42 16 185 185 183
43 16 153 151 147
19 17 188 181 172
20 17 189 186 180
21 17 191 190 186
22 17 189 189 186
23 17 183 184 181
24 17 165 166 163
25 17 145 146 144
26 17 143 145 142
27 17 136 138 137
28 17 69 72 71
29 17 5 6 6
30 17 1 1 1
31 17 20 21 20
32 17 102 103 100
33 17 152 152 150
34 17 158 159 156
35 17 158 158 155
36 17 157 157 154
37 17 159 158 154
38 17 160 160 155
39 17 160 159 154
40 17 159 157 152
41 17 161 160 154
42 17 176 176 172
43 17 178 177 173
19 18 182 174 163
20 18 184 179 171
21 18 184 183 178
22 18 171 171 168
23 18 136 137 134
24 18 78 80 77
25 18 58 59 57
26 18 66 67 66
27 18 108 112 110
28 18 111 115 114
29 18 59 61 59
30 18 56 57 55
31 18 94 95 93
32 18 138 138 135
33 18 157 157 153
34 18 158 157 154
35 18 157 157 153
36 18 158 158 154
37 18 156 156 152
38 18 157 156 151
39 18 154 152 147
40 18 153 151 146
41 18 154 152 146
42 18 166 164 159
43 18 179 178 173
44 18 169 168 166
19 19 166 156 142
20 19 175 168 157
21 19 160 158 152
22 19 139 139 135
23 19 62 62 60
24 19 7 7 7
25 19 1 1 0
26 19 9 9 9
27 19 79 81 79
28 19 139 142 139
29 19 137 138 135
30 19 136 137 134
31 19 144 144 141
32 19 154 154 150
33 19 156 156 153
34 19 156 155 152
35 19 156 156 152
36 19 154 154 150
37 19 154 154 149
38 19 150 149 144
39 19 139 137 132
40 19 129 127 121
41 19 125 123 117
42 19 147 145 139
43 19 167 165 160
44 19 183 182 178
20 20 106 100 90
21 20 164 159 151
22 20 137 136 132
23 20 69 70 68
24 20 10 10 10
25 20 2 2 2
26 20 28 28 27
27 20 103 104 101
28 20 147 148 145
29 20 153 153 150
30 20 156 156 152
31 20 156 155 152
32 20 155 154 151
33 20 155 155 151
34 20 154 153 149
35 20 153 152 148
36 20 152 152 147
37 20 150 150 145
38 20 132 132 127
39 20 90 90 85
40 20 52 51 48
41 20 40 38 35
42 20 115 113 107
43 20 150 148 143
44 20 167 165 161
45 20 176 174 169
21 21 156 149 139
22 21 149 145 138
23 21 114 114 110
24 21 70 70 68
25 21 66 66 64
26 21 98 99 96
27 21 135 135 133
28 21 152 152 149
29 21 155 154 151
30 21 155 155 152
31 21 155 154 151
32 21 153 153 150
33 21 152 152 148
34 21 150 150 145
35 21 147 147 143
36 21 146 146 142
37 21 140 140 136
38 21 90 90 87
39 21 21 21 20
40 21 1 1 1
41 21 6 6 5
42 21 75 73 69
43 21 135 133 127
44 21 152 149 143
45 21 167 164 158
22 22 149 143 134
23 22 150 147 141
24 22 140 139 136
25 22 140 140 137
26 22 143 143 140
27 22 150 150 147
28 22 152 152 149
29 22 154 153 150
30 22 153 153 149
31 22 152 152 148
32 22 151 150 147
33 22 145 145 141
34 22 132 132 128
35 22 121 120 117
36 22 107 107 104
37 22 125 126 122
38 22 99 99 96
39 22 23 23 22
40 22 8 8 8
41 22 29 28 26
42 22 96 93 88
43 22 131 128 121
44 22 139 134 127
45 22 141 134 126
46 22 154 145 137
23 23 158 152 145
24 23 152 149 144
25 23 152 151 148
26 23 153 152 149
27 23 151 150 148
28 23 152 152 149
29 23 153 152 149
30 23 151 151 147
31 23 150 150 146
32 23 147 147 143
33 23 128 128 124
34 23 78 78 75
35 23 39 39 37
36 23 25 25 24
37 23 78 78 75
38 23 122 122 119
39 23 90 90 86
40 23 78 77 73
41 23 105 102 97
42 23 127 123 117
43 23 132 127 120
44 23 116 109 102
45 23 98 90 82
46 23 138 124 115
23 24 129 121 111
24 24 160 154 147
25 24 150 148 143
26 24 150 150 146
27 24 151 150 147
28 24 151 150 147
29 24 149 149 145
30 24 147 147 143
31 24 145 144 141
32 24 142 142 138
33 24 99 99 96
34 24 19 20 19
35 24 1 1 1
36 24 3 3 3
37 24 60 60 57
38 24 125 123 119
39 24 130 128 123
40 24 130 127 122
41 24 128 124 118
42 24 119 113 107
43 24 103 97 90
44 24 47 43 39
24 25 89 83 76
25 25 159 154 147
26 25 150 148 144
27 25 149 148 145
28 25 145 145 142
29 25 127 127 124
30 25 112 113 109
31 25 108 107 104
32 25 116 116 112
33 25 115 115 113
34 25 54 54 52
35 25 20 20 19
36 25 40 40 37
37 25 98 97 93
38 25 130 128 122
39 25 134 131 125
40 25 125 121 115
41 25 102 98 92
42 25 48 45 41
25 26 143 135 126
26 26 155 150 144
27 26 146 144 140
28 26 127 127 123
29 26 68 68 66
30 26 28 28 27
31 26 28 27 26
32 26 56 56 53
33 26 120 121 118
34 26 116 116 113
35 26 97 96 93
36 26 114 112 107
37 26 128 125 120
38 26 128 124 119
39 26 112 107 102
40 26 50 47 44
26 27 145 139 130
27 27 143 139 134
28 27 103 101 98
29 27 22 22 21
30 27 1 1 1
31 27 1 1 1
32 27 61 61 59
33 27 126 125 122
34 27 137 135 132
35 27 132 130 125
36 27 131 128 122
37 27 116 112 106
38 27 107 102 97
27 28 142 134 126
28 28 100 94 88
29 28 55 54 51
30 28 29 28 27
31 28 55 54 51
32 28 104 103 100
33 28 132 130 126
34 28 133 130 125
35 28 113 110 104
36 28 106 103 97
37 28 49 47 43
28 29 138 128 119
29 29 122 117 112
30 29 114 111 106
31 29 122 119 115
32 29 126 124 118
33 29 123 119 114
34 29 109 105 99
35 29 51 49 45
28 30 70 61 54
29 30 144 133 124
30 30 130 123 116
31 30 124 118 112
32 30 112 107 102
33 30 53 50 47
29 31 133 116 104
30 31 115 103 93
31 31 102 94 87
