30 0 184 187 185
31 0 188 191 190
29 1 179 181 180
30 1 192 194 193
31 1 195 196 194
32 1 193 194 192
33 1 190 191 189
28 2 51 50 48
29 2 178 181 178
30 2 199 197 195
31 2 203 193 191
32 2 202 192 190
33 2 195 192 190
34 2 192 192 190
35 2 188 189 186
28 3 153 155 152
29 3 193 194 192
30 3 200 196 194
31 3 207 185 183
32 3 208 175 173
33 3 204 183 182
34 3 199 191 189
35 3 194 192 189
36 3 189 189 188
27 4 38 37 37
28 4 179 180 178
29 4 200 198 196
30 4 204 189 187
31 4 206 179 177
32 4 208 175 174
33 4 210 162 162
34 4 207 171 170
35 4 204 184 182
36 4 198 188 187
37 4 193 190 188
38 4 186 185 183
26 5 123 122 121
27 5 149 151 149
28 5 194 194 192
29 5 203 194 192
30 5 206 172 171
31 5 208 162 163
32 5 207 167 168
33 5 208 153 155
34 5 210 148 149
35 5 210 146 145
36 5 207 166 164
37 5 200 184 182
38 5 192 190 187
39 5 188 190 187
40 5 183 185 182
26 6 99 100 98
27 6 176 177 175
28 6 200 198 196
29 6 203 188 186
30 6 207 161 161
31 6 207 169 170
32 6 206 170 171
33 6 207 160 162
34 6 206 163 163
35 6 205 170 169
36 6 203 178 176
37 6 200 186 184
38 6 193 192 189
39 6 191 193 190
40 6 188 191 188
41 6 186 188 185
25 7 100 98 97
26 7 147 148 146
27 7 196 194 193
28 7 201 191 189
29 7 204 172 171
30 7 206 148 148
31 7 207 155 155
32 7 205 170 171
33 7 203 176 176
34 7 199 186 185
35 7 196 191 189
36 7 194 193 191
37 7 193 193 191
38 7 192 193 190
39 7 190 193 190
40 7 190 192 189
41 7 189 191 189
42 7 187 189 186
43 7 182 184 181
25 8 99 99 97
26 8 179 179 177
27 8 199 195 193
28 8 201 177 175
29 8 203 160 160
30 8 204 167 167
31 8 203 154 154
32 8 202 178 178
33 8 198 190 188
34 8 193 192 190
35 8 189 191 188
36 8 188 191 188
37 8 191 193 190
38 8 191 193 190
39 8 191 193 190
40 8 191 193 190
41 8 191 193 190
42 8 189 191 188
43 8 188 189 186
44 8 184 185 181
45 8 175 171 164
24 9 31 31 30
25 9 144 144 141
26 9 194 192 190
27 9 199 187 185
28 9 200 160 158
29 9 201 147 147
30 9 201 174 174
31 9 200 177 176
32 9 199 187 186
33 9 193 191 190
34 9 179 181 179
35 9 162 165 162
36 9 161 164 161
37 9 177 180 177
38 9 189 191 188
39 9 191 193 190
40 9 191 193 190
41 9 191 193 190
42 9 190 191 188
43 9 189 191 188
44 9 187 187 183
45 9 177 173 166
46 9 156 148 137
23 10 36 35 34
24 10 95 94 91
25 10 178 177 174
26 10 197 191 188
27 10 197 170 168
28 10 198 123 121
29 10 199 107 106
30 10 200 139 139
31 10 200 168 168
32 10 196 186 184
33 10 189 189 187
34 10 159 161 159
35 10 84 87 85
36 10 57 59 57
37 10 121 124 121
38 10 176 179 176
39 10 190 192 190
40 10 192 193 190
41 10 191 193 190
42 10 190 192 188
43 10 189 191 188
44 10 188 187 183
45 10 179 174 166
46 10 167 159 148
23 11 49 48 47
24 11 143 142 138
25 11 192 190 186
26 11 196 179 175
27 11 196 148 146
28 11 196 113 112
29 11 197 102 101
30 11 197 114 114
31 11 200 164 164
32 11 195 188 187
33 11 191 192 189
34 11 166 168 165
35 11 70 72 70
36 11 4 5 4
37 11 48 51 49
38 11 153 156 153
39 11 187 189 187
40 11 192 193 191
41 11 191 193 189
42 11 190 192 189
43 11 190 191 187
44 11 187 186 181
45 11 182 177 169
46 11 173 164 152
22 12 37 37 35
23 12 87 83 79
24 12 177 174 169
25 12 192 190 185
26 12 193 179 175
27 12 195 154 150
28 12 196 137 136
29 12 196 113 113
30 12 195 103 102
31 12 198 141 140
32 12 196 185 183
33 12 192 192 190
34 12 183 184 182
35 12 137 139 136
36 12 68 70 69
37 12 68 71 69
38 12 153 156 153
39 12 189 192 189
40 12 191 193 190
41 12 192 193 190
42 12 191 192 189
43 12 189 190 186
44 12 186 185 179
45 12 180 175 166
22 13 37 36 35
23 13 83 78 74
24 13 160 153 145
25 13 182 179 173
26 13 189 185 180
27 13 193 180 175
28 13 195 160 156
29 13 196 129 126
30 13 195 132 131
31 13 196 133 132
32 13 196 175 173
33 13 192 191 189
34 13 190 192 189
35 13 181 182 180
36 13 163 165 163
37 13 162 165 163
38 13 180 182 180
39 13 191 193 190
40 13 191 193 190
41 13 191 193 189
42 13 191 192 189
43 13 189 189 185
44 13 185 182 176
45 13 181 175 165
21 14 39 39 38
22 14 53 51 49
23 14 77 74 70
24 14 68 63 58
25 14 132 126 118
26 14 168 164 157
27 14 185 182 178
28 14 191 184 180
29 14 194 173 170
30 14 195 157 154
31 14 195 138 137
32 14 195 156 154
33 14 194 188 186
34 14 192 193 190
35 14 192 193 190
36 14 190 191 189
37 14 190 192 189
38 14 191 193 190
39 14 191 193 190
40 14 192 193 190
41 14 191 192 189
42 14 190 192 188
43 14 188 187 183
44 14 185 181 173
45 14 182 174 164
21 15 49 48 47
22 15 70 68 65
23 15 58 56 53
24 15 40 38 35
25 15 34 33 30
26 15 77 74 69
27 15 144 140 134
28 15 177 175 170
29 15 188 185 181
30 15 191 183 180
31 15 194 172 169
32 15 195 158 154
33 15 195 181 178
34 15 192 191 189
35 15 192 193 191
36 15 192 194 190
37 15 191 193 190
38 15 192 193 190
39 15 191 193 190
40 15 192 193 190
41 15 191 192 189
42 15 191 191 188
43 15 188 186 181
44 15 185 179 170
20 16 45 44 42
21 16 60 59 56
22 16 82 80 76
23 16 53 51 48
24 16 19 19 17
25 16 8 7 7
26 16 12 12 11
27 16 29 28 26
28 16 100 96 90
29 16 159 156 150
30 16 183 181 176
31 16 189 186 183
32 16 193 182 179
33 16 194 183 180
34 16 192 191 188
35 16 193 193 190
36 16 192 193 190
37 16 192 193 190
38 16 192 194 190
39 16 192 193 189
40 16 192 193 189
41 16 191 192 188
42 16 190 190 186
43 16 187 183 177
44 16 184 176 166
20 17 50 49 47
21 17 78 78 75
22 17 66 65 62
23 17 49 48 46
24 17 25 25 23
25 17 5 5 5
26 17 1 1 1
27 17 10 10 9
28 17 37 36 34
29 17 59 57 54
30 17 126 122 115
31 17 168 166 160
32 17 186 184 180
33 17 190 189 185
34 17 192 191 188
35 17 192 193 190
36 17 192 193 190
37 17 192 193 190
38 17 192 193 190
39 17 192 193 189
40 17 192 193 189
41 17 191 191 188
42 17 189 187 182
43 17 187 181 173
44 17 184 175 165
19 18 49 49 47
20 18 74 73 70
21 18 74 74 71
22 18 61 60 57
23 18 56 55 53
24 18 46 46 44
25 18 29 29 28
26 18 18 18 17
27 18 21 21 20
28 18 41 41 40
29 18 54 53 51
30 18 56 55 51
31 18 81 78 73
32 18 140 137 131
33 18 176 174 169
34 18 189 188 184
35 18 191 191 188
36 18 192 193 189
37 18 192 193 189
38 18 192 193 189
39 18 192 192 189
40 18 192 192 189
41 18 191 191 186
42 18 189 186 180
43 18 186 178 168
18 19 45 44 42
19 19 58 59 57
20 19 83 83 80
21 19 69 69 66
22 19 59 59 57
23 19 59 59 56
24 19 58 57 55
25 19 53 52 50
26 19 48 48 46
27 19 49 49 47
28 19 53 53 51
29 19 57 56 54
30 19 57 56 53
31 19 57 56 53
32 19 57 56 52
33 19 101 98 93
34 19 157 154 148
35 19 182 180 176
36 19 189 188 184
37 19 190 191 187
38 19 192 192 189
39 19 191 192 188
40 19 191 191 187
41 19 190 189 185
42 19 187 182 175
43 19 185 175 165
18 20 58 58 57
19 20 77 77 75
20 20 68 69 66
21 20 54 54 52
22 20 54 54 52
23 20 57 57 55
24 20 60 60 58
25 20 59 58 56
26 20 58 58 56
27 20 59 58 56
28 20 59 58 56
29 20 58 58 56
30 20 59 58 56
31 20 58 58 55
32 20 57 56 53
33 20 58 57 54
34 20 57 55 52
35 20 114 110 105
36 20 166 164 159
37 20 184 183 179
38 20 190 189 185
39 20 191 191 187
40 20 190 190 186
41 20 189 186 180
42 20 185 178 169
43 20 184 174 163
17 21 57 59 57
18 21 63 65 63
19 21 70 72 70
20 21 46 46 44
21 21 21 21 20
22 21 23 24 23
23 21 40 40 39
24 21 56 56 54
25 21 60 60 58
26 21 60 60 58
27 21 60 59 57
28 21 60 59 57
29 21 60 59 57
30 21 59 59 56
31 21 59 59 56
32 21 58 58 55
33 21 54 53 50
34 21 42 41 39
35 21 37 36 34
36 21 57 56 53
37 21 138 135 130
38 21 172 169 164
39 21 185 184 178
40 21 188 186 181
41 21 187 181 174
42 21 183 172 162
17 22 57 58 57
18 22 61 62 61
19 22 67 68 66
20 22 45 46 44
21 22 14 15 14
22 22 2 2 2
23 22 15 15 15
24 22 45 46 45
25 22 60 60 58
26 22 61 61 59
27 22 61 61 59
28 22 61 60 58
29 22 61 60 58
30 22 60 60 57
31 22 60 59 57
32 22 59 59 57
33 22 50 49 47
34 22 25 24 23
35 22 9 8 8
36 22 9 8 8
37 22 24 24 23
38 22 79 76 72
39 22 146 141 135
40 22 177 171 163
41 22 180 169 159
42 22 177 162 150
18 23 58 59 57
19 23 61 62 60
20 23 57 58 57
21 23 43 44 43
22 23 27 28 27
23 23 26 27 27
24 23 46 48 47
25 23 59 60 59
26 23 62 62 60
27 23 61 61 59
28 23 61 61 59
29 23 61 61 59
30 23 61 61 59
31 23 61 60 58
32 23 60 60 58
33 23 55 54 52
34 23 36 35 34
35 23 13 12 12
36 23 3 3 3
37 23 7 7 7
38 23 33 33 32
39 23 56 54 52
40 23 121 112 103
41 23 157 142 130
42 23 166 148 135
20 24 61 62 61
21 24 58 60 58
22 24 56 57 55
23 24 56 58 56
24 24 59 60 59
25 24 62 62 60
26 24 62 62 60
27 24 62 62 60
28 24 62 62 60
29 24 61 61 59
30 24 61 61 59
31 24 62 61 59
32 24 62 62 59
33 24 60 60 58
34 24 55 55 53
35 24 43 43 41
36 24 32 32 31
37 24 30 30 29
38 24 51 50 48
39 24 103 98 93
40 24 97 88 81
41 24 58 50 45
22 25 61 62 61
23 25 62 63 62
24 25 63 64 62
25 25 64 64 62
26 25 64 64 62
27 25 63 63 61
28 25 62 62 60
29 25 58 58 56
30 25 56 56 54
31 25 57 57 55
32 25 61 61 59
33 25 62 62 60
34 25 62 62 60
35 25 60 60 58
36 25 59 59 57
37 25 67 66 63
38 25 99 95 90
39 25 87 81 76
40 25 59 54 50
24 26 64 64 62
25 26 63 64 62
26 26 64 64 62
27 26 63 64 62
28 26 60 60 58
29 26 41 41 40
30 26 25 26 25
31 26 29 29 28
32 26 45 45 43
33 26 58 58 56
34 26 63 63 61
35 26 63 63 60
36 26 80 78 75
37 26 117 112 107
38 26 61 57 53
39 26 61 56 51
26 27 64 64 62
27 27 64 65 63
28 27 62 62 60
29 27 43 43 42
30 27 12 12 12
31 27 3 3 3
32 27 16 16 16
33 27 45 45 44
34 27 62 62 60
35 27 86 84 81
36 27 116 111 106
37 27 62 58 54
27 28 62 62 61
28 28 62 63 61
29 28 56 57 55
30 28 43 43 42
31 28 26 26 26
32 28 25 26 25
33 28 41 42 41
34 28 86 85 82
35 28 117 112 107
36 28 62 58 54
29 29 61 62 60
30 29 61 61 60
31 29 57 57 56
32 29 57 57 55
33 29 85 83 78
34 29 106 103 97
35 29 61 59 55
31 30 61 61 59
32 30 71 69 65
33 30 104 99 92
34 30 62 60 56
33 31 52 48 43
