32 0 185 181 173
33 0 180 172 160
30 1 188 188 186
31 1 192 192 188
32 1 192 191 186
33 1 191 186 178
34 1 186 179 169
28 2 183 184 181
29 2 189 190 187
30 2 192 192 190
31 2 189 190 188
32 2 188 188 185
33 2 193 192 187
34 2 192 187 180
35 2 192 183 175
27 3 187 188 185
28 3 189 190 188
29 3 188 189 187
30 3 175 176 174
31 3 143 144 142
32 3 134 136 133
33 3 180 181 178
34 3 195 193 189
35 3 196 189 183
36 3 195 180 170
25 4 186 187 185
26 4 188 189 187
27 4 190 191 188
28 4 190 191 189
29 4 168 169 167
30 4 99 100 98
31 4 26 27 26
32 4 32 33 32
33 4 146 147 145
34 4 192 192 189
35 4 198 194 189
36 4 197 188 181
23 5 182 182 180
24 5 187 187 185
25 5 189 190 187
26 5 191 192 189
27 5 191 192 189
28 5 190 191 189
29 5 166 167 165
30 5 66 67 65
31 5 25 25 25
32 5 92 93 91
33 5 162 163 160
34 5 193 193 191
35 5 198 197 194
36 5 198 193 187
37 5 197 186 178
22 6 183 184 181
23 6 186 187 184
24 6 189 190 187
25 6 191 191 189
26 6 191 191 189
27 6 191 191 189
28 6 191 191 189
29 6 183 184 182
30 6 145 146 143
31 6 142 143 140
32 6 174 175 173
33 6 191 192 189
34 6 196 196 194
35 6 198 198 195
36 6 199 196 192
37 6 198 191 185
38 6 197 185 177
20 7 179 181 179
21 7 182 184 182
22 7 183 184 182
23 7 185 186 184
24 7 188 189 186
25 7 189 190 187
26 7 190 190 188
27 7 191 191 189
28 7 191 191 189
29 7 190 191 188
30 7 187 188 185
31 7 188 189 186
32 7 193 193 191
33 7 196 196 193
34 7 197 197 194
35 7 199 198 196
36 7 199 198 195
37 7 200 196 192
38 7 199 190 184
18 8 177 179 178
19 8 182 183 181
20 8 181 183 181
21 8 171 173 171
22 8 149 151 149
23 8 155 157 155
24 8 175 177 174
25 8 188 189 186
26 8 189 189 187
27 8 189 190 187
28 8 187 187 185
29 8 186 187 185
30 8 190 191 188
31 8 192 193 190
32 8 194 194 192
33 8 196 196 194
34 8 197 197 194
35 8 198 197 195
36 8 199 198 196
37 8 200 198 195
38 8 199 194 189
39 8 199 188 181
17 9 169 172 170
18 9 181 183 182
19 9 184 185 184
20 9 164 166 164
21 9 98 100 98
22 9 39 41 40
23 9 64 66 65
24 9 149 150 148
25 9 185 186 183
26 9 187 188 185
27 9 177 178 176
28 9 148 149 146
29 9 139 141 139
30 9 159 161 159
31 9 187 188 187
32 9 194 195 192
33 9 195 196 193
34 9 195 195 193
35 9 192 192 190
36 9 189 189 187
37 9 193 192 190
38 9 198 195 192
39 9 199 191 186
40 9 198 186 178
17 10 177 181 181
18 10 183 186 185
19 10 181 183 181
20 10 140 142 139
21 10 41 41 40
22 10 9 10 9
23 10 79 81 80
24 10 160 161 159
25 10 185 185 183
26 10 178 178 176
27 10 129 130 127
28 10 47 47 46
29 10 23 24 24
30 10 80 82 81
31 10 172 174 172
32 10 193 194 191
33 10 193 194 191
34 10 181 181 179
35 10 146 146 143
36 10 126 127 125
37 10 150 150 149
38 10 181 179 177
39 10 196 191 187
40 10 199 190 184
18 11 185 188 187
19 11 182 183 182
20 11 144 145 143
21 11 97 98 95
22 11 98 99 97
23 11 145 147 146
24 11 178 179 177
25 11 185 186 183
26 11 175 175 172
27 11 107 108 105
28 11 7 7 6
29 11 23 23 22
30 11 102 104 101
31 11 174 175 172
32 11 192 192 190
33 11 189 189 187
34 11 148 148 145
35 11 48 48 47
36 11 17 18 18
37 11 60 60 59
38 11 160 159 157
39 11 195 192 190
40 11 199 193 187
41 11 196 185 177
18 12 185 188 187
19 12 186 188 186
20 12 180 181 178
21 12 171 171 168
22 12 170 170 167
23 12 177 177 175
24 12 184 184 182
25 12 185 185 183
26 12 175 175 173
27 12 139 140 137
28 12 88 88 85
29 12 108 107 103
30 12 158 158 155
31 12 187 187 184
32 12 192 192 190
33 12 183 183 180
34 12 118 118 115
35 12 17 17 16
36 12 12 12 12
37 12 70 71 70
38 12 165 165 163
39 12 197 195 192
40 12 199 194 189
41 12 196 186 178
42 12 185 168 157
19 13 187 189 188
20 13 187 188 185
21 13 184 184 180
22 13 183 183 179
23 13 183 183 180
24 13 185 185 182
25 13 184 184 181
26 13 182 182 179
27 13 178 178 176
28 13 171 171 168
29 13 173 172 169
30 13 183 183 180
31 13 191 190 187
32 13 192 191 189
33 13 189 188 186
34 13 156 156 153
35 13 98 98 95
36 13 101 101 98
37 13 138 138 135
38 13 184 184 181
39 13 198 196 193
40 13 195 190 186
41 13 184 174 166
42 13 179 168 158
19 14 186 188 187
20 14 188 189 187
21 14 187 187 184
22 14 184 183 180
23 14 184 183 180
24 14 184 184 181
25 14 184 184 181
26 14 182 183 180
27 14 183 184 181
28 14 185 186 183
29 14 187 187 184
30 14 188 188 185
31 14 191 190 188
32 14 192 192 189
33 14 193 192 189
34 14 187 187 183
35 14 180 179 176
36 14 178 178 174
37 14 186 185 181
38 14 194 192 188
39 14 188 184 180
40 14 162 156 150
41 14 142 135 129
42 14 170 164 156
43 14 180 174 166
20 15 188 189 187
21 15 188 188 185
22 15 185 184 181
23 15 183 183 180
24 15 182 181 179
25 15 175 175 172
26 15 168 169 166
27 15 167 168 165
28 15 179 179 177
29 15 187 187 184
30 15 188 188 185
31 15 190 189 186
32 15 192 190 187
33 15 193 192 188
34 15 193 192 188
35 15 194 193 190
36 15 194 192 189
37 15 189 186 182
38 15 172 168 164
39 15 121 117 111
40 15 94 90 86
41 15 110 107 102
42 15 155 150 144
43 15 182 177 170
20 16 187 188 187
21 16 188 188 186
22 16 187 187 184
23 16 183 183 180
24 16 174 174 171
25 16 138 138 135
26 16 101 101 99
27 16 86 87 85
28 16 151 152 149
29 16 184 183 181
30 16 188 187 184
31 16 190 189 185
32 16 192 190 186
33 16 193 191 187
34 16 193 191 187
35 16 193 191 187
36 16 182 180 175
37 16 144 141 136
38 16 76 73 69
39 16 28 26 24
40 16 34 33 31
41 16 95 93 88
42 16 143 139 133
43 16 175 170 163
21 17 186 187 185
22 17 186 186 184
23 17 181 181 178
24 17 151 151 148
25 17 67 67 64
26 17 16 16 15
27 17 15 16 15
28 17 120 120 116
29 17 179 178 175
30 17 189 187 183
31 17 189 188 183
32 17 190 188 184
33 17 192 190 186
34 17 186 184 180
35 17 162 160 156
36 17 122 119 115
37 17 58 57 54
38 17 10 10 9
39 17 16 16 15
40 17 64 64 61
41 17 106 104 99
42 17 129 126 120
43 17 163 158 152
44 17 178 173 166
21 18 185 185 184
22 18 185 185 182
23 18 179 179 175
24 18 144 143 140
25 18 45 44 42
26 18 7 7 7
27 18 46 46 44
28 18 144 143 140
29 18 182 181 177
30 18 187 185 181
31 18 189 187 183
32 18 186 184 181
33 18 172 170 166
34 18 140 139 135
35 18 125 124 121
36 18 104 103 100
37 18 58 57 55
38 18 49 49 48
39 18 80 79 77
40 18 104 104 100
41 18 111 110 104
42 18 115 113 107
43 18 145 141 134
44 18 177 173 166
21 19 181 181 178
22 19 183 182 178
23 19 181 180 175
24 19 165 163 159
25 19 118 116 112
26 19 91 89 85
27 19 129 127 122
28 19 171 168 164
29 19 185 184 179
30 19 186 185 181
31 19 180 179 176
32 19 151 150 146
33 19 127 127 123
34 19 122 122 118
35 19 121 121 118
36 19 114 114 111
37 19 102 101 98
38 19 104 104 101
39 19 111 110 106
40 19 112 111 107
41 19 114 112 107
42 19 113 111 106
43 19 131 128 122
44 19 166 161 155
22 20 181 179 175
23 20 182 180 176
24 20 181 179 175
25 20 169 167 162
26 20 166 164 159
27 20 176 174 169
28 20 182 181 177
29 20 179 179 176
30 20 154 154 151
31 20 127 127 124
32 20 121 121 117
33 20 122 121 118
34 20 121 121 118
35 20 119 119 116
36 20 117 117 114
37 20 115 114 111
38 20 116 116 112
39 20 115 114 110
40 20 111 111 106
41 20 103 102 98
42 20 95 94 90
43 20 107 105 101
44 20 147 143 137
45 20 169 164 158
22 21 176 174 171
23 21 180 178 175
24 21 183 181 177
25 21 181 179 174
26 21 182 181 176
27 21 178 178 174
28 21 157 158 155
29 21 104 104 102
30 21 84 84 82
31 21 95 96 94
32 21 118 118 116
33 21 120 120 117
34 21 118 118 115
35 21 117 116 113
36 21 116 115 112
37 21 116 116 112
38 21 113 113 109
39 21 110 110 106
40 21 93 92 88
41 21 61 60 56
42 21 45 44 42
43 21 80 79 76
44 21 129 124 118
45 21 161 152 145
23 22 177 174 171
24 22 181 179 175
25 22 179 178 174
26 22 169 169 166
27 22 127 128 125
28 22 67 68 66
29 22 24 24 23
30 22 27 27 27
31 22 85 87 85
32 22 114 114 112
33 22 119 119 116
34 22 118 118 115
35 22 116 115 112
36 22 115 114 111
37 22 114 113 110
38 22 112 111 108
39 22 95 94 91
40 22 46 45 43
41 22 13 13 12
42 22 39 38 37
43 22 89 86 83
44 22 109 101 95
45 22 142 129 119
23 23 180 182 179
24 23 172 172 170
25 23 148 150 147
26 23 123 125 122
27 23 61 62 60
28 23 15 16 16
29 23 30 31 31
30 23 70 71 71
31 23 106 107 105
32 23 117 118 115
33 23 116 116 113
34 23 115 115 112
35 23 116 115 112
36 23 114 113 110
37 23 115 114 111
38 23 109 108 105
39 23 79 78 75
40 23 46 46 44
41 23 60 58 56
42 23 77 73 68
43 23 84 80 75
44 23 99 88 81
24 24 62 63 61
25 24 130 131 129
26 24 112 114 111
27 24 82 84 82
28 24 77 80 78
29 24 92 95 93
30 24 109 110 108
31 24 115 116 113
32 24 115 116 113
33 24 116 116 113
34 24 114 114 111
35 24 112 112 109
36 24 114 113 110
37 24 113 113 110
38 24 111 110 107
39 24 101 99 96
40 24 94 91 87
41 24 81 77 73
42 24 84 78 73
25 25 133 134 132
26 25 126 128 126
27 25 115 117 114
28 25 112 114 111
29 25 117 118 115
30 25 114 115 112
31 25 114 114 112
32 25 111 111 109
33 25 104 104 101
34 25 105 105 102
35 25 115 115 112
36 25 114 114 111
37 25 110 109 106
38 25 107 105 101
39 25 96 93 88
40 25 100 95 89
41 25 58 54 50
26 26 121 123 120
27 26 121 122 120
28 26 120 120 117
29 26 116 116 114
30 26 113 114 111
31 26 97 97 95
32 26 65 65 63
33 26 54 55 53
34 26 80 80 78
35 26 108 108 105
36 26 109 107 103
37 26 108 105 100
38 26 103 99 94
39 26 62 59 55
27 27 131 132 130
28 27 122 122 119
29 27 115 115 113
30 27 97 97 95
31 27 43 43 41
32 27 13 13 13
33 27 37 39 38
34 27 91 91 89
35 27 106 104 100
36 27 100 97 93
37 27 109 102 96
28 28 129 129 127
29 28 115 115 113
30 28 82 82 80
31 28 48 48 47
32 28 61 61 59
33 28 82 81 78
34 28 86 85 81
35 28 93 90 85
36 28 61 56 52
28 29 65 66 64
29 29 129 129 127
30 29 103 102 100
31 29 100 99 96
32 29 87 85 81
33 29 95 91 86
34 29 57 55 51
29 30 63 62 59
30 30 115 111 106
31 30 98 95 89
32 30 61 58 55
30 31 153 146 137
