29 0 183 186 184
30 0 189 192 191
31 0 191 194 192
28 1 186 189 187
29 1 192 195 193
30 1 194 196 194
31 1 195 196 194
32 1 194 196 194
33 1 193 195 193
28 2 191 194 192
29 2 196 196 194
30 2 202 193 190
31 2 203 191 189
32 2 198 195 193
33 2 194 195 193
34 2 193 195 193
27 3 192 194 192
28 3 196 197 195
29 3 199 195 193
30 3 205 184 182
31 3 210 167 165
32 3 206 179 177
33 3 201 189 188
34 3 197 194 192
35 3 195 195 193
36 3 194 195 194
26 4 191 193 191
27 4 195 196 194
28 4 199 195 193
29 4 204 185 183
30 4 204 181 180
31 4 206 176 176
32 4 210 154 154
33 4 210 162 161
34 4 206 177 176
35 4 203 188 186
36 4 198 193 192
37 4 196 195 193
38 4 192 193 191
25 5 190 192 190
26 5 195 196 194
27 5 198 195 194
28 5 203 187 185
29 5 207 164 163
30 5 207 161 162
31 5 207 163 164
32 5 208 156 158
33 5 210 148 149
34 5 210 136 135
35 5 209 150 148
36 5 206 176 174
37 5 200 191 189
38 5 194 195 193
39 5 193 196 193
40 5 192 194 191
25 6 194 196 194
26 6 197 196 194
27 6 200 192 190
28 6 204 172 171
29 6 207 157 158
30 6 206 173 174
31 6 206 166 168
32 6 206 157 159
33 6 206 166 167
34 6 205 174 172
35 6 204 181 180
36 6 202 187 185
37 6 198 193 190
38 6 194 195 193
39 6 195 197 194
40 6 195 197 194
41 6 193 195 192
42 6 191 193 190
24 7 193 194 192
25 7 196 195 194
26 7 199 191 189
27 7 202 178 176
28 7 204 153 153
29 7 205 146 146
30 7 206 166 167
31 7 204 173 174
32 7 201 182 182
33 7 198 189 188
34 7 195 192 190
35 7 194 195 192
36 7 194 195 193
37 7 194 196 193
38 7 194 196 193
39 7 194 196 193
40 7 194 196 193
41 7 195 197 194
42 7 194 196 193
43 7 194 196 193
23 8 190 191 189
24 8 195 195 193
25 8 197 192 190
26 8 199 175 172
27 8 202 161 160
28 8 201 165 165
29 8 202 150 149
30 8 203 170 170
31 8 198 186 186
32 8 194 190 188
33 8 191 192 190
34 8 189 191 188
35 8 190 193 190
36 8 193 195 192
37 8 193 196 193
38 8 193 196 193
39 8 194 196 193
40 8 195 196 194
41 8 195 197 194
42 8 195 196 193
43 8 194 196 193
44 8 193 194 191
45 8 190 187 181
22 9 190 190 188
23 9 193 193 191
24 9 196 192 190
25 9 197 182 179
26 9 199 154 152
27 9 201 149 148
28 9 199 173 173
29 9 199 175 175
30 9 198 183 182
31 9 194 191 189
32 9 184 185 183
33 9 169 171 169
34 9 152 155 153
35 9 162 165 162
36 9 184 186 183
37 9 193 195 192
38 9 194 196 193
39 9 194 196 193
40 9 195 196 193
41 9 195 197 194
42 9 194 196 193
43 9 195 196 193
44 9 194 194 190
45 9 187 183 175
46 9 171 163 152
22 10 192 192 189
23 10 193 191 188
24 10 195 182 180
25 10 196 153 150
26 10 196 112 110
27 10 198 110 109
28 10 200 146 146
29 10 198 168 168
30 10 195 185 183
31 10 190 190 188
32 10 169 171 168
33 10 108 110 108
34 10 51 53 51
35 10 65 67 66
36 10 142 146 143
37 10 185 188 185
38 10 194 196 193
39 10 194 196 193
40 10 195 196 193
41 10 194 196 193
42 10 194 196 193
43 10 194 195 192
44 10 193 192 187
45 10 186 181 172
46 10 173 166 155
21 11 189 188 184
22 11 191 190 186
23 11 193 183 179
24 11 193 160 157
25 11 194 126 125
26 11 195 100 99
27 11 195 99 99
28 11 197 124 124
29 11 198 171 171
30 11 193 188 186
31 11 191 191 189
32 11 170 172 169
33 11 86 89 86
34 11 9 9 9
35 11 11 12 12
36 11 92 96 94
37 11 175 178 175
38 11 193 196 193
39 11 194 195 193
40 11 194 196 193
41 11 194 196 192
42 11 194 196 192
43 11 194 194 191
44 11 191 188 182
45 11 187 181 173
20 12 180 175 169
21 12 186 183 178
22 12 189 187 183
23 12 191 180 175
24 12 193 156 151
25 12 195 138 137
26 12 194 119 120
27 12 193 104 103
28 12 194 104 103
29 12 198 162 161
30 12 194 189 187
31 12 191 192 190
32 12 182 183 181
33 12 138 140 137
34 12 75 77 76
35 12 64 67 65
36 12 122 125 122
37 12 183 185 183
38 12 193 195 192
39 12 195 196 193
40 12 194 196 192
41 12 195 196 193
42 12 194 195 192
43 12 192 191 186
44 12 189 186 178
45 12 185 179 169
20 13 114 101 91
21 13 160 153 146
22 13 182 179 173
23 13 186 182 177
24 13 190 177 173
25 13 192 159 156
26 13 194 128 125
27 13 195 129 128
28 13 194 126 125
29 13 197 151 149
30 13 193 186 184
31 13 192 192 190
32 13 190 191 188
33 13 180 182 179
34 13 163 166 163
35 13 164 166 164
36 13 176 179 176
37 13 191 193 190
38 13 193 195 192
39 13 194 196 193
40 13 194 196 192
41 13 194 195 191
42 13 193 194 190
43 13 191 188 182
44 13 188 182 173
20 14 53 50 47
21 14 71 65 60
22 14 131 125 118
23 14 170 166 160
24 14 184 181 176
25 14 188 182 178
26 14 191 171 168
27 14 194 157 154
28 14 194 141 139
29 14 194 138 136
30 14 193 178 176
31 14 192 191 189
32 14 192 193 190
33 14 192 193 191
34 14 190 192 189
35 14 191 192 190
36 14 191 193 190
37 14 193 195 191
38 14 194 195 192
39 14 193 195 191
40 14 194 195 192
41 14 193 194 190
42 14 192 191 186
43 14 189 185 177
44 14 188 183 174
19 15 55 53 50
20 15 55 53 49
21 15 50 48 45
22 15 37 35 32
23 15 83 79 74
24 15 147 143 137
25 15 176 174 169
26 15 186 183 180
27 15 190 183 180
28 15 192 172 169
29 15 194 154 151
30 15 194 172 169
31 15 192 189 187
32 15 191 192 189
33 15 192 193 190
34 15 192 193 190
35 15 193 195 191
36 15 193 195 191
37 15 193 194 191
38 15 193 195 191
39 15 193 194 191
40 15 194 195 191
41 15 193 193 189
42 15 191 188 182
43 15 188 183 174
19 16 59 58 55
20 16 57 56 52
21 16 46 45 42
22 16 17 16 15
23 16 9 9 8
24 16 24 23 22
25 16 101 97 91
26 16 161 158 153
27 16 182 180 176
28 16 188 186 182
29 16 191 181 178
30 16 193 179 176
31 16 192 189 186
32 16 192 192 189
33 16 192 193 190
34 16 192 193 190
35 16 193 194 191
36 16 193 194 191
37 16 193 194 191
38 16 193 195 191
39 16 193 194 190
40 16 193 194 190
41 16 192 190 185
42 16 190 184 177
43 16 188 180 171
19 17 62 61 59
20 17 60 59 56
21 17 52 51 49
22 17 31 31 29
23 17 7 7 7
24 17 3 3 3
25 17 25 24 23
26 17 59 57 54
27 17 136 132 126
28 17 170 167 162
29 17 185 184 180
30 17 189 188 185
31 17 190 190 187
32 17 191 192 189
33 17 192 193 190
34 17 192 193 190
35 17 193 194 191
36 17 193 194 191
37 17 193 194 191
38 17 193 194 190
39 17 193 193 190
40 17 193 192 187
41 17 190 186 179
42 17 189 181 172
19 18 63 63 61
20 18 61 61 58
21 18 59 58 56
22 18 52 51 49
23 18 34 34 33
24 18 20 20 19
25 18 27 27 27
26 18 49 48 46
27 18 55 54 51
28 18 82 79 74
29 18 143 140 134
30 18 179 177 172
31 18 188 188 184
32 18 190 190 187
33 18 192 193 189
34 18 193 193 190
35 18 193 193 190
36 18 193 194 191
37 18 193 194 190
38 18 192 193 189
39 18 192 192 188
40 18 192 189 183
41 18 189 182 173
42 18 188 178 168
18 19 63 64 63
19 19 63 63 61
20 19 61 61 59
21 19 60 60 57
22 19 59 58 56
23 19 56 56 54
24 19 51 50 49
25 19 49 49 48
26 19 55 55 52
27 19 57 56 53
28 19 57 56 53
29 19 57 56 53
30 19 106 102 97
31 19 161 158 153
32 19 183 182 177
33 19 190 190 186
34 19 191 191 188
35 19 193 193 189
36 19 192 193 189
37 19 192 192 188
38 19 192 192 188
39 19 191 190 185
40 19 189 183 175
41 19 188 178 169
18 20 63 64 63
19 20 62 63 61
20 20 57 57 55
21 20 51 51 49
22 20 55 55 53
23 20 59 58 56
24 20 60 59 57
25 20 58 58 56
26 20 58 58 56
27 20 59 58 56
28 20 58 58 55
29 20 58 57 54
30 20 58 57 54
31 20 58 56 53
32 20 119 116 111
33 20 170 167 162
34 20 187 186 181
35 20 190 190 186
36 20 191 192 188
37 20 191 191 187
38 20 191 191 186
39 20 190 186 179
40 20 187 178 168
41 20 185 173 161
18 21 61 63 61
19 21 62 63 61
20 21 44 45 43
21 21 20 20 19
22 21 27 27 26
23 21 48 48 47
24 21 59 59 57
25 21 60 60 58
26 21 60 60 58
27 21 59 59 57
28 21 60 59 57
29 21 59 59 56
30 21 58 57 55
31 21 51 50 47
32 21 40 39 37
33 21 66 64 61
34 21 140 137 132
35 21 175 172 167
36 21 187 186 181
37 21 189 188 183
38 21 190 186 180
39 21 186 178 170
40 21 185 173 162
18 22 57 58 56
19 22 59 60 58
20 22 52 53 51
21 22 28 28 27
22 22 8 9 8
23 22 26 27 26
24 22 54 54 53
25 22 60 60 58
26 22 61 61 59
27 22 61 60 58
28 22 60 60 58
29 22 60 60 58
30 22 59 58 56
31 22 48 48 45
32 22 23 22 21
33 22 7 7 7
34 22 19 19 18
35 22 87 84 80
36 22 155 151 144
37 22 180 175 167
38 22 183 173 164
39 22 182 169 159
20 23 57 58 56
21 23 49 50 49
22 23 37 38 37
23 23 34 36 35
24 23 51 53 52
25 23 60 61 59
26 23 62 62 60
27 23 61 61 59
28 23 61 61 59
29 23 61 61 59
30 23 61 60 58
31 23 57 56 54
32 23 38 38 36
33 23 13 13 12
34 23 3 3 3
35 23 18 18 17
36 23 47 46 44
37 23 127 119 111
38 23 158 143 132
39 23 175 159 147
21 24 57 58 56
22 24 56 57 55
23 24 57 58 56
24 24 60 61 60
25 24 62 63 61
26 24 62 62 60
27 24 62 62 60
28 24 62 62 60
29 24 61 61 59
30 24 61 61 59
31 24 61 61 59
32 24 58 57 55
33 24 44 44 42
34 24 31 31 30
35 24 27 27 27
36 24 64 62 60
37 24 138 131 124
38 24 90 79 71
23 25 60 61 59
24 25 62 63 61
25 25 63 64 62
26 25 64 64 62
27 25 63 63 61
28 25 61 61 59
29 25 56 56 54
30 25 56 56 54
31 25 60 60 57
32 25 62 62 60
33 25 61 61 59
34 25 59 58 56
35 25 64 63 61
36 25 134 130 125
37 25 96 90 84
38 25 59 54 49
25 26 61 62 60
26 26 63 63 61
27 26 63 63 61
28 26 58 58 57
29 26 37 37 36
30 26 26 26 26
31 26 38 38 37
32 26 56 56 54
33 26 62 62 60
34 26 63 63 60
35 26 111 107 102
36 26 129 123 116
37 26 61 57 53
26 27 60 61 59
27 27 62 63 61
28 27 61 61 60
29 27 45 46 44
30 27 17 17 16
31 27 9 9 8
32 27 32 32 31
33 27 56 57 55
34 27 84 82 79
35 27 136 131 125
36 27 63 58 54
28 28 59 60 58
29 28 55 55 54
30 28 45 45 44
31 28 30 30 29
32 28 29 30 29
33 28 57 58 56
34 28 132 128 123
35 28 105 99 93
36 28 62 56 51
30 29 59 59 58
31 29 56 56 54
32 29 57 57 55
33 29 110 107 103
34 29 121 116 110
35 29 61 57 53
31 30 58 58 56
32 30 80 77 73
33 30 132 127 120
34 30 59 56 52
33 31 152 145 136
