34 0 159 153 145
32 1 158 150 143
33 1 164 156 150
34 1 167 161 155
31 2 160 155 147
32 2 165 159 152
33 2 178 173 169
34 2 170 167 162
35 2 174 170 164
29 3 162 157 150
30 3 162 158 150
31 3 167 163 156
32 3 176 173 167
33 3 187 185 182
34 3 169 168 164
35 3 166 164 159
36 3 176 171 166
28 4 156 152 145
29 4 163 159 152
30 4 169 166 160
31 4 176 174 169
32 4 184 183 179
33 4 193 192 190
34 4 182 182 179
35 4 154 154 151
36 4 160 156 151
37 4 176 170 165
26 5 158 154 148
27 5 160 157 151
28 5 165 162 157
29 5 173 171 166
30 5 178 176 172
31 5 184 183 179
32 5 187 187 185
33 5 194 194 192
34 5 192 193 190
35 5 176 177 174
36 5 142 140 137
37 5 165 161 156
38 5 179 173 168
25 6 161 157 151
26 6 161 157 152
27 6 167 165 160
28 6 173 172 168
29 6 178 178 174
30 6 183 183 179
31 6 186 186 183
32 6 190 191 188
33 6 195 196 194
34 6 194 194 191
35 6 193 194 192
36 6 164 165 162
37 6 155 153 150
38 6 175 171 167
24 7 148 145 139
25 7 157 154 149
26 7 166 165 161
27 7 168 167 163
28 7 175 175 171
29 7 178 179 176
30 7 173 173 170
31 7 175 176 173
32 7 191 192 190
33 7 193 194 192
34 7 185 186 184
35 7 192 193 191
36 7 188 189 186
37 7 170 170 167
38 7 175 173 170
39 7 178 174 170
22 8 142 137 130
23 8 132 128 122
24 8 140 138 133
25 8 155 154 150
26 8 150 150 147
27 8 145 146 143
28 8 168 168 166
29 8 155 156 153
30 8 134 135 132
31 8 172 174 172
32 8 195 196 195
33 8 195 197 195
34 8 179 180 178
35 8 162 164 161
36 8 188 189 186
37 8 184 184 182
38 8 178 178 175
39 8 179 177 173
40 8 176 171 167
21 9 140 131 123
22 9 126 120 114
23 9 117 114 109
24 9 141 141 138
25 9 136 136 133
26 9 117 117 114
27 9 148 149 147
28 9 149 150 148
29 9 123 124 122
30 9 162 164 162
31 9 185 186 184
32 9 185 186 185
33 9 193 196 195
34 9 190 192 191
35 9 139 140 138
36 9 164 165 162
37 9 180 180 178
38 9 165 166 163
39 9 175 175 172
40 9 172 169 166
41 9 171 165 161
20 10 153 142 133
21 10 135 126 118
22 10 114 112 108
23 10 137 137 134
24 10 152 153 150
25 10 140 141 139
26 10 163 164 162
27 10 167 169 166
28 10 152 154 152
29 10 168 169 168
30 10 182 184 182
31 10 172 173 171
32 10 147 148 146
33 10 171 174 173
34 10 197 200 199
35 10 171 173 172
36 10 134 135 133
37 10 168 169 166
38 10 139 140 137
39 10 154 154 152
40 10 163 162 158
41 10 157 153 150
42 10 166 159 155
20 11 153 145 138
21 11 147 143 137
22 11 152 152 149
23 11 167 167 165
24 11 170 171 169
25 11 177 178 176
26 11 185 186 184
27 11 182 183 181
28 11 181 182 180
29 11 176 177 175
30 11 149 150 148
31 11 120 121 118
32 11 113 113 111
33 11 130 131 129
34 11 173 176 175
35 11 192 194 193
36 11 166 167 164
37 11 168 169 167
38 11 156 156 154
39 11 120 121 118
40 11 152 153 150
41 11 140 137 134
42 11 154 149 145
19 12 172 165 158
20 12 165 160 154
21 12 169 168 164
22 12 175 175 172
23 12 180 181 178
24 12 184 185 182
25 12 188 188 186
26 12 189 189 187
27 12 184 185 183
28 12 165 167 164
29 12 119 121 118
30 12 72 74 72
31 12 40 41 39
32 12 44 45 43
33 12 90 90 87
34 12 132 133 130
35 12 181 183 182
36 12 195 196 195
37 12 187 187 185
38 12 182 182 179
39 12 147 147 144
40 12 154 154 151
41 12 138 138 135
42 12 133 129 125
43 12 157 151 146
19 13 171 166 159
20 13 174 170 165
21 13 177 176 173
22 13 182 182 179
23 13 184 185 182
24 13 188 188 186
25 13 185 186 183
26 13 178 179 176
27 13 151 152 150
28 13 125 126 124
29 13 75 76 75
30 13 15 15 15
31 13 1 1 1
32 13 3 3 3
33 13 29 28 27
34 13 109 109 106
35 13 142 142 139
36 13 183 185 183
37 13 197 197 195
38 13 192 192 189
39 13 180 180 177
40 13 167 167 164
41 13 163 163 160
42 13 130 127 124
43 13 146 140 136
44 13 156 149 144
18 14 177 171 164
19 14 171 166 160
20 14 179 177 173
21 14 182 182 179
22 14 184 185 182
23 14 186 186 183
24 14 181 181 179
25 14 162 163 160
26 14 124 125 123
27 14 112 113 111
28 14 114 116 114
29 14 80 83 82
30 14 18 19 19
31 14 1 1 1
32 14 1 1 1
33 14 24 24 23
34 14 91 91 88
35 14 126 125 121
36 14 145 146 143
37 14 189 190 188
38 14 195 195 193
39 14 190 189 186
40 14 180 181 178
41 14 176 176 174
42 14 162 161 158
43 14 149 146 141
44 14 153 148 143
18 15 181 175 169
19 15 177 173 168
20 15 182 181 178
21 15 184 184 181
22 15 181 181 179
23 15 173 174 171
24 15 145 146 143
25 15 94 95 93
26 15 47 48 46
27 15 50 51 50
28 15 70 72 71
29 15 98 102 101
30 15 66 69 68
31 15 21 22 22
32 15 33 33 32
33 15 68 68 66
34 15 107 107 104
35 15 125 125 120
36 15 128 127 123
37 15 149 150 147
38 15 188 189 186
39 15 192 191 189
40 15 183 183 180
41 15 171 171 169
42 15 175 174 171
43 15 167 165 161
44 15 159 156 152
18 16 177 172 165
19 16 180 178 173
20 16 181 181 178
21 16 176 177 174
22 16 160 161 158
23 16 132 133 130
24 16 91 92 90
25 16 30 31 30
26 16 2 2 2
27 16 4 4 4
28 16 8 9 9
29 16 78 80 79
30 16 105 107 106
31 16 90 91 89
32 16 96 97 94
33 16 106 106 103
34 16 119 118 115
35 16 126 126 122
36 16 125 125 120
37 16 129 128 123
38 16 162 162 159
39 16 191 190 188
40 16 185 184 181
41 16 153 153 150
42 16 161 160 157
43 16 173 171 167
44 16 165 163 159
17 17 180 174 165
18 17 175 171 164
19 17 176 174 170
20 17 167 168 165
21 17 135 136 133
22 17 106 107 105
23 17 102 104 101
24 17 91 94 92
25 17 40 42 41
26 17 3 3 3
27 17 1 1 1
28 17 12 12 12
29 17 70 71 68
30 17 112 113 110
31 17 119 120 117
32 17 118 118 115
33 17 119 119 115
34 17 121 120 116
35 17 120 119 115
36 17 120 119 114
37 17 122 120 115
38 17 126 125 119
39 17 164 163 159
40 17 188 186 183
41 17 161 160 156
42 17 121 120 117
43 17 165 163 158
44 17 167 165 160
17 18 170 164 155
18 18 165 160 153
19 18 153 152 148
20 18 109 109 106
21 18 61 62 60
22 18 38 39 37
23 18 44 45 44
24 18 70 72 71
25 18 74 77 76
26 18 41 42 41
27 18 28 28 27
28 18 54 55 53
29 18 96 97 94
30 18 116 116 113
31 18 118 118 114
32 18 119 119 115
33 18 120 120 116
34 18 119 118 114
35 18 118 117 113
36 18 118 117 112
37 18 118 116 111
38 18 116 114 108
39 18 125 124 118
40 18 169 168 163
41 18 181 179 175
42 18 134 133 128
43 18 143 141 136
44 18 166 163 158
17 19 122 112 99
18 19 139 134 125
19 19 117 116 111
20 19 68 68 66
21 19 13 13 13
23 19 2 2 2
24 19 31 32 31
25 19 90 92 90
26 19 99 100 98
27 19 97 97 94
28 19 100 101 98
29 19 111 111 108
30 19 115 115 112
31 19 120 119 116
32 19 120 119 116
33 19 118 118 114
34 19 117 117 112
35 19 116 116 111
36 19 112 111 106
37 19 104 103 98
38 19 101 99 93
39 19 101 99 93
40 19 128 125 120
41 19 169 167 162
42 19 172 170 165
43 19 151 149 143
44 19 163 160 155
18 20 146 139 128
19 20 118 115 108
20 20 82 81 77
21 20 30 31 29
22 20 3 3 3
23 20 3 3 3
24 20 40 40 39
25 20 96 97 94
26 20 113 113 110
27 20 115 115 112
28 20 114 114 111
29 20 116 115 112
30 20 118 118 114
31 20 117 117 114
32 20 115 114 110
33 20 115 115 111
34 20 114 114 110
35 20 111 111 106
36 20 93 93 88
37 20 63 63 59
38 20 42 41 39
39 20 42 41 38
40 20 89 86 81
41 20 126 124 118
42 20 170 168 163
43 20 174 171 166
44 20 169 166 161
19 21 144 137 127
20 21 105 102 95
21 21 77 77 74
22 21 45 45 44
23 21 54 54 52
24 21 79 80 77
25 21 106 106 103
26 21 114 114 111
27 21 114 114 111
28 21 115 115 112
29 21 116 115 112
30 21 114 113 110
31 21 113 113 109
32 21 115 115 110
33 21 114 114 110
34 21 110 110 106
35 21 103 103 99
36 21 61 61 58
37 21 15 15 14
39 21 1 1 1
40 21 40 39 36
41 21 99 97 91
42 21 136 134 128
43 21 170 166 161
44 21 172 168 162
45 21 168 164 159
20 22 141 134 124
21 22 118 114 109
22 22 102 101 98
23 22 102 102 99
24 22 105 105 102
25 22 113 112 109
26 22 115 115 112
27 22 113 113 110
28 22 114 114 110
29 22 115 115 112
30 22 114 114 110
31 22 110 110 106
32 22 98 99 95
33 22 89 89 85
34 22 79 79 76
35 22 95 95 92
36 22 68 68 65
37 22 16 16 15
38 22 3 3 3
39 22 3 3 2
40 22 36 34 32
41 22 87 84 79
42 22 104 101 95
43 22 132 127 120
44 22 162 154 148
45 22 160 153 147
21 23 139 132 124
22 23 120 117 111
23 23 112 111 107
24 23 113 113 110
25 23 114 113 110
26 23 112 111 108
27 23 113 113 110
28 23 113 113 110
29 23 112 112 109
30 23 111 111 107
31 23 96 96 92
32 23 58 58 56
33 23 31 31 29
34 23 23 23 22
35 23 51 52 49
36 23 82 83 80
37 23 60 60 57
38 23 39 39 37
39 23 47 46 43
40 23 75 73 68
41 23 94 90 85
42 23 98 94 88
43 23 92 86 79
44 23 129 119 110
45 23 155 143 134
22 24 134 127 119
23 24 122 118 112
24 24 110 109 105
25 24 111 110 107
26 24 112 112 109
27 24 110 109 106
28 24 109 109 106
29 24 108 108 104
30 24 106 106 103
31 24 82 83 80
32 24 24 24 23
34 24 1 1 1
35 24 14 14 13
36 24 76 76 73
37 24 97 96 92
38 24 89 87 83
39 24 91 89 84
40 24 98 94 89
41 24 95 90 84
42 24 97 91 85
43 24 48 44 40
23 25 136 129 121
24 25 118 115 109
25 25 111 109 106
26 25 110 109 107
27 25 98 98 95
28 25 84 85 82
29 25 74 74 71
30 25 78 78 75
31 25 83 83 81
32 25 54 54 53
33 25 15 15 14
34 25 7 7 7
35 25 29 29 27
36 25 81 80 76
37 25 100 98 93
38 25 100 98 92
39 25 96 92 86
40 25 87 82 77
41 25 96 90 84
24 26 137 130 122
25 26 114 111 106
26 26 106 105 102
27 26 69 69 66
28 26 27 27 26
29 26 14 14 14
30 26 23 23 22
31 26 60 60 58
32 26 88 89 86
33 26 65 64 62
34 26 61 60 57
35 26 79 78 74
36 26 97 94 90
37 26 103 99 94
38 26 92 88 82
39 26 86 82 76
40 26 47 44 40
25 27 133 126 118
26 27 104 101 96
27 27 52 51 49
28 27 8 7 7
29 27 1 1 1
30 27 3 3 2
31 27 49 49 47
32 27 98 97 94
33 27 99 97 94
34 27 99 97 92
35 27 96 93 88
36 27 89 86 81
37 27 94 90 85
38 27 50 47 44
26 28 114 106 98
27 28 70 64 59
28 28 39 38 35
29 28 19 19 18
30 28 35 34 32
31 28 73 72 69
32 28 98 96 93
33 28 98 95 91
34 28 89 86 81
35 28 92 88 83
36 28 52 50 46
27 29 107 97 89
28 29 91 86 81
29 29 79 77 72
30 29 86 84 80
31 29 94 91 87
32 29 95 92 87
33 29 92 88 84
34 29 53 51 47
28 30 116 106 97
29 30 98 90 83
30 30 94 89 83
31 30 83 79 74
32 30 88 84 78
29 31 94 81 72
30 31 81 73 66
31 31 50 46 41
