31 1 158 150 141
32 1 162 154 147
33 1 170 163 158
34 1 180 174 170
29 2 158 150 141
30 2 165 158 150
31 2 169 163 156
32 2 174 170 163
33 2 179 176 170
34 2 184 181 176
35 2 188 185 181
28 3 165 159 151
29 3 169 164 156
30 3 172 168 161
31 3 176 173 167
32 3 178 175 169
33 3 181 179 173
34 3 187 185 181
35 3 192 191 188
36 3 195 194 192
26 4 167 161 154
27 4 168 164 157
28 4 174 170 164
29 4 177 174 169
30 4 179 176 171
31 4 179 177 172
32 4 181 179 174
33 4 184 182 178
34 4 187 187 182
35 4 194 194 191
36 4 197 197 195
37 4 198 198 197
24 5 166 161 154
25 5 168 164 157
26 5 174 170 165
27 5 177 175 170
28 5 180 178 173
29 5 181 180 175
30 5 182 181 176
31 5 184 182 178
32 5 185 184 179
33 5 187 186 182
34 5 190 189 185
35 5 194 193 190
36 5 198 199 196
37 5 200 200 199
38 5 200 201 200
22 6 165 160 153
23 6 170 166 160
24 6 174 171 166
25 6 177 175 170
26 6 179 178 173
27 6 181 180 176
28 6 183 182 178
29 6 184 184 180
30 6 185 185 182
31 6 187 187 183
32 6 188 188 184
33 6 190 190 186
34 6 191 191 188
35 6 194 194 191
36 6 197 197 194
37 6 201 201 199
38 6 202 203 202
39 6 203 205 204
20 7 159 153 146
21 7 166 161 155
22 7 167 165 159
23 7 170 168 164
24 7 176 175 170
25 7 180 179 175
26 7 181 181 178
27 7 182 182 179
28 7 179 179 176
29 7 174 174 172
30 7 179 180 177
31 7 189 189 186
32 7 191 191 188
33 7 192 192 190
34 7 189 190 187
35 7 183 183 180
36 7 178 178 175
37 7 190 191 188
38 7 202 204 202
39 7 204 206 205
40 7 204 206 206
19 8 166 160 153
20 8 166 163 157
21 8 157 155 150
22 8 140 139 135
23 8 129 128 125
24 8 157 157 153
25 8 180 180 176
26 8 180 181 177
27 8 166 166 163
28 8 133 133 131
29 8 103 103 101
30 8 134 134 131
31 8 182 183 180
32 8 192 192 190
33 8 185 186 184
34 8 156 157 155
35 8 109 110 107
36 8 86 87 84
37 8 145 146 143
38 8 196 197 195
39 8 206 208 206
40 8 206 208 207
41 8 200 203 202
17 9 156 138 126
18 9 166 155 146
19 9 171 167 161
20 9 158 156 153
21 9 104 104 101
22 9 47 47 45
23 9 73 73 71
24 9 154 154 151
25 9 181 181 179
26 9 172 173 170
27 9 114 115 112
28 9 37 37 36
29 9 53 54 52
30 9 138 139 136
31 9 184 185 182
32 9 191 193 191
33 9 166 167 166
34 9 81 83 81
35 9 28 28 28
36 9 82 84 82
37 9 161 163 161
38 9 198 199 197
39 9 205 206 205
40 9 204 206 205
41 9 201 203 203
42 9 202 205 205
17 10 171 162 156
18 10 174 165 158
19 10 174 170 165
20 10 143 143 140
21 10 84 85 83
22 10 94 94 92
23 10 146 147 144
24 10 177 177 175
25 10 185 185 183
26 10 173 174 172
27 10 134 136 133
28 10 114 116 114
29 10 155 156 154
30 10 183 184 182
31 10 194 195 193
32 10 193 194 193
33 10 176 178 177
34 10 145 147 146
35 10 144 146 145
36 10 172 174 173
37 10 194 195 194
38 10 202 203 201
39 10 202 203 201
40 10 198 199 197
41 10 197 200 199
42 10 206 208 208
18 11 172 163 155
19 11 175 170 164
20 11 171 170 166
21 11 166 166 162
22 11 172 171 168
23 11 183 183 180
24 11 187 187 184
25 11 188 188 186
26 11 186 187 184
27 11 183 183 181
28 11 183 183 181
29 11 191 191 189
30 11 195 196 193
31 11 198 199 196
32 11 198 199 197
33 11 196 198 196
34 11 195 196 195
35 11 196 197 195
36 11 199 200 199
37 11 199 201 199
38 11 192 193 191
39 11 176 177 175
40 11 185 186 184
41 11 192 194 193
42 11 201 204 203
18 12 47 46 45
19 12 169 163 156
20 12 184 181 176
21 12 186 185 182
22 12 187 187 184
23 12 189 189 186
24 12 190 190 187
25 12 191 191 188
26 12 191 192 189
27 12 193 193 190
28 12 194 194 192
29 12 196 197 194
30 12 197 198 195
31 12 199 199 197
32 12 200 201 199
33 12 200 201 199
34 12 202 203 201
35 12 201 202 200
36 12 193 194 192
37 12 165 167 165
38 12 113 114 112
39 12 94 95 92
40 12 151 152 149
41 12 189 190 188
42 12 196 198 197
43 12 200 202 201
19 13 137 129 121
20 13 175 170 164
21 13 188 186 182
22 13 190 189 186
23 13 190 190 187
24 13 192 191 189
25 13 191 191 189
26 13 193 193 190
27 13 195 195 193
28 13 196 196 194
29 13 198 198 196
30 13 199 199 197
31 13 200 201 199
32 13 200 201 199
33 13 200 200 198
34 13 196 197 195
35 13 189 190 188
36 13 161 163 161
37 13 74 75 74
38 13 12 12 12
39 13 14 14 14
40 13 111 110 107
41 13 180 180 177
42 13 189 191 189
43 13 201 202 201
20 14 153 146 138
21 14 185 182 176
22 14 191 190 186
23 14 192 192 189
24 14 193 193 190
25 14 194 194 192
26 14 194 195 192
27 14 196 196 194
28 14 198 198 196
29 14 199 199 197
30 14 199 199 197
31 14 200 200 198
32 14 197 198 196
33 14 185 186 184
34 14 173 174 172
35 14 176 178 176
36 14 147 150 148
37 14 35 37 36
38 14 1 1 1
39 14 36 36 35
40 14 129 129 125
41 14 176 176 173
42 14 185 185 183
43 14 195 197 195
20 15 48 47 46
21 15 171 165 158
22 15 191 188 184
23 15 193 192 189
24 15 194 194 191
25 15 195 195 192
26 15 196 197 194
27 15 198 198 196
28 15 198 199 196
29 15 199 200 197
30 15 197 198 196
31 15 189 190 187
32 15 156 158 155
33 15 106 107 105
34 15 91 92 91
35 15 137 140 138
36 15 158 162 161
37 15 81 83 83
38 15 67 68 66
39 15 120 121 118
40 15 166 166 162
41 15 179 178 174
42 15 182 182 178
43 15 187 188 186
44 15 193 193 191
21 16 107 102 95
22 16 179 174 168
23 16 193 192 188
24 16 195 195 192
25 16 197 197 194
26 16 197 197 195
27 16 198 198 195
28 16 197 197 195
29 16 193 193 191
30 16 186 187 185
31 16 146 148 145
32 16 60 62 60
33 16 7 7 7
34 16 14 14 14
35 16 98 100 99
36 16 166 168 167
37 16 157 158 156
38 16 157 158 155
39 16 166 166 163
40 16 175 175 172
41 16 177 176 172
42 16 176 175 171
43 16 178 178 174
44 16 191 191 188
21 17 50 49 48
22 17 151 145 136
23 17 190 186 180
24 17 196 194 190
25 17 196 196 193
26 17 194 195 192
27 17 191 192 189
28 17 179 180 177
29 17 169 170 168
30 17 171 173 171
31 17 131 134 133
32 17 24 25 25
34 17 40 40 39
35 17 130 131 129
36 17 173 174 171
37 17 177 178 175
38 17 176 176 173
39 17 175 175 171
40 17 175 174 170
41 17 174 172 168
42 17 172 171 166
43 17 173 172 167
44 17 182 181 177
22 18 84 79 73
23 18 165 159 150
24 18 191 187 181
25 18 192 191 187
26 18 181 181 178
27 18 146 147 144
28 18 94 95 93
29 18 91 92 90
30 18 123 126 124
31 18 141 145 143
32 18 79 81 80
33 18 72 73 71
34 18 124 125 122
35 18 164 165 162
36 18 177 177 174
37 18 177 177 173
38 18 175 175 171
39 18 174 173 169
40 18 172 171 166
41 18 169 167 162
42 18 167 165 160
43 18 168 166 160
44 18 173 172 167
45 18 179 178 173
22 19 50 50 48
23 19 116 111 103
24 19 179 174 166
25 19 178 177 173
26 19 135 136 132
27 19 45 46 45
28 19 2 2 2
29 19 16 16 16
30 19 94 96 94
31 19 162 164 162
32 19 159 160 157
33 19 159 160 157
34 19 167 167 163
35 19 175 175 172
36 19 175 175 172
37 19 173 173 170
38 19 173 173 169
39 19 169 169 165
40 19 160 159 154
41 19 146 145 140
42 19 137 135 129
43 19 154 152 146
44 19 164 162 157
45 19 178 177 172
23 20 50 50 49
24 20 159 153 145
25 20 172 170 165
26 20 117 117 114
27 20 17 17 17
28 20 2 2 2
29 20 43 43 42
30 20 132 133 130
31 20 172 172 169
32 20 176 176 173
33 20 176 176 173
34 20 176 176 173
35 20 175 174 171
36 20 174 173 170
37 20 171 171 167
38 20 168 168 164
39 20 160 160 155
40 20 126 126 121
41 20 78 77 73
42 20 54 53 49
43 20 127 124 118
44 20 158 156 151
45 20 168 165 160
24 21 106 102 95
25 21 163 159 152
26 21 137 137 133
27 21 75 75 73
28 21 76 77 75
29 21 124 125 122
30 21 164 164 161
31 21 176 176 173
32 21 177 176 173
33 21 176 175 172
34 21 174 174 171
35 21 172 172 168
36 21 168 168 164
37 21 166 166 162
38 21 162 162 158
39 21 137 137 133
40 21 61 61 58
41 21 9 8 8
42 21 31 30 28
43 21 111 109 103
44 21 150 147 140
45 21 151 147 141
46 21 154 148 141
24 22 53 52 51
25 22 149 144 135
26 22 168 166 162
27 22 159 158 156
28 22 160 160 157
29 22 167 167 163
30 22 174 174 171
31 22 175 175 172
32 22 174 174 170
33 22 173 172 169
34 22 170 169 166
35 22 163 163 159
36 22 145 145 141
37 22 129 129 125
38 22 133 133 130
39 22 132 133 129
40 22 48 49 46
41 22 34 34 31
42 22 86 84 79
43 22 131 127 121
44 22 141 136 130
45 22 130 122 115
46 22 144 135 127
25 23 105 100 93
26 23 169 165 158
27 23 174 173 169
28 23 175 175 172
29 23 175 174 172
30 23 174 174 171
31 23 173 173 170
32 23 171 171 168
33 23 171 170 167
34 23 165 165 161
35 23 132 132 128
36 23 77 77 74
37 23 33 33 32
38 23 79 79 76
39 23 138 138 134
40 23 116 115 111
41 23 115 113 107
42 23 133 128 122
43 23 136 132 125
44 23 121 115 109
45 23 45 42 38
25 24 51 50 49
26 24 145 139 132
27 24 172 169 164
28 24 174 173 170
29 24 173 173 170
30 24 172 171 168
31 24 170 170 167
32 24 168 168 164
33 24 165 164 161
34 24 151 151 148
35 24 77 78 75
36 24 10 10 9
37 24 18 18 17
38 24 91 90 86
39 24 143 142 137
40 24 148 146 140
41 24 142 138 132
42 24 128 123 116
43 24 102 97 90
26 25 95 90 85
27 25 167 162 155
28 25 172 170 166
29 25 171 170 167
30 25 164 164 161
31 25 147 147 144
32 25 133 133 130
33 25 133 132 129
34 25 143 144 141
35 25 94 95 92
36 25 45 44 42
37 25 82 81 76
38 25 129 127 122
39 25 146 143 138
40 25 141 137 131
41 25 115 111 104
42 25 44 41 38
27 26 145 138 131
28 26 168 165 159
29 26 166 166 162
30 26 137 137 134
31 26 76 77 74
32 26 43 43 41
33 26 67 66 63
34 26 134 134 131
35 26 141 140 137
36 26 125 123 119
37 26 137 134 129
38 26 140 136 131
39 26 133 129 123
40 26 50 47 44
27 27 131 124 116
28 27 164 159 152
29 27 153 151 147
30 27 82 81 79
31 27 4 4 4
32 27 11 11 10
33 27 82 81 78
34 27 144 143 139
35 27 153 151 147
36 27 148 145 140
37 27 133 130 124
38 27 107 103 98
28 28 150 142 134
29 28 142 136 129
30 28 81 79 76
31 28 44 43 41
32 28 82 81 78
33 28 127 125 121
34 28 148 146 141
35 28 144 140 135
36 28 127 124 118
37 28 49 47 43
28 29 61 59 58
29 29 152 144 135
30 29 138 134 128
31 29 130 127 122
32 29 138 135 130
33 29 142 139 134
34 29 136 132 127
35 29 52 50 47
29 30 155 145 136
30 30 158 149 141
31 30 148 142 135
32 30 136 131 125
33 30 100 96 91
34 30 45 42 39
30 31 157 142 130
31 31 123 114 105
32 31 49 45 41
