29 1 157 146 136
30 1 161 152 144
31 1 171 164 159
32 1 177 172 167
28 2 167 159 149
29 2 168 161 152
30 2 173 168 161
31 2 176 171 166
32 2 178 173 168
33 2 178 174 169
27 3 172 163 154
28 3 175 169 162
29 3 177 173 166
30 3 179 176 169
31 3 179 176 169
32 3 177 174 168
33 3 177 174 169
34 3 180 177 173
35 3 182 180 177
27 4 178 173 165
28 4 182 178 172
29 4 185 182 177
30 4 184 182 176
31 4 182 179 174
32 4 180 178 173
33 4 179 176 171
34 4 179 177 173
35 4 182 181 177
36 4 184 182 180
37 4 184 183 181
26 5 183 177 170
27 5 184 180 174
28 5 188 186 181
29 5 189 187 182
30 5 187 185 181
31 5 186 185 180
32 5 184 182 178
33 5 182 181 176
34 5 182 180 176
35 5 181 180 176
36 5 183 182 179
37 5 183 182 180
38 5 183 183 181
39 5 181 182 181
25 6 184 178 170
26 6 186 181 175
27 6 189 187 182
28 6 190 189 185
29 6 190 188 184
30 6 189 188 185
31 6 189 188 184
32 6 188 187 184
33 6 187 186 183
34 6 185 184 181
35 6 184 184 180
36 6 182 182 178
37 6 182 182 179
38 6 183 183 180
39 6 184 184 182
40 6 183 184 183
24 7 183 173 164
25 7 187 181 174
26 7 189 187 182
27 7 183 182 179
28 7 171 171 167
29 7 171 170 166
30 7 183 183 179
31 7 190 190 186
32 7 190 190 187
33 7 186 186 183
34 7 179 179 177
35 7 179 179 176
36 7 184 184 181
37 7 185 185 182
38 7 183 183 180
39 7 182 182 179
40 7 180 181 178
41 7 181 183 181
42 7 180 182 181
24 8 184 172 161
25 8 190 182 174
26 8 192 189 185
27 8 174 174 171
28 8 106 106 104
29 8 74 73 71
30 8 126 126 122
31 8 174 174 171
32 8 189 190 187
33 8 181 182 179
34 8 139 139 136
35 8 114 114 112
36 8 155 155 152
37 8 180 181 178
38 8 185 185 183
39 8 175 175 173
40 8 150 151 148
41 8 162 163 161
42 8 175 177 175
43 8 181 183 182
44 8 179 182 180
23 9 79 73 63
24 9 156 149 138
25 9 188 182 175
26 9 196 191 186
27 9 187 184 180
28 9 140 139 137
29 9 57 58 57
30 9 39 39 38
31 9 132 133 130
32 9 185 186 183
33 9 187 188 185
34 9 148 149 146
35 9 62 63 61
36 9 54 54 53
37 9 142 143 140
38 9 182 183 180
39 9 173 174 172
40 9 105 107 105
41 9 68 69 67
42 9 134 135 133
43 9 173 175 173
44 9 181 183 182
45 9 177 179 178
23 10 83 78 70
24 10 83 80 74
25 10 118 117 112
26 10 171 169 165
27 10 193 190 186
28 10 188 184 180
29 10 162 160 156
30 10 139 139 136
31 10 151 152 149
32 10 188 189 186
33 10 194 194 192
34 10 186 187 184
35 10 160 161 159
36 10 120 121 119
37 10 134 135 133
38 10 184 185 183
39 10 188 189 187
40 10 164 166 164
41 10 110 112 111
42 10 83 85 84
43 10 157 159 157
44 10 182 184 183
45 10 181 183 182
22 11 60 56 50
23 11 75 72 67
24 11 65 64 61
25 11 57 58 56
26 11 58 58 56
27 11 133 133 130
28 11 180 179 175
29 11 193 191 187
30 11 192 190 186
31 11 193 193 189
32 11 197 197 194
33 11 198 197 195
34 11 197 197 194
35 11 192 193 190
36 11 186 187 184
37 11 185 185 183
38 11 193 194 191
39 11 192 193 191
40 11 190 191 189
41 11 180 181 179
42 11 168 170 168
43 11 176 178 176
44 11 184 185 184
45 11 185 186 184
22 12 77 73 67
23 12 62 60 57
24 12 45 45 44
25 12 25 25 25
26 12 24 24 24
27 12 44 45 43
28 12 80 81 78
29 12 157 158 155
30 12 189 187 183
31 12 199 197 193
32 12 200 198 194
33 12 199 198 195
34 12 199 199 196
35 12 198 198 195
36 12 197 197 194
37 12 197 197 194
38 12 195 196 193
39 12 196 196 194
40 12 194 195 192
41 12 194 195 192
42 12 192 193 191
43 12 191 192 190
44 12 191 192 190
45 12 187 188 187
21 13 60 56 51
22 13 67 64 60
23 13 64 64 61
24 13 31 32 31
25 13 2 2 2
27 13 10 11 10
28 13 48 49 47
29 13 75 76 74
30 13 95 96 93
31 13 165 165 161
32 13 193 192 188
33 13 200 197 194
34 13 199 198 194
35 13 199 199 195
36 13 199 198 196
37 13 198 198 195
38 13 197 197 195
39 13 197 198 195
40 13 196 196 194
41 13 195 196 193
42 13 195 196 193
43 13 194 195 193
44 13 193 194 191
21 14 64 61 55
22 14 63 62 58
23 14 61 61 59
24 14 40 41 40
25 14 14 14 14
26 14 1 1 1
27 14 6 6 6
28 14 41 41 40
29 14 65 65 63
30 14 66 67 64
31 14 79 79 77
32 14 132 133 130
33 14 178 177 174
34 14 196 194 190
35 14 200 198 194
36 14 199 199 195
37 14 199 199 196
38 14 199 199 197
39 14 198 198 196
40 14 198 199 196
41 14 197 198 195
42 14 197 198 195
43 14 196 197 195
44 14 194 195 193
20 15 60 56 51
21 15 64 61 56
22 15 72 70 66
23 15 66 66 64
24 15 55 55 54
25 15 40 41 40
26 15 27 27 26
27 15 28 28 27
28 15 53 53 51
29 15 60 60 58
30 15 73 73 71
31 15 78 78 76
32 15 82 83 80
33 15 84 84 82
34 15 140 141 138
35 15 186 185 182
36 15 199 197 193
37 15 200 198 194
38 15 200 200 197
39 15 199 199 197
40 15 200 200 197
41 15 199 199 197
42 15 199 200 197
43 15 198 199 197
44 15 196 197 195
20 16 59 55 51
21 16 66 64 60
22 16 68 67 64
23 16 63 63 61
24 16 66 66 63
25 16 64 64 62
26 16 60 60 58
27 16 61 61 59
28 16 62 63 60
29 16 68 68 66
30 16 69 69 67
31 16 72 72 70
32 16 71 71 69
33 16 69 70 67
34 16 67 68 66
35 16 99 99 97
36 16 161 161 158
37 16 190 188 184
38 16 200 198 194
39 16 200 198 194
40 16 200 200 197
41 16 200 201 198
42 16 200 200 198
43 16 198 199 196
19 17 59 54 49
20 17 65 61 57
21 17 70 68 65
22 17 64 64 61
23 17 66 65 63
24 17 67 67 65
25 17 66 66 63
26 17 66 66 63
27 17 65 65 63
28 17 65 65 62
29 17 65 65 63
30 17 65 65 63
31 17 66 67 65
32 17 66 66 64
33 17 65 65 63
34 17 71 72 69
35 17 80 80 78
36 17 80 81 78
37 17 109 110 107
38 17 164 163 160
39 17 194 193 189
40 17 200 198 193
41 17 200 199 195
42 17 200 199 197
43 17 198 198 196
19 18 58 54 49
20 18 61 59 55
21 18 64 63 60
22 18 63 63 60
23 18 64 64 61
24 18 63 63 60
25 18 64 64 61
26 18 64 64 62
27 18 63 63 61
28 18 62 62 59
29 18 63 63 61
30 18 63 63 60
31 18 65 65 63
32 18 65 66 63
33 18 69 70 67
34 18 73 73 71
35 18 73 73 70
36 18 73 74 71
37 18 68 68 66
38 18 82 83 80
39 18 128 129 126
40 18 179 178 175
41 18 194 192 187
42 18 196 194 189
43 18 199 198 195
18 19 58 53 47
19 19 64 59 54
20 19 66 64 60
21 19 61 61 58
22 19 61 61 58
23 19 62 62 59
24 19 61 61 58
25 19 61 61 59
26 19 62 62 60
27 19 61 61 59
28 19 62 63 60
29 19 60 61 58
30 19 62 62 60
31 19 67 67 65
32 19 68 68 66
33 19 69 69 67
34 19 66 66 64
35 19 71 71 69
36 19 66 66 64
37 19 68 69 66
38 19 74 74 71
39 19 80 81 78
40 19 83 84 82
41 19 155 158 157
42 19 182 182 179
18 20 57 51 46
19 20 59 56 52
20 20 66 64 61
21 20 63 62 59
22 20 63 63 60
23 20 60 59 57
24 20 60 60 57
25 20 60 60 57
26 20 62 62 60
27 20 64 64 61
28 20 59 60 57
29 20 61 61 59
30 20 65 66 63
31 20 65 66 63
32 20 67 67 64
33 20 64 64 62
34 20 66 66 63
35 20 63 63 61
36 20 66 67 64
37 20 65 65 62
38 20 72 72 70
39 20 77 77 75
40 20 122 124 123
41 20 91 94 94
42 20 64 67 67
17 21 55 47 40
18 21 60 53 48
19 21 67 64 59
20 21 63 61 58
21 21 65 63 61
22 21 59 58 56
23 21 60 60 57
24 21 61 61 58
25 21 63 63 60
26 21 64 63 61
27 21 59 59 57
28 21 61 61 59
29 21 63 63 60
30 21 64 64 62
31 21 64 64 62
32 21 64 64 61
33 21 63 63 61
34 21 61 61 59
35 21 62 62 60
36 21 64 64 61
37 21 64 64 62
38 21 69 70 67
39 21 103 105 103
40 21 134 137 136
41 21 65 67 67
17 22 49 38 32
18 22 57 49 44
19 22 64 60 55
20 22 62 60 58
21 22 60 59 56
22 22 61 60 57
23 22 62 61 59
24 22 63 63 60
25 22 63 62 60
26 22 60 59 57
27 22 61 61 59
28 22 62 62 60
29 22 63 63 61
30 22 62 62 60
31 22 62 62 59
32 22 64 63 61
33 22 61 61 59
34 22 61 61 58
35 22 60 60 58
36 22 64 64 61
37 22 68 67 65
38 22 82 83 80
39 22 145 148 146
40 22 65 67 66
18 23 48 41 36
19 23 57 53 48
20 23 57 55 51
21 23 60 58 55
22 23 61 60 57
23 23 62 61 58
24 23 62 61 58
25 23 59 59 56
26 23 61 61 58
27 23 61 61 58
28 23 62 61 59
29 23 61 61 59
30 23 60 60 58
31 23 60 60 58
32 23 62 61 59
33 23 60 59 57
34 23 59 59 57
35 23 59 59 57
36 23 66 66 63
37 23 73 73 71
38 23 139 141 139
39 23 105 107 106
40 23 63 65 64
20 24 51 48 44
21 24 56 54 50
22 24 58 56 53
23 24 61 59 56
24 24 60 59 56
25 24 60 60 57
26 24 60 60 57
27 24 61 60 57
28 24 60 60 57
29 24 57 57 55
30 24 52 52 50
31 24 50 51 49
32 24 53 53 51
33 24 57 57 55
34 24 58 58 55
35 24 62 61 59
36 24 65 65 62
37 24 120 121 118
38 24 123 124 123
39 24 65 66 65
21 25 47 44 41
22 25 51 48 45
23 25 55 53 50
24 25 58 56 53
25 25 60 59 56
26 25 61 60 57
27 25 59 59 56
28 25 57 57 55
29 25 43 43 42
30 25 23 23 23
31 25 19 19 19
32 25 26 27 25
33 25 46 46 44
34 25 58 57 55
35 25 63 62 59
36 25 93 93 90
37 25 135 136 134
38 25 64 65 63
23 26 48 45 42
24 26 56 53 50
25 26 56 53 50
26 26 57 56 53
27 26 57 57 54
28 26 55 54 52
29 26 36 36 34
30 26 9 9 9
32 26 7 7 6
33 26 31 31 29
34 26 56 56 54
35 26 76 75 72
36 26 142 142 140
37 26 90 92 90
25 27 49 46 42
26 27 53 50 47
27 27 55 53 50
28 27 56 54 52
29 27 45 44 42
30 27 18 18 17
31 27 4 4 3
32 27 6 6 6
33 27 24 24 23
34 27 56 55 53
35 27 117 117 114
36 27 102 103 101
37 27 64 65 64
27 28 49 46 42
28 28 51 49 45
29 28 50 48 45
30 28 41 40 37
31 28 30 29 27
32 28 32 31 29
33 28 42 40 38
34 28 94 93 89
35 28 126 126 123
36 28 62 62 60
28 29 45 42 38
29 29 47 44 40
30 29 50 47 44
31 29 49 47 43
32 29 52 50 47
33 29 67 65 61
34 29 129 128 123
35 29 65 64 61
30 30 43 40 37
31 30 47 44 40
32 30 56 52 48
33 30 107 104 98
34 30 84 82 78
35 30 59 58 54
32 31 44 40 36
33 31 118 112 106
34 31 54 52 48
