31 0 175 171 164
32 0 179 172 163
33 0 179 172 164
30 1 183 182 179
31 1 188 187 183
32 1 191 187 181
33 1 188 182 174
34 1 188 182 179
28 2 179 179 177
29 2 186 186 184
30 2 187 187 185
31 2 186 186 184
32 2 192 192 188
33 2 193 189 183
34 2 192 183 179
27 3 182 183 180
28 3 185 185 183
29 3 179 180 178
30 3 159 160 158
31 3 137 138 136
32 3 174 175 172
33 3 194 192 189
34 3 195 188 183
35 3 189 179 176
25 4 179 179 177
26 4 184 184 182
27 4 187 188 185
28 4 180 181 179
29 4 139 140 138
30 4 67 68 67
31 4 40 41 40
32 4 146 147 144
33 4 192 192 189
34 4 197 193 188
35 4 196 185 181
36 4 180 168 165
23 5 172 172 169
24 5 181 181 179
25 5 185 185 182
26 5 189 189 187
27 5 189 190 187
28 5 177 178 176
29 5 101 102 100
30 5 44 44 43
31 5 111 112 110
32 5 167 168 165
33 5 193 193 191
34 5 198 196 192
35 5 198 189 185
36 5 191 180 178
22 6 175 175 173
23 6 181 181 179
24 6 186 186 184
25 6 189 189 186
26 6 189 190 187
27 6 189 190 187
28 6 185 185 183
29 6 151 152 149
30 6 145 146 144
31 6 175 176 173
32 6 191 192 189
33 6 197 197 195
34 6 198 197 194
35 6 200 194 190
36 6 194 182 178
37 6 181 169 166
20 7 170 171 169
21 7 176 178 175
22 7 179 180 178
23 7 183 184 182
24 7 187 187 185
25 7 188 188 186
26 7 189 189 186
27 7 189 190 187
28 7 189 190 187
29 7 185 186 183
30 7 187 188 185
31 7 193 193 191
32 7 196 196 193
33 7 198 197 195
34 7 198 198 195
35 7 200 197 194
36 7 200 191 187
37 7 188 175 172
38 7 166 161 157
19 8 172 174 171
20 8 173 175 173
21 8 165 167 165
22 8 156 158 156
23 8 167 169 166
24 8 184 185 182
25 8 187 187 185
26 8 187 187 184
27 8 185 186 183
28 8 185 186 184
29 8 189 190 187
30 8 193 193 191
31 8 194 194 191
32 8 195 196 193
33 8 198 197 195
34 8 198 198 196
35 8 199 198 195
36 8 200 195 191
37 8 196 182 179
38 8 177 166 163
17 9 162 164 162
18 9 172 174 173
19 9 176 178 176
20 9 158 159 157
21 9 106 108 106
22 9 64 66 65
23 9 124 126 124
24 9 178 178 176
25 9 185 185 183
26 9 173 174 172
27 9 151 152 149
28 9 147 148 146
29 9 174 175 173
30 9 191 192 190
31 9 194 194 192
32 9 195 196 193
33 9 192 192 190
34 9 187 187 185
35 9 192 192 189
36 9 198 195 192
37 9 200 190 186
38 9 185 175 172
39 9 160 156 152
17 10 172 176 175
18 10 177 180 179
19 10 174 176 173
20 10 125 127 124
21 10 30 31 30
22 10 57 58 58
23 10 141 143 141
24 10 178 178 176
25 10 174 174 171
26 10 128 129 126
27 10 55 56 54
28 10 45 46 46
29 10 141 142 141
30 10 188 189 187
31 10 193 194 191
32 10 182 183 180
33 10 146 147 144
34 10 121 122 120
35 10 151 151 149
36 10 184 182 179
37 10 198 192 188
38 10 195 182 178
39 10 170 161 158
40 10 150 148 144
18 11 180 183 182
19 11 171 173 171
20 11 121 122 119
21 11 87 88 86
22 11 127 129 127
23 11 170 171 169
24 11 181 182 179
25 11 166 166 163
26 11 85 85 82
27 11 19 19 18
28 11 78 79 77
29 11 155 156 154
30 11 188 188 186
31 11 189 189 187
32 11 149 150 147
33 11 49 49 48
34 11 14 15 14
35 11 90 89 88
36 11 178 176 175
37 11 199 195 191
38 11 199 190 185
39 11 183 169 166
40 11 165 161 157
18 12 182 184 183
19 12 181 182 180
20 12 169 169 166
21 12 163 163 160
22 12 169 170 167
23 12 181 181 178
24 12 181 182 179
25 12 166 167 164
26 12 114 114 111
27 12 95 94 91
28 12 141 141 138
29 12 181 181 179
30 12 191 191 188
31 12 181 181 178
32 12 106 106 103
33 12 14 14 13
34 12 28 28 27
35 12 120 120 118
36 12 186 185 183
37 12 200 197 193
38 12 198 190 183
39 12 190 173 167
40 12 174 166 162
41 12 161 160 155
18 13 182 185 184
19 13 184 185 183
20 13 182 182 179
21 13 179 179 175
22 13 181 181 178
23 13 182 182 179
24 13 182 183 180
25 13 178 178 175
26 13 171 171 168
27 13 169 169 166
28 13 179 179 176
29 13 189 188 186
30 13 191 191 188
31 13 186 186 183
32 13 140 140 136
33 13 97 96 93
34 13 114 114 111
35 13 168 167 164
36 13 195 193 190
37 13 196 192 188
38 13 185 176 170
39 13 181 169 162
40 13 183 174 170
41 13 169 166 162
18 14 183 185 184
19 14 184 185 183
20 14 184 184 181
21 14 182 181 178
22 14 181 181 177
23 14 182 181 178
24 14 181 181 178
25 14 181 182 179
26 14 182 182 180
27 14 185 185 182
28 14 188 187 185
29 14 190 189 186
30 14 190 190 187
31 14 191 191 187
32 14 184 184 180
33 14 180 179 176
34 14 182 181 178
35 14 192 190 187
36 14 188 186 182
37 14 169 163 158
38 14 125 118 112
39 14 145 138 130
40 14 182 173 168
41 14 176 169 165
42 14 163 161 157
19 15 184 185 183
20 15 185 185 182
21 15 182 182 179
22 15 180 179 176
23 15 175 175 172
24 15 167 168 165
25 15 163 164 161
26 15 176 176 174
27 15 185 185 182
28 15 187 186 183
29 15 189 189 185
30 15 191 189 186
31 15 192 191 187
32 15 193 192 188
33 15 193 192 189
34 15 189 187 183
35 15 178 174 170
36 15 135 131 125
37 15 87 83 78
38 15 75 72 68
39 15 102 98 93
40 15 158 152 146
41 15 180 173 169
42 15 171 167 163
19 16 184 185 184
20 16 184 185 183
21 16 183 182 179
22 16 177 177 174
23 16 150 150 146
24 16 107 107 105
25 16 86 86 84
26 16 151 152 149
27 16 183 183 180
28 16 188 187 183
29 16 189 188 184
30 16 191 189 185
31 16 192 190 186
32 16 193 191 187
33 16 184 181 177
34 16 149 146 141
35 16 85 82 78
36 16 43 42 39
37 16 24 23 21
38 16 28 27 25
39 16 71 69 66
40 16 114 110 105
41 16 168 162 156
42 16 176 171 166
43 16 167 164 159
19 17 182 184 182
20 17 183 184 182
21 17 181 181 178
22 17 162 161 158
23 17 100 100 97
24 17 21 21 20
25 17 26 26 25
26 17 136 136 132
27 17 182 181 177
28 17 188 186 182
29 17 189 187 183
30 17 190 189 184
31 17 186 184 180
32 17 166 163 159
33 17 124 122 117
34 17 84 82 78
35 17 33 32 30
36 17 5 5 5
37 17 5 5 4
38 17 34 34 33
39 17 72 71 67
40 17 96 94 89
41 17 135 132 125
42 17 173 169 164
43 17 171 168 163
20 18 182 182 179
21 18 179 179 176
22 18 155 154 150
23 18 59 58 56
24 18 7 7 6
25 18 76 76 73
26 18 161 160 156
27 18 183 182 177
28 18 187 185 180
29 18 187 185 181
30 18 177 176 172
31 18 141 140 136
32 18 108 107 103
33 18 97 96 93
34 18 78 77 74
35 18 41 40 39
36 18 29 29 28
37 18 48 48 46
38 18 73 73 70
39 18 94 93 89
40 18 96 94 89
41 18 100 98 93
42 18 150 147 140
43 18 173 169 164
44 18 168 164 160
20 19 179 178 175
21 19 179 178 174
22 19 165 164 159
23 19 119 117 112
24 19 101 99 95
25 19 146 144 139
26 19 177 175 171
27 19 184 182 178
28 19 178 177 174
29 19 148 148 145
30 19 110 110 106
31 19 100 100 96
32 19 98 98 94
33 19 97 97 94
34 19 90 90 87
35 19 81 80 78
36 19 79 79 76
37 19 84 83 81
38 19 92 92 88
39 19 95 94 90
40 19 97 95 91
41 19 98 96 91
42 19 113 110 105
43 19 156 152 147
44 19 173 169 164
20 20 178 176 172
21 20 180 178 173
22 20 178 176 172
23 20 168 165 160
24 20 170 168 162
25 20 179 177 173
26 20 178 178 174
27 20 158 158 155
28 20 119 119 116
29 20 99 99 96
30 20 99 99 95
31 20 98 98 95
32 20 97 97 94
33 20 98 97 94
34 20 97 96 94
35 20 95 95 92
36 20 95 94 91
37 20 94 94 91
38 20 94 94 90
39 20 96 95 91
40 20 95 93 89
41 20 95 93 89
42 20 87 86 82
43 20 117 115 110
44 20 161 157 152
45 20 167 162 156
20 21 173 171 167
21 21 178 176 172
22 21 180 178 173
23 21 180 178 173
24 21 178 177 173
25 21 167 167 164
26 21 124 125 122
27 21 81 81 79
28 21 68 68 66
29 21 75 75 73
30 21 94 95 92
31 21 97 97 94
32 21 97 97 94
33 21 97 97 94
34 21 96 95 93
35 21 96 96 93
36 21 96 95 92
37 21 95 94 91
38 21 93 93 90
39 21 86 86 82
40 21 69 68 65
41 21 52 51 48
42 21 42 41 39
43 21 71 70 68
44 21 131 128 122
45 21 163 156 149
46 21 164 160 155
21 22 173 170 166
22 22 178 177 173
23 22 172 172 169
24 22 145 146 144
25 22 88 90 87
26 22 40 40 38
27 22 15 15 15
28 22 18 18 18
29 22 52 53 52
30 22 90 90 88
31 22 96 96 93
32 22 97 97 94
33 22 96 96 93
34 22 96 95 92
35 22 96 95 93
36 22 95 94 92
37 22 94 94 91
38 22 91 90 87
39 22 70 69 66
40 22 27 26 25
41 22 9 9 8
42 22 18 18 18
43 22 70 69 67
44 22 97 92 87
45 22 135 123 114
46 22 166 153 143
21 23 170 171 168
22 23 147 148 146
23 23 112 114 111
24 23 93 94 92
25 23 48 49 47
26 23 13 14 13
27 23 13 14 14
28 23 37 38 38
29 23 75 76 75
30 23 94 94 92
31 23 96 96 93
32 23 96 96 93
33 23 95 95 92
34 23 95 95 92
35 23 95 95 92
36 23 94 94 91
37 23 94 94 91
38 23 87 86 83
39 23 57 56 54
40 23 28 27 26
41 23 33 33 32
42 23 59 56 54
43 23 82 79 74
44 23 91 85 80
45 23 58 53 48
22 24 127 128 126
23 24 114 115 112
24 24 95 96 94
25 24 70 72 70
26 24 60 62 61
27 24 66 68 67
28 24 79 81 80
29 24 92 93 91
30 24 95 96 93
31 24 95 96 93
32 24 95 95 93
33 24 94 94 91
34 24 94 94 91
35 24 95 94 91
36 24 94 93 91
37 24 94 93 91
38 24 92 92 89
39 24 79 79 76
40 24 75 73 71
41 24 68 65 62
42 24 75 71 67
43 24 113 105 98
23 25 63 64 63
24 25 102 104 101
25 25 96 98 95
26 25 93 94 92
27 25 93 94 92
28 25 95 96 93
29 25 95 95 93
30 25 94 95 92
31 25 92 93 90
32 25 88 88 85
33 25 87 87 84
34 25 90 90 87
35 25 93 93 90
36 25 94 94 91
37 25 93 92 90
38 25 92 91 88
39 25 91 88 85
40 25 83 80 77
41 25 93 88 83
25 26 109 110 108
26 26 101 102 100
27 26 96 97 94
28 26 95 96 93
29 26 95 95 93
30 26 87 87 85
31 26 67 67 65
32 26 48 48 47
33 26 47 47 46
34 26 70 70 68
35 26 91 91 88
36 26 93 92 89
37 26 94 91 88
38 26 88 84 80
39 26 92 88 83
40 26 61 57 52
26 27 111 112 109
27 27 104 104 102
28 27 96 96 94
29 27 92 92 90
30 27 61 62 60
31 27 21 21 20
32 27 6 6 6
33 27 23 24 24
34 27 70 71 69
35 27 90 89 86
36 27 86 83 80
37 27 97 93 88
38 27 63 59 55
27 28 126 127 125
28 28 100 101 99
29 28 89 89 87
30 28 56 56 55
31 28 35 36 35
32 28 41 42 41
33 28 61 61 58
34 28 79 78 75
35 28 92 89 85
36 28 62 60 57
28 29 142 143 141
29 29 102 103 101
30 29 85 85 83
31 29 80 79 77
32 29 74 72 69
33 29 76 74 71
34 29 100 95 90
29 30 64 64 62
30 30 97 95 91
31 30 82 80 75
32 30 93 89 83
33 30 60 56 51
31 31 52 48 43
