29 0 171 173 171
28 1 141 142 139
29 1 170 170 167
30 1 173 168 163
31 1 178 174 170
27 2 82 76 74
28 2 140 133 130
29 2 173 171 168
30 2 179 175 170
31 2 176 171 165
32 2 179 175 171
26 3 60 57 55
27 3 141 125 122
28 3 166 143 140
29 3 172 160 157
30 3 185 183 179
31 3 179 174 168
32 3 178 174 169
33 3 179 176 172
26 4 129 119 117
27 4 156 136 134
28 4 175 123 121
29 4 174 144 142
30 4 187 185 182
31 4 184 181 175
32 4 182 179 174
33 4 179 177 172
34 4 178 177 173
35 4 180 179 177
25 5 126 115 113
26 5 152 132 130
27 5 166 125 124
28 5 176 114 113
29 5 176 137 135
30 5 181 179 176
31 5 191 189 185
32 5 186 184 179
33 5 184 182 177
34 5 180 179 175
35 5 178 178 174
36 5 178 178 175
24 6 132 125 123
25 6 142 121 120
26 6 161 123 123
27 6 168 124 124
28 6 170 142 140
29 6 168 158 155
30 6 175 176 173
31 6 195 195 191
32 6 187 184 179
33 6 188 187 183
34 6 184 183 180
35 6 180 180 176
36 6 177 177 174
37 6 174 174 172
23 7 104 97 95
24 7 135 117 116
25 7 157 124 123
26 7 160 131 131
27 7 159 145 143
28 7 160 158 155
29 7 165 166 163
30 7 170 172 169
31 7 195 195 192
32 7 185 181 176
33 7 174 172 168
34 7 178 177 174
35 7 181 181 178
36 7 176 176 172
37 7 174 174 171
38 7 167 168 166
39 7 163 165 163
22 8 58 52 51
23 8 122 104 103
24 8 153 121 120
25 8 157 125 124
26 8 152 142 140
27 8 151 152 149
28 8 158 160 157
29 8 165 166 163
30 8 173 174 171
31 8 183 182 177
32 8 188 181 173
33 8 173 167 162
34 8 147 146 142
35 8 167 168 164
36 8 166 167 164
37 8 160 161 158
38 8 161 162 160
39 8 154 155 153
40 8 157 159 158
21 9 57 52 51
22 9 121 104 102
23 9 146 123 121
24 9 151 123 122
25 9 140 128 126
26 9 128 129 126
27 9 149 151 148
28 9 160 162 158
29 9 167 168 165
30 9 170 170 165
31 9 184 180 171
32 9 191 186 178
33 9 195 192 187
34 9 174 170 164
35 9 143 141 137
36 9 162 162 159
37 9 145 146 143
38 9 142 142 140
39 9 144 145 143
40 9 145 146 145
41 9 158 159 158
21 10 115 97 95
22 10 143 115 113
23 10 149 116 115
24 10 137 125 123
25 10 95 94 92
26 10 109 112 109
27 10 152 154 151
28 10 163 165 161
29 10 166 166 162
30 10 181 177 170
31 10 183 179 172
32 10 174 172 168
33 10 182 182 178
34 10 196 195 192
35 10 186 183 179
36 10 167 164 160
37 10 173 173 170
38 10 158 158 156
39 10 154 155 153
40 10 146 147 145
41 10 143 144 142
42 10 152 152 150
20 11 113 98 95
21 11 135 105 102
22 11 147 94 92
23 11 143 118 116
24 11 107 103 101
25 11 68 70 68
26 11 130 133 129
27 11 157 159 156
28 11 162 163 159
29 11 176 174 167
30 11 179 175 170
31 11 161 161 158
32 11 148 149 146
33 11 152 153 150
34 11 172 172 170
35 11 190 190 187
36 11 194 192 189
37 11 189 187 184
38 11 189 188 185
39 11 180 181 178
40 11 176 177 174
41 11 160 161 159
42 11 154 154 152
43 11 155 154 152
19 12 114 106 101
20 12 122 100 96
21 12 143 90 88
22 12 147 102 101
23 12 131 123 121
24 12 82 83 81
25 12 107 109 106
26 12 149 152 148
27 12 158 160 155
28 12 171 169 163
29 12 177 174 168
30 12 150 150 147
31 12 92 93 91
32 12 59 60 59
33 12 47 48 47
34 12 121 122 119
35 12 166 167 164
36 12 186 186 184
37 12 196 195 192
38 12 198 197 193
39 12 195 195 191
40 12 190 190 187
41 12 185 186 183
42 12 174 174 172
43 12 168 167 165
18 13 43 38 36
19 13 96 83 79
20 13 133 104 100
21 13 144 93 91
22 13 143 125 122
23 13 129 129 126
24 13 120 122 119
25 13 143 145 141
26 13 155 157 152
27 13 169 167 161
28 13 177 173 167
29 13 160 160 157
30 13 105 106 105
31 13 16 17 17
32 13 1 1 1
33 13 5 5 5
34 13 73 74 72
35 13 154 154 152
36 13 170 171 168
37 13 178 178 175
38 13 192 192 189
39 13 198 197 194
40 13 196 194 190
41 13 192 192 189
42 13 186 187 184
43 13 179 179 176
44 13 174 174 171
18 14 42 36 33
19 14 101 87 82
20 14 136 107 103
21 14 144 111 109
22 14 141 137 134
23 14 141 142 139
24 14 145 147 144
25 14 153 155 150
26 14 161 160 154
27 14 176 172 165
28 14 165 164 160
29 14 157 157 155
30 14 111 112 111
31 14 38 39 39
32 14 2 2 2
33 14 22 22 21
34 14 106 107 105
35 14 160 161 158
36 14 167 168 165
37 14 169 169 166
38 14 171 171 168
39 14 183 183 181
40 14 196 195 192
41 14 196 195 191
42 14 193 192 189
43 14 187 187 185
44 14 183 183 180
18 15 43 38 35
19 15 103 90 85
20 15 136 115 112
21 15 141 128 125
22 15 141 142 138
23 15 146 148 144
24 15 150 151 147
25 15 158 156 150
26 15 174 169 163
27 15 165 163 158
28 15 161 160 157
29 15 159 159 156
30 15 142 143 141
31 15 110 111 110
32 15 78 78 77
33 15 105 106 103
34 15 142 143 140
35 15 162 162 159
36 15 164 165 162
37 15 166 167 164
38 15 167 167 164
39 15 169 170 167
40 15 176 176 174
41 15 190 190 187
42 15 196 195 192
43 15 193 192 188
44 15 187 187 184
45 15 183 183 180
18 16 44 40 37
19 16 101 93 89
20 16 134 125 121
21 16 140 138 135
22 16 144 145 142
23 16 148 149 145
24 16 155 154 148
25 16 172 167 159
26 16 166 163 157
27 16 159 158 155
28 16 159 159 156
29 16 159 159 156
30 16 157 157 154
31 16 150 151 148
32 16 149 149 146
33 16 155 155 152
34 16 159 159 156
35 16 162 163 160
36 16 162 162 159
37 16 162 163 160
38 16 164 164 161
39 16 167 167 164
40 16 167 167 165
41 16 169 170 167
42 16 181 181 178
43 16 193 192 189
44 16 192 190 186
45 16 187 186 183
18 17 43 40 38
19 17 96 92 88
20 17 133 131 127
21 17 141 142 138
22 17 146 147 143
23 17 152 151 146
24 17 168 163 156
25 17 165 161 156
26 17 156 155 151
27 17 157 157 153
28 17 157 157 154
29 17 157 157 154
30 17 158 157 154
31 17 156 157 153
32 17 158 158 155
33 17 158 159 155
34 17 159 159 156
35 17 159 160 156
36 17 159 160 157
37 17 160 161 158
38 17 161 162 159
39 17 161 162 159
40 17 162 163 160
41 17 163 163 161
42 17 164 164 161
43 17 175 176 173
44 17 186 185 182
45 17 190 188 184
46 17 182 179 174
19 18 99 98 94
20 18 135 135 131
21 18 144 144 140
22 18 149 148 143
23 18 165 160 152
24 18 164 160 154
25 18 154 153 149
26 18 154 154 149
27 18 155 155 151
28 18 155 155 151
29 18 156 156 153
30 18 155 154 151
31 18 156 155 152
32 18 156 156 152
33 18 157 157 153
34 18 156 157 153
35 18 157 157 154
36 18 157 157 154
37 18 158 159 156
38 18 158 158 155
39 18 157 158 154
40 18 158 158 155
41 18 159 160 157
42 18 161 162 159
43 18 163 163 160
44 18 168 169 166
45 18 180 180 178
46 18 186 186 184
19 19 100 99 95
20 19 136 136 131
21 19 146 145 140
22 19 161 155 148
23 19 164 159 152
24 19 153 151 147
25 19 151 150 146
26 19 153 153 148
27 19 153 153 149
28 19 153 152 149
29 19 154 153 150
30 19 153 152 149
31 19 154 154 151
32 19 154 154 151
33 19 154 154 151
34 19 154 154 151
35 19 154 154 151
36 19 155 155 152
37 19 155 155 152
38 19 155 156 152
39 19 154 155 151
40 19 155 156 152
41 19 156 157 153
42 19 158 158 155
43 19 158 159 156
44 19 163 164 162
45 19 162 165 163
46 19 168 170 170
47 19 187 190 189
19 20 106 104 99
20 20 138 136 131
21 20 156 150 143
22 20 163 157 150
23 20 152 149 145
24 20 151 149 145
25 20 150 149 145
26 20 151 150 146
27 20 152 151 148
28 20 151 150 147
29 20 151 150 147
30 20 151 151 148
31 20 152 152 149
32 20 151 151 148
33 20 152 152 149
34 20 152 152 149
35 20 152 153 149
36 20 152 152 150
37 20 152 152 149
38 20 153 153 150
39 20 153 153 149
40 20 154 154 150
41 20 154 154 151
42 20 155 156 152
43 20 160 161 158
44 20 157 159 157
45 20 131 134 133
46 20 70 73 72
19 21 105 100 93
20 21 146 137 129
21 21 161 153 145
22 21 150 146 141
23 21 149 147 143
24 21 149 147 143
25 21 149 148 143
26 21 149 148 144
27 21 148 148 144
28 21 148 148 144
29 21 149 148 145
30 21 149 149 146
31 21 150 150 146
32 21 149 149 146
33 21 149 150 146
34 21 149 149 146
35 21 150 150 147
36 21 150 150 147
37 21 150 149 146
38 21 150 149 146
39 21 151 150 147
40 21 152 151 148
41 21 153 153 149
42 21 155 156 153
43 21 155 157 155
44 21 127 129 128
45 21 63 65 64
19 22 120 102 91
20 22 152 138 127
21 22 149 142 135
22 22 146 144 139
23 22 147 145 141
24 22 147 145 141
25 22 147 146 142
26 22 147 147 142
27 22 146 146 142
28 22 145 145 141
29 22 147 146 143
30 22 147 147 143
31 22 147 147 143
32 22 148 148 145
33 22 147 147 143
34 22 148 148 144
35 22 148 148 145
36 22 147 147 144
37 22 147 147 144
38 22 147 147 144
39 22 150 149 146
40 22 151 150 147
41 22 153 153 150
42 22 152 154 152
43 22 128 130 128
44 22 63 65 64
19 23 46 35 29
20 23 137 124 113
21 23 141 134 126
22 23 141 138 133
23 23 144 141 137
24 23 144 142 138
25 23 146 144 140
26 23 146 145 141
27 23 144 143 139
28 23 144 143 139
29 23 145 145 141
30 23 145 144 141
31 23 145 145 141
32 23 144 144 141
33 23 145 145 142
34 23 144 144 141
35 23 145 145 142
36 23 144 144 141
37 23 145 144 141
38 23 146 145 142
39 23 147 147 143
40 23 150 150 147
41 23 150 151 149
42 23 126 128 127
43 23 63 64 63
21 24 121 114 106
22 24 141 135 129
23 24 140 136 131
24 24 142 140 135
25 24 144 142 137
26 24 143 142 137
27 24 143 142 138
28 24 142 141 137
29 24 142 142 137
30 24 142 142 138
31 24 142 142 139
32 24 135 135 132
33 24 128 129 126
34 24 124 124 121
35 24 133 133 130
36 24 141 141 137
37 24 142 142 138
38 24 146 145 141
39 24 148 147 144
40 24 148 149 146
41 24 125 126 124
42 24 62 63 62
23 25 124 119 113
24 25 138 133 128
25 25 139 135 131
26 25 141 139 134
27 25 141 140 135
28 25 141 140 135
29 25 140 139 135
30 25 139 138 134
31 25 130 130 127
32 25 91 91 89
33 25 61 62 60
34 25 55 56 54
35 25 87 88 84
36 25 131 131 127
37 25 141 141 137
38 25 145 144 140
39 25 146 146 143
40 25 130 131 129
41 25 61 62 61
24 26 133 127 121
25 26 133 128 122
26 26 137 133 127
27 26 137 134 129
28 26 138 136 131
29 26 138 137 133
30 26 136 135 131
31 26 108 108 105
32 26 39 39 38
33 26 6 6 6
34 26 6 6 6
35 26 59 60 57
36 26 123 123 119
37 26 142 141 138
38 26 144 144 141
39 26 128 129 127
40 26 61 62 61
26 27 105 100 94
27 27 132 127 121
28 27 134 130 125
29 27 134 132 127
30 27 134 132 128
31 27 108 107 104
32 27 42 42 40
33 27 19 18 17
34 27 33 33 31
35 27 77 76 72
36 27 128 128 124
37 27 142 142 139
38 27 126 127 125
39 27 62 62 61
28 28 120 115 109
29 28 130 125 119
30 28 130 126 120
31 28 121 119 114
32 28 96 95 91
33 28 90 88 84
34 28 100 97 93
35 28 119 117 112
36 28 137 135 131
37 28 122 122 119
38 28 59 60 58
29 29 44 41 37
30 29 118 112 105
31 29 125 121 114
32 29 123 119 113
33 29 123 119 114
34 29 127 124 119
35 29 133 131 126
36 29 120 119 114
37 29 59 58 55
31 30 119 113 105
32 30 120 114 106
33 30 121 115 108
34 30 124 120 114
35 30 114 112 106
36 30 56 54 51
33 31 94 88 80
34 31 113 106 100
35 31 50 47 44
