29 0 177 180 178
28 1 174 176 174
29 1 186 188 186
30 1 192 194 192
27 2 178 176 173
28 2 186 180 178
29 2 190 187 185
30 2 193 194 192
31 2 195 197 195
26 3 175 175 173
27 3 186 177 174
28 3 199 169 166
29 3 198 176 174
30 3 193 187 185
31 3 196 196 195
32 3 197 198 197
25 4 176 174 172
26 4 183 176 174
27 4 190 177 175
28 4 202 152 150
29 4 205 148 147
30 4 202 170 169
31 4 197 186 185
32 4 199 198 196
33 4 200 202 200
24 5 172 170 168
25 5 182 172 170
26 5 194 162 161
27 5 197 156 156
28 5 201 156 158
29 5 206 131 130
30 5 205 145 144
31 5 203 176 174
32 5 196 194 191
33 5 200 202 199
34 5 202 205 202
23 6 173 172 170
24 6 182 172 170
25 6 192 164 163
26 6 195 157 158
27 6 198 146 147
28 6 199 158 158
29 6 198 174 173
30 6 197 183 181
31 6 196 190 188
32 6 194 195 192
33 6 196 198 196
34 6 202 204 201
35 6 205 207 204
22 7 172 170 168
23 7 178 170 168
24 7 189 161 160
25 7 195 151 151
26 7 194 161 162
27 7 192 173 173
28 7 190 181 179
29 7 188 188 185
30 7 191 192 189
31 7 193 194 192
32 7 194 196 193
33 7 197 199 196
34 7 199 201 198
35 7 204 206 203
36 7 206 207 204
21 8 172 169 167
22 8 177 166 164
23 8 186 159 157
24 8 192 137 137
25 8 191 158 157
26 8 187 173 171
27 8 182 180 178
28 8 182 184 181
29 8 186 188 185
30 8 190 192 189
31 8 191 193 190
32 8 195 196 193
33 8 198 199 196
34 8 199 201 198
35 8 201 202 198
36 8 203 201 196
37 8 198 193 184
20 9 171 168 166
21 9 174 164 162
22 9 184 156 154
23 9 186 157 156
24 9 187 160 159
25 9 183 170 169
26 9 167 167 165
27 9 152 154 151
28 9 164 167 164
29 9 185 188 185
30 9 190 192 189
31 9 192 194 191
32 9 195 197 194
33 9 197 198 195
34 9 198 199 196
35 9 198 197 192
36 9 199 194 186
37 9 199 195 187
38 9 207 205 201
19 10 168 164 162
20 10 171 159 156
21 10 181 145 143
22 10 186 130 129
23 10 184 154 154
24 10 179 170 168
25 10 160 159 157
26 10 108 110 108
27 10 71 74 72
28 10 141 144 141
29 10 182 185 182
30 10 191 192 190
31 10 193 195 192
32 10 194 196 193
33 10 197 198 195
34 10 198 197 192
35 10 200 196 189
36 10 199 196 190
37 10 192 191 187
38 10 198 198 195
39 10 206 206 204
18 11 166 160 156
19 11 170 157 153
20 11 177 141 139
21 11 183 100 97
22 11 185 122 121
23 11 182 163 162
24 11 171 168 166
25 11 128 129 127
26 11 36 37 36
27 11 65 68 66
28 11 155 158 155
29 11 186 188 185
30 11 191 192 189
31 11 193 195 192
32 11 194 196 192
33 11 196 195 191
34 11 198 195 188
35 11 194 192 187
36 11 177 177 174
37 11 173 174 171
38 11 188 188 186
39 11 194 194 192
40 11 204 205 203
17 12 164 160 155
18 12 164 155 150
19 12 174 145 141
20 12 180 114 113
21 12 181 88 87
22 12 182 139 138
23 12 178 172 170
24 12 165 166 163
25 12 109 112 109
26 12 71 74 72
27 12 138 141 138
28 12 177 180 177
29 12 189 191 187
30 12 191 193 189
31 12 193 194 191
32 12 194 193 188
33 12 196 193 187
34 12 190 188 184
35 12 154 154 151
36 12 98 99 97
37 12 79 80 79
38 12 150 150 148
39 12 186 187 184
40 12 194 194 192
41 12 204 204 202
16 13 154 146 139
17 13 153 148 142
18 13 165 158 152
19 13 176 139 135
20 13 180 112 111
21 13 180 113 112
22 13 181 158 156
23 13 177 176 174
24 13 172 173 170
25 13 152 154 152
26 13 157 159 156
27 13 178 180 176
28 13 187 189 185
29 13 190 192 188
30 13 191 193 189
31 13 192 192 187
32 13 195 192 186
33 13 193 191 187
34 13 161 161 159
35 13 67 68 67
36 13 2 2 2
37 13 23 24 23
38 13 128 129 127
39 13 183 183 181
40 13 188 188 186
41 13 192 193 190
42 13 201 202 200
17 14 160 156 150
18 14 162 158 153
19 14 171 151 147
20 14 180 127 124
21 14 181 134 132
22 14 178 168 165
23 14 177 178 175
24 14 179 180 177
25 14 179 181 178
26 14 181 183 180
27 14 185 187 183
28 14 188 190 186
29 14 189 191 187
30 14 189 189 184
31 14 194 191 185
32 14 194 191 187
33 14 187 187 184
34 14 147 148 146
35 14 45 46 46
36 14 6 6 6
37 14 74 75 73
38 14 160 161 158
39 14 184 184 182
40 14 187 187 184
41 14 185 185 182
42 14 190 191 188
43 14 198 199 197
17 15 163 160 154
18 15 160 158 153
19 15 168 162 159
20 15 177 150 147
21 15 179 150 147
22 15 176 172 169
23 15 177 178 175
24 15 179 181 178
25 15 182 183 180
26 15 184 185 182
27 15 186 187 184
28 15 187 188 184
29 15 189 188 183
30 15 192 188 182
31 15 193 190 185
32 15 186 186 183
33 15 184 184 181
34 15 165 165 164
35 15 124 125 124
36 15 101 102 100
37 15 149 149 146
38 15 177 178 175
39 15 183 183 181
40 15 183 184 181
41 15 184 184 181
42 15 183 183 181
43 15 186 187 184
44 15 196 196 194
18 16 162 160 155
19 16 165 164 159
20 16 173 166 162
21 16 177 167 164
22 16 176 176 173
23 16 178 179 176
24 16 181 182 179
25 16 182 184 180
26 16 184 185 181
27 16 186 186 182
28 16 188 187 182
29 16 192 187 181
30 16 191 188 183
31 16 184 183 180
32 16 184 184 181
33 16 184 184 182
34 16 178 179 176
35 16 173 174 171
36 16 171 172 169
37 16 179 180 177
38 16 181 182 179
39 16 182 182 179
40 16 181 181 179
41 16 181 181 179
42 16 181 182 179
43 16 180 181 178
44 16 184 184 182
45 16 193 193 191
19 17 164 162 158
20 17 169 169 165
21 17 174 174 170
22 17 177 178 174
23 17 179 180 176
24 17 181 182 179
25 17 183 184 180
26 17 185 185 181
27 17 186 185 179
28 17 190 185 178
29 17 189 186 180
30 17 183 182 178
31 17 182 182 179
32 17 182 182 179
33 17 181 181 178
34 17 181 181 178
35 17 180 180 177
36 17 180 181 177
37 17 179 180 176
38 17 179 179 176
39 17 178 179 176
40 17 180 180 178
41 17 178 178 175
42 17 177 178 175
43 17 177 178 175
44 17 176 177 174
45 17 180 181 178
46 17 190 191 189
19 18 155 154 149
20 18 169 168 164
21 18 175 175 171
22 18 178 179 175
23 18 179 180 176
24 18 182 182 178
25 18 183 183 179
26 18 185 183 177
27 18 188 183 176
28 18 188 184 179
29 18 182 181 177
30 18 181 180 176
31 18 180 180 177
32 18 180 180 177
33 18 180 179 176
34 18 180 179 176
35 18 178 178 175
36 18 179 179 176
37 18 178 178 175
38 18 177 177 174
39 18 177 177 174
40 18 176 177 174
41 18 175 176 172
42 18 176 176 173
43 18 175 176 173
44 18 175 175 172
45 18 175 176 173
46 18 176 177 176
47 18 181 183 182
20 19 168 166 161
21 19 174 173 169
22 19 177 178 174
23 19 180 181 176
24 19 181 181 177
25 19 181 179 174
26 19 187 181 174
27 19 187 182 177
28 19 179 178 174
29 19 180 179 175
30 19 179 179 175
31 19 179 178 175
32 19 178 178 175
33 19 178 178 175
34 19 177 176 173
35 19 177 177 174
36 19 175 175 172
37 19 175 176 172
38 19 175 175 172
39 19 175 175 172
40 19 174 174 171
41 19 173 173 170
42 19 172 173 169
43 19 172 173 170
44 19 174 175 172
45 19 173 175 173
46 19 159 161 160
47 19 169 172 171
20 20 175 172 167
21 20 171 170 165
22 20 177 176 172
23 20 179 179 175
24 20 180 178 172
25 20 184 178 170
26 20 185 180 174
27 20 180 178 174
28 20 178 177 173
29 20 177 177 173
30 20 177 177 173
31 20 176 175 172
32 20 175 175 171
33 20 175 175 172
34 20 175 175 172
35 20 174 175 171
36 20 174 174 171
37 20 172 173 170
38 20 174 174 171
39 20 172 172 169
40 20 171 171 168
41 20 170 171 167
42 20 171 171 168
43 20 172 173 170
44 20 171 173 170
45 20 160 162 160
46 20 91 93 92
21 21 173 170 164
22 21 174 171 165
23 21 178 174 167
24 21 182 175 166
25 21 183 178 171
26 21 177 174 170
27 21 176 174 171
28 21 176 175 171
29 21 175 174 170
30 21 174 174 170
31 21 174 173 170
32 21 174 173 170
33 21 173 173 170
34 21 173 173 170
35 21 171 171 168
36 21 171 171 168
37 21 171 171 168
38 21 171 170 167
39 21 169 169 166
40 21 169 169 166
41 21 170 170 166
42 21 170 170 167
43 21 169 170 168
44 21 159 161 159
45 21 63 64 63
22 22 166 158 149
23 22 177 165 155
24 22 180 172 164
25 22 174 171 166
26 22 175 173 169
27 22 174 173 169
28 22 174 172 168
29 22 173 172 168
30 22 170 170 166
31 22 171 171 167
32 22 171 170 167
33 22 171 170 167
34 22 170 170 167
35 22 170 170 167
36 22 168 168 165
37 22 169 169 166
38 22 168 168 165
39 22 168 167 164
40 22 168 168 164
41 22 169 169 166
42 22 168 169 167
43 22 153 155 153
44 22 63 64 62
22 23 163 142 128
23 23 174 159 148
24 23 171 164 156
25 23 171 168 163
26 23 172 170 166
27 23 171 170 166
28 23 172 171 167
29 23 171 170 166
30 23 169 168 164
31 23 168 168 164
32 23 168 168 164
33 23 168 168 164
34 23 167 167 164
35 23 167 167 164
36 23 165 165 162
37 23 166 166 163
38 23 165 165 162
39 23 165 164 161
40 23 166 166 162
41 23 167 167 164
42 23 152 153 151
43 23 62 63 61
23 24 169 158 148
24 24 171 164 156
25 24 169 165 159
26 24 167 165 160
27 24 169 167 163
28 24 170 168 164
29 24 168 167 163
30 24 167 166 162
31 24 166 166 162
32 24 166 165 161
33 24 163 163 160
34 24 153 153 150
35 24 146 147 144
36 24 146 147 143
37 24 161 161 157
38 24 164 164 160
39 24 164 164 160
40 24 165 165 162
41 24 151 151 149
42 24 61 62 60
25 25 166 160 154
26 25 169 165 159
27 25 165 161 157
28 25 167 165 161
29 25 166 164 160
30 25 165 164 159
31 25 164 163 159
32 25 160 160 156
33 25 144 144 141
34 25 98 98 96
35 25 74 74 73
36 25 97 98 95
37 25 148 148 145
38 25 162 162 158
39 25 162 162 159
40 25 146 146 143
41 25 60 61 59
26 26 168 163 156
27 26 168 163 157
28 26 162 158 153
29 26 163 160 156
30 26 162 161 157
31 26 161 160 156
32 26 151 151 147
33 26 100 100 97
34 26 25 25 25
35 26 16 16 15
36 26 87 87 83
37 26 148 148 144
38 26 160 160 156
39 26 143 143 140
40 26 60 60 58
28 27 163 158 152
29 27 162 158 152
30 27 157 155 150
31 27 157 155 151
32 27 144 143 140
33 27 82 82 79
34 27 40 39 37
35 27 65 64 61
36 27 122 121 116
37 27 153 152 149
38 27 140 141 137
39 27 60 60 58
29 28 160 154 148
30 28 160 155 149
31 28 153 150 144
32 28 148 146 141
33 28 122 121 116
34 28 117 114 109
35 28 130 128 123
36 28 146 144 140
37 28 135 134 131
38 28 56 56 54
31 29 151 145 138
32 29 149 145 138
33 29 145 141 135
34 29 146 143 137
35 29 148 145 140
36 29 134 132 126
37 29 55 54 51
32 30 150 144 136
33 30 146 140 132
34 30 141 136 129
35 30 128 125 119
36 30 53 51 47
34 31 126 118 111
35 31 45 41 38
