34 0 159 151 141
33 1 173 171 167
34 1 178 175 169
35 1 173 167 159
31 2 160 156 151
32 2 159 155 150
33 2 185 185 182
34 2 185 185 181
35 2 181 178 172
36 2 177 171 164
30 3 148 145 139
31 3 161 158 154
32 3 182 181 177
33 3 191 192 190
34 3 177 178 175
35 3 164 163 159
36 3 176 172 167
37 3 181 171 163
29 4 159 157 151
30 4 159 156 151
31 4 177 176 172
32 4 196 196 194
33 4 195 196 194
34 4 169 170 167
35 4 101 102 99
36 4 154 152 148
37 4 179 174 170
38 4 181 170 162
28 5 152 149 144
29 5 157 155 150
30 5 171 170 167
31 5 196 197 194
32 5 199 200 197
33 5 198 198 196
34 5 187 188 185
35 5 134 135 133
36 5 95 95 92
37 5 163 161 157
38 5 181 175 170
26 6 156 153 148
27 6 146 144 139
28 6 157 155 150
29 6 167 167 163
30 6 189 189 187
31 6 201 202 200
32 6 200 201 199
33 6 199 200 197
34 6 195 196 194
35 6 181 181 179
36 6 134 134 132
37 6 158 158 156
38 6 181 178 175
39 6 182 176 171
25 7 136 134 129
26 7 138 136 131
27 7 147 146 142
28 7 160 160 156
29 7 176 177 175
30 7 200 202 200
31 7 199 201 199
32 7 189 190 188
33 7 193 194 192
34 7 196 197 194
35 7 194 194 192
36 7 182 183 180
37 7 179 180 177
38 7 183 183 180
39 7 182 180 176
40 7 180 174 168
24 8 123 119 113
25 8 124 122 117
26 8 135 133 129
27 8 145 146 143
28 8 159 160 158
29 8 191 193 192
30 8 202 204 203
31 8 191 192 190
32 8 128 130 128
33 8 148 150 147
34 8 187 187 185
35 8 194 195 192
36 8 190 191 189
37 8 186 187 184
38 8 185 186 183
39 8 184 184 181
40 8 181 178 174
41 8 179 172 167
23 9 131 127 122
24 9 118 115 110
25 9 126 125 122
26 9 134 134 131
27 9 152 152 150
28 9 163 164 162
29 9 182 185 184
30 9 202 204 204
31 9 196 198 197
32 9 132 134 132
33 9 43 44 43
34 9 149 151 148
35 9 190 191 188
36 9 183 183 181
37 9 159 161 159
38 9 174 175 173
39 9 184 184 181
40 9 181 180 177
41 9 177 174 170
42 9 174 166 161
22 10 129 121 114
23 10 122 118 113
24 10 129 128 125
25 10 143 143 141
26 10 152 153 150
27 10 159 160 158
28 10 131 133 130
29 10 109 111 109
30 10 180 184 183
31 10 201 204 203
32 10 175 177 175
33 10 76 77 75
34 10 104 106 105
35 10 182 183 181
36 10 178 178 176
37 10 101 101 99
38 10 121 122 120
39 10 173 173 171
40 10 178 179 176
41 10 163 163 160
42 10 165 160 156
43 10 169 160 155
21 11 147 143 137
22 11 132 128 123
23 11 147 146 143
24 11 158 158 156
25 11 164 164 161
26 11 160 161 159
27 11 113 114 111
28 11 69 70 68
29 11 74 75 73
30 11 112 114 113
31 11 182 184 183
32 11 197 199 198
33 11 173 174 172
34 11 149 150 147
35 11 179 180 178
36 11 187 188 186
37 11 150 150 147
38 11 62 62 61
39 11 138 139 137
40 11 174 174 172
41 11 137 138 135
42 11 124 121 118
43 11 157 151 146
44 11 169 161 155
20 12 158 153 147
21 12 145 142 137
22 12 158 157 153
23 12 168 168 165
24 12 168 168 165
25 12 153 154 151
26 12 94 96 93
27 12 44 45 44
28 12 22 22 21
29 12 27 27 26
30 12 53 53 51
31 12 111 112 110
32 12 182 184 183
33 12 200 201 199
34 12 194 194 191
35 12 191 191 188
36 12 192 192 190
37 12 181 181 178
38 12 131 131 128
39 12 129 129 126
40 12 174 174 171
41 12 157 157 154
42 12 75 74 72
43 12 131 127 124
44 12 165 159 154
45 12 164 153 146
20 13 154 150 145
21 13 159 157 153
22 13 170 170 167
23 13 167 167 165
24 13 146 147 144
25 13 85 86 84
26 13 53 54 52
27 13 17 17 17
28 13 1 1 1
29 13 1 1 1
30 13 14 14 13
31 13 67 67 65
32 13 114 115 113
33 13 183 185 183
34 13 201 202 200
35 13 197 196 193
36 13 193 193 190
37 13 190 190 187
38 13 180 180 178
39 13 170 170 167
40 13 178 178 175
41 13 176 176 173
42 13 136 136 133
43 13 104 103 100
44 13 158 154 149
45 13 164 156 150
19 14 165 161 156
20 14 162 160 155
21 14 170 170 166
22 14 163 164 161
23 14 130 130 128
24 14 73 73 72
25 14 62 63 61
26 14 58 59 58
27 14 26 28 27
28 14 3 4 4
29 14 1 1 1
30 14 6 5 5
31 14 44 43 42
32 14 69 69 66
33 14 117 118 115
34 14 184 185 183
35 14 200 200 198
36 14 195 195 192
37 14 192 192 189
38 14 189 189 186
39 14 184 185 182
40 14 183 184 181
41 14 183 182 180
42 14 175 174 171
43 14 154 153 149
44 14 162 160 156
45 14 167 163 158
18 15 165 161 155
19 15 157 155 150
20 15 167 166 162
21 15 157 158 155
22 15 113 114 111
23 15 52 53 51
24 15 21 22 21
25 15 24 24 24
26 15 42 43 43
27 15 48 50 50
28 15 24 26 25
29 15 12 12 12
30 15 25 25 24
31 15 50 50 48
32 15 65 65 62
33 15 86 86 82
34 15 124 124 121
35 15 186 187 185
36 15 198 199 197
37 15 194 193 190
38 15 188 188 185
39 15 176 177 174
40 15 173 173 170
41 15 181 181 178
42 15 182 181 178
43 15 178 177 173
44 15 173 172 168
45 15 169 167 163
17 16 163 159 154
18 16 155 152 147
19 16 162 160 156
20 16 146 146 143
21 16 103 104 102
22 16 56 57 56
23 16 19 19 19
24 16 1 1 1
25 16 1 1 1
26 16 10 11 11
27 16 47 49 48
28 16 58 59 58
29 16 53 54 53
30 16 56 56 54
31 16 63 62 60
32 16 73 73 70
33 16 82 81 78
34 16 80 80 76
35 16 123 123 119
36 16 185 185 182
37 16 197 197 195
38 16 190 190 187
39 16 161 161 158
40 16 113 113 111
41 16 160 160 157
42 16 180 179 176
43 16 180 178 174
44 16 176 174 170
45 16 172 170 165
17 17 157 154 149
18 17 156 155 150
19 17 135 136 132
20 17 73 74 72
21 17 56 57 55
22 17 54 55 54
23 17 30 32 31
24 17 6 6 6
26 17 7 7 7
27 17 40 40 39
28 17 67 68 66
29 17 70 70 68
30 17 71 71 69
31 17 73 72 69
32 17 73 72 69
33 17 75 74 71
34 17 68 67 63
35 17 73 71 67
36 17 129 128 123
37 17 184 184 180
38 17 193 193 191
39 17 171 170 167
40 17 75 75 72
41 17 96 95 92
42 17 167 166 162
43 17 180 178 173
44 17 176 174 169
45 17 175 172 168
16 18 162 154 144
17 18 141 137 129
18 18 122 121 117
19 18 59 60 58
20 18 19 20 19
21 18 17 17 17
22 18 24 25 24
23 18 39 41 40
24 18 31 33 32
25 18 16 16 16
26 18 26 27 26
27 18 52 52 50
28 18 71 71 68
29 18 72 72 69
30 18 74 74 71
31 18 72 72 69
32 18 71 70 67
33 18 70 69 66
34 18 64 63 59
35 18 74 72 68
36 18 82 80 75
37 18 128 127 122
38 18 182 181 177
39 18 185 185 182
40 18 140 139 135
41 18 57 56 54
42 18 146 145 141
43 18 178 176 171
44 18 177 174 169
16 19 62 56 48
17 19 109 103 94
18 19 69 68 64
19 19 37 37 36
20 19 6 6 5
21 19 1 1 1
22 19 3 3 3
23 19 34 35 34
24 19 61 62 60
25 19 57 57 55
26 19 59 60 58
27 19 67 67 64
28 19 68 68 65
29 19 74 73 71
30 19 72 72 70
31 19 69 69 66
32 19 67 67 64
33 19 67 66 63
34 19 63 62 59
35 19 66 65 61
36 19 59 57 53
37 19 63 61 57
38 19 131 130 124
39 19 181 180 176
40 19 177 176 172
41 19 143 141 136
42 19 145 142 137
43 19 176 174 169
44 19 177 174 169
17 20 61 56 49
18 20 74 70 64
19 20 51 50 47
20 20 22 22 21
21 20 3 3 3
22 20 4 4 4
23 20 34 35 34
24 20 66 66 64
25 20 70 71 68
26 20 71 70 68
27 20 69 69 66
28 20 71 70 68
29 20 73 72 70
30 20 71 71 68
31 20 65 65 62
32 20 66 66 63
33 20 66 66 63
34 20 56 56 52
35 20 36 35 33
36 20 18 18 17
37 20 26 25 23
38 20 66 64 60
39 20 136 134 129
40 20 181 179 175
41 20 181 179 174
42 20 175 173 168
43 20 179 177 172
44 20 176 174 168
18 21 57 52 46
19 21 67 63 57
20 21 50 49 46
21 21 34 34 33
22 21 35 35 34
23 21 54 54 52
24 21 69 69 66
25 21 72 72 69
26 21 71 70 68
27 21 69 69 67
28 21 70 70 67
29 21 72 71 69
30 21 66 66 63
31 21 64 64 61
32 21 66 66 63
33 21 65 65 62
34 21 39 39 37
35 21 9 9 8
37 21 2 2 1
38 21 27 26 24
39 21 59 57 53
40 21 136 134 129
41 21 179 176 172
42 21 182 180 175
43 21 180 178 173
44 21 177 174 169
19 22 57 52 47
20 22 72 68 63
21 22 66 64 61
22 22 67 67 64
23 22 70 70 68
24 22 73 72 70
25 22 72 71 69
26 22 71 71 68
27 22 70 69 67
28 22 70 70 67
29 22 68 68 65
30 22 60 60 58
31 22 53 53 51
32 22 49 49 46
33 22 52 53 50
34 22 43 43 41
35 22 15 15 14
38 22 12 11 10
39 22 46 45 42
40 22 74 72 67
41 22 132 128 121
42 22 172 167 162
43 22 176 173 168
20 23 59 54 49
21 23 75 71 66
22 23 72 70 67
23 23 73 73 70
24 23 72 72 70
25 23 71 71 69
26 23 71 71 68
27 23 69 68 66
28 23 67 67 64
29 23 67 67 64
30 23 49 49 47
31 23 23 23 22
32 23 10 10 10
33 23 17 17 16
34 23 40 40 38
35 23 39 39 37
36 23 20 20 19
37 23 16 16 15
38 23 30 29 27
39 23 55 53 49
40 23 66 63 58
41 23 64 60 55
42 23 127 117 110
43 23 163 154 147
21 24 59 54 49
22 24 79 74 68
23 24 73 71 68
24 24 70 69 67
25 24 72 71 69
26 24 69 69 66
27 24 65 65 63
28 24 65 65 62
29 24 65 65 62
30 24 41 41 40
31 24 8 8 8
32 24 1 1 1
34 24 20 19 18
35 24 47 47 45
36 24 52 51 48
37 24 52 51 48
38 24 54 52 49
39 24 63 59 55
40 24 63 59 54
41 24 55 51 46
42 24 45 41 37
22 25 59 55 49
23 25 72 68 62
24 25 70 68 64
25 25 71 70 68
26 25 61 61 59
27 25 47 47 45
28 25 39 39 38
29 25 45 45 43
30 25 49 49 47
31 25 29 29 28
32 25 7 7 7
33 25 2 2 2
34 25 21 21 19
35 25 49 49 46
36 25 64 62 59
37 25 63 61 56
38 25 56 53 49
39 25 59 56 52
40 25 50 46 43
23 26 59 54 49
24 26 75 70 65
25 26 68 66 63
26 26 51 51 49
27 26 16 16 15
28 26 4 4 3
29 26 8 8 8
30 26 30 30 29
31 26 52 52 50
32 26 38 38 37
33 26 31 30 29
34 26 47 46 44
35 26 59 58 54
36 26 64 61 57
37 26 54 51 48
38 26 51 48 44
24 27 58 53 48
25 27 73 69 63
26 27 50 48 45
27 27 15 14 13
28 27 1 1 1
29 27 1 1 1
30 27 21 21 20
31 27 55 54 52
32 27 61 60 58
33 27 57 56 53
34 27 61 59 56
35 27 61 59 55
36 27 58 55 51
37 27 51 48 44
25 28 55 50 45
26 28 65 59 53
27 28 35 32 29
28 28 21 20 19
29 28 14 14 13
30 28 31 31 29
31 28 57 56 54
32 28 63 61 58
33 28 60 58 54
34 28 52 50 46
35 28 53 51 47
27 29 61 55 50
28 29 58 55 51
29 29 53 51 48
30 29 57 56 53
31 29 61 59 56
32 29 63 60 56
33 29 53 50 47
28 30 66 58 52
29 30 63 57 52
30 30 62 57 53
31 30 53 50 46
32 30 53 50 46
29 31 51 42 36
30 31 54 47 42
