30 1 158 149 139
31 1 158 150 143
32 1 168 160 155
33 1 175 169 164
28 2 160 152 142
29 2 165 158 149
30 2 169 163 155
31 2 172 167 161
32 2 176 172 166
33 2 178 175 170
34 2 181 178 173
35 2 185 182 178
27 3 168 162 154
28 3 171 166 158
29 3 173 169 162
30 3 176 172 166
31 3 178 174 168
32 3 178 174 168
33 3 179 176 170
34 3 182 180 175
35 3 186 184 180
36 3 189 187 185
25 4 171 165 157
26 4 172 167 160
27 4 176 172 166
28 4 179 176 170
29 4 181 178 173
30 4 181 178 173
31 4 180 177 172
32 4 180 178 173
33 4 181 179 173
34 4 182 181 176
35 4 186 185 181
36 4 189 189 186
37 4 192 191 189
38 4 192 191 190
23 5 170 164 156
24 5 175 170 163
25 5 177 174 167
26 5 180 178 173
27 5 182 180 175
28 5 183 182 177
29 5 184 182 177
30 5 184 182 177
31 5 184 182 178
32 5 183 182 177
33 5 184 183 178
34 5 185 184 180
35 5 186 185 181
36 5 188 188 184
37 5 191 190 188
38 5 192 192 190
39 5 193 193 192
40 5 193 194 193
22 6 175 170 163
23 6 177 173 167
24 6 181 178 173
25 6 184 182 177
26 6 184 183 178
27 6 185 184 179
28 6 186 185 181
29 6 186 185 182
30 6 186 186 182
31 6 186 186 183
32 6 186 186 183
33 6 187 187 184
34 6 187 187 183
35 6 188 188 184
36 6 189 189 185
37 6 190 190 187
38 6 192 192 189
39 6 195 195 193
40 6 196 197 195
41 6 195 197 195
20 7 174 168 160
21 7 176 171 165
22 7 176 173 168
23 7 173 172 167
24 7 172 171 166
25 7 173 172 168
26 7 181 181 177
27 7 186 186 182
28 7 187 187 184
29 7 186 186 184
30 7 183 183 180
31 7 177 177 174
32 7 173 173 171
33 7 182 183 180
34 7 189 189 186
35 7 191 191 188
36 7 191 191 188
37 7 190 190 188
38 7 186 186 184
39 7 183 183 180
40 7 188 189 186
41 7 196 197 195
42 7 197 199 198
43 7 196 199 198
18 8 164 148 135
19 8 176 165 156
20 8 180 175 169
21 8 180 177 173
22 8 163 162 159
23 8 128 128 124
24 8 103 103 99
25 8 109 109 105
26 8 154 153 150
27 8 184 184 181
28 8 187 188 185
29 8 181 182 179
30 8 153 154 151
31 8 114 114 112
32 8 98 99 96
33 8 136 136 134
34 8 177 178 175
35 8 191 191 189
36 8 191 192 190
37 8 179 180 177
38 8 144 145 142
39 8 117 118 114
40 8 134 134 131
41 8 174 175 172
42 8 194 196 194
43 8 199 201 199
44 8 198 200 200
45 8 194 197 196
18 9 168 155 143
19 9 180 170 161
20 9 186 181 175
21 9 180 178 175
22 9 141 141 139
23 9 58 58 57
24 9 17 17 16
25 9 37 37 36
26 9 129 130 127
27 9 182 182 180
28 9 188 189 186
29 9 178 179 176
30 9 123 124 121
31 9 41 42 41
32 9 16 16 15
33 9 72 72 71
34 9 161 162 160
35 9 190 191 189
36 9 192 193 191
37 9 166 167 166
38 9 85 87 86
39 9 22 22 22
40 9 28 29 28
41 9 124 126 124
42 9 185 186 184
43 9 200 202 200
44 9 200 202 201
45 9 193 194 193
18 10 68 63 56
19 10 146 141 134
20 10 182 177 172
21 10 186 182 177
22 10 164 163 159
23 10 129 129 127
24 10 112 113 110
25 10 130 130 127
26 10 169 169 166
27 10 188 188 185
28 10 192 192 189
29 10 187 187 185
30 10 166 167 165
31 10 138 139 137
32 10 119 120 118
33 10 152 153 151
34 10 184 185 183
35 10 195 196 193
36 10 195 196 194
37 10 183 185 183
38 10 154 156 155
39 10 122 124 123
40 10 123 125 124
41 10 164 166 165
42 10 192 194 192
43 10 199 201 199
44 10 198 199 198
45 10 184 186 185
18 11 58 55 50
19 11 59 57 54
20 11 111 110 107
21 11 173 169 164
22 11 186 182 178
23 11 182 180 177
24 11 180 179 176
25 11 183 183 180
26 11 191 190 188
27 11 192 192 190
28 11 193 193 190
29 11 193 193 191
30 11 190 191 188
31 11 188 189 186
32 11 185 185 183
33 11 191 192 190
34 11 196 197 195
35 11 197 197 195
36 11 197 198 196
37 11 196 197 195
38 11 193 194 192
39 11 188 189 187
40 11 189 191 189
41 11 195 196 195
42 11 196 197 196
43 11 190 191 189
44 11 186 187 186
45 11 177 179 178
18 12 55 53 49
19 12 53 51 48
20 12 33 33 32
21 12 74 75 73
22 12 157 156 152
23 12 188 185 181
24 12 193 190 186
25 12 194 193 190
26 12 195 194 191
27 12 195 194 191
28 12 195 195 192
29 12 196 196 193
30 12 196 196 193
31 12 196 196 193
32 12 197 197 194
33 12 197 197 195
34 12 198 199 196
35 12 198 199 197
36 12 199 199 197
37 12 200 201 198
38 12 200 201 198
39 12 201 202 200
40 12 200 201 199
41 12 198 199 197
42 12 171 173 170
43 12 146 147 144
44 12 179 180 178
45 12 181 182 181
18 13 57 55 51
19 13 53 52 49
20 13 25 25 24
21 13 12 12 12
22 13 44 44 43
23 13 138 137 133
24 13 183 180 175
25 13 194 191 187
26 13 195 194 190
27 13 197 196 193
28 13 197 196 193
29 13 197 197 194
30 13 197 197 194
31 13 198 198 195
32 13 198 198 195
33 13 198 198 196
34 13 198 199 196
35 13 199 199 197
36 13 200 200 198
37 13 201 201 199
38 13 201 202 200
39 13 202 202 200
40 13 199 199 197
41 13 170 171 169
42 13 79 80 78
43 13 123 124 121
44 13 173 174 172
45 13 180 181 180
18 14 56 53 49
19 14 56 55 51
20 14 42 42 41
21 14 14 15 14
22 14 29 29 28
23 14 58 58 56
24 14 109 110 107
25 14 174 171 167
26 14 193 190 186
27 14 196 195 190
28 14 198 197 194
29 14 198 198 195
30 14 197 197 195
31 14 199 199 196
32 14 199 200 197
33 14 200 200 198
34 14 200 200 197
35 14 201 201 199
36 14 201 201 199
37 14 202 202 200
38 14 200 201 199
39 14 190 191 189
40 14 174 175 173
41 14 119 121 119
42 14 68 68 66
43 14 150 150 147
44 14 169 169 167
45 14 164 165 163
18 15 56 52 48
19 15 58 56 53
20 15 57 57 55
21 15 39 39 38
22 15 31 31 30
23 15 54 54 52
24 15 61 62 60
25 15 73 73 71
26 15 155 154 150
27 15 190 187 182
28 15 197 194 190
29 15 198 197 194
30 15 198 198 195
31 15 199 199 197
32 15 199 200 197
33 15 201 201 198
34 15 200 201 198
35 15 202 203 200
36 15 202 202 200
37 15 199 200 198
38 15 177 178 175
39 15 124 126 123
40 15 146 149 148
41 15 104 106 104
42 15 134 134 131
43 15 169 168 165
44 15 161 162 159
45 15 181 182 179
18 16 56 51 47
19 16 59 56 52
20 16 60 60 57
21 16 57 57 55
22 16 54 54 52
23 16 58 58 56
24 16 61 61 59
25 16 62 62 60
26 16 62 63 60
27 16 121 120 117
28 16 182 179 174
29 16 197 194 189
30 16 199 198 194
31 16 200 200 197
32 16 201 201 198
33 16 202 202 199
34 16 202 202 200
35 16 202 203 200
36 16 199 200 198
37 16 179 180 177
38 16 90 92 89
39 16 72 73 72
40 16 153 155 153
41 16 154 154 151
42 16 164 164 160
43 16 168 168 163
44 16 151 150 146
19 17 58 55 51
20 17 60 59 56
21 17 60 60 58
22 17 60 60 58
23 17 60 60 58
24 17 60 61 58
25 17 61 61 59
26 17 61 62 59
27 17 62 62 60
28 17 96 97 94
29 17 165 163 159
30 17 195 192 186
31 17 199 197 192
32 17 201 200 196
33 17 202 201 198
34 17 200 200 197
35 17 191 192 189
36 17 176 177 175
37 17 139 142 140
38 17 46 47 46
39 17 131 132 128
40 17 171 171 168
41 17 171 170 167
42 17 167 166 162
43 17 163 162 157
44 17 158 156 152
19 18 57 53 49
20 18 60 58 55
21 18 61 60 58
22 18 60 60 58
23 18 59 59 57
24 18 60 60 58
25 18 60 61 59
26 18 61 61 59
27 18 61 61 59
28 18 61 61 59
29 18 63 63 61
30 18 145 145 141
31 18 187 185 179
32 18 196 193 187
33 18 197 196 192
34 18 177 177 174
35 18 124 125 122
36 18 130 133 131
37 18 124 127 126
38 18 124 124 121
39 18 165 165 162
40 18 173 173 170
41 18 167 166 162
42 18 158 156 151
43 18 155 153 147
44 18 155 153 148
19 19 56 52 48
20 19 59 57 54
21 19 61 60 57
22 19 60 59 57
23 19 60 59 57
24 19 59 60 57
25 19 59 60 57
26 19 60 61 58
27 19 60 60 58
28 19 60 60 58
29 19 61 62 59
30 19 63 63 61
31 19 115 117 115
32 19 181 178 173
33 19 178 176 171
34 19 95 96 93
35 19 44 45 43
36 19 143 145 142
37 19 164 165 162
38 19 168 168 164
39 19 172 172 169
40 19 167 166 163
41 19 147 146 141
42 19 128 126 121
43 19 145 143 137
44 19 149 147 142
19 20 55 50 45
20 20 59 56 52
21 20 60 59 56
22 20 60 59 57
23 20 59 59 56
24 20 60 60 57
25 20 59 59 56
26 20 59 59 57
27 20 60 60 58
28 20 60 60 58
29 20 60 61 58
30 20 62 63 60
31 20 107 109 107
32 20 173 171 165
33 20 145 144 140
34 20 32 32 31
35 20 115 116 113
36 20 170 170 167
37 20 176 176 173
38 20 174 174 170
39 20 169 168 165
40 20 148 147 143
41 20 88 88 84
42 20 107 104 99
43 20 134 131 126
44 20 149 146 141
19 21 51 44 39
20 21 55 50 46
21 21 59 58 55
22 21 59 58 55
23 21 59 58 56
24 21 59 58 56
25 21 59 59 57
26 21 59 59 57
27 21 59 59 57
28 21 59 59 57
29 21 60 60 57
30 21 61 61 59
31 21 117 119 117
32 21 169 166 161
33 21 129 129 125
34 21 112 113 110
35 21 164 164 161
36 21 177 177 174
37 21 174 174 171
38 21 166 166 162
39 21 153 153 149
40 21 106 106 102
41 21 54 53 50
42 21 115 111 106
43 21 121 117 111
44 21 147 143 138
20 22 50 45 41
21 22 55 52 49
22 22 58 57 54
23 22 59 58 55
24 22 59 58 56
25 22 58 58 56
26 22 59 59 56
27 22 59 59 56
28 22 59 58 56
29 22 59 59 57
30 22 60 60 58
31 22 121 122 120
32 22 174 171 166
33 22 165 165 162
34 22 168 168 165
35 22 177 177 174
36 22 174 174 171
37 22 163 163 160
38 22 129 129 125
39 22 118 119 115
40 22 87 86 83
41 22 98 94 88
42 22 109 103 97
43 22 95 89 83
21 23 49 46 43
22 23 54 52 49
23 23 57 56 53
24 23 58 57 54
25 23 58 57 55
26 23 58 58 56
27 23 57 57 54
28 23 58 57 55
29 23 59 58 56
30 23 60 60 58
31 23 123 123 121
32 23 178 175 170
33 23 179 179 176
34 23 178 178 175
35 23 176 176 172
36 23 166 166 162
37 23 126 126 122
38 23 67 67 64
39 23 118 117 112
40 23 116 113 108
41 23 110 105 99
42 23 68 63 58
22 24 49 47 44
23 24 53 51 48
24 24 56 55 52
25 24 57 57 54
26 24 56 56 53
27 24 49 49 48
28 24 48 48 46
29 24 55 55 52
30 24 59 59 56
31 24 128 128 125
32 24 178 174 169
33 24 178 178 174
34 24 174 173 170
35 24 166 166 163
36 24 146 146 143
37 24 67 67 64
38 24 93 92 87
39 24 132 129 124
40 24 114 110 104
41 24 42 40 37
23 25 46 43 40
24 25 51 49 46
25 25 55 54 51
26 25 56 55 52
27 25 39 38 37
28 25 21 21 20
29 25 38 38 37
30 25 56 56 53
31 25 133 133 130
32 25 175 171 166
33 25 173 172 169
34 25 149 149 146
35 25 128 128 125
36 25 127 127 124
37 25 92 91 87
38 25 119 116 110
39 25 117 114 108
40 25 45 43 40
24 26 45 42 39
25 26 50 48 45
26 26 52 51 48
27 26 43 43 40
28 26 16 15 15
29 26 18 18 17
30 26 46 46 44
31 26 133 133 130
32 26 172 168 163
33 26 149 148 145
34 26 79 79 77
35 26 99 98 95
36 26 137 135 131
37 26 126 123 118
38 26 110 106 100
39 26 42 40 37
26 27 47 45 42
27 27 48 46 44
28 27 34 33 31
29 27 14 13 12
30 27 32 31 30
31 27 133 132 129
32 27 160 156 150
33 27 94 92 89
34 27 63 62 60
35 27 132 130 126
36 27 139 136 131
37 27 116 113 107
38 27 42 40 37
27 28 45 43 40
28 28 43 41 38
29 28 36 35 32
30 28 38 37 35
31 28 128 127 123
32 28 138 132 125
33 28 80 78 74
34 28 116 114 109
35 28 133 130 125
36 28 109 105 100
28 29 43 40 37
29 29 45 43 39
30 29 49 47 44
31 29 127 124 119
32 29 146 139 132
33 29 133 129 124
34 29 127 123 118
35 29 84 80 76
29 30 40 38 35
30 30 45 43 39
31 30 125 120 113
32 30 150 141 133
33 30 131 126 120
34 30 48 46 43
31 31 132 124 117
32 31 130 118 108
33 31 50 44 40
