31 0 168 163 154
32 0 176 174 169
29 1 178 177 173
30 1 171 171 166
31 1 180 177 170
32 1 187 184 179
33 1 191 190 187
34 1 182 181 179
28 2 163 163 161
29 2 171 172 169
30 2 176 177 174
31 2 184 183 178
32 2 194 189 185
33 2 199 191 189
34 2 196 188 185
35 2 184 182 179
27 3 162 163 160
28 3 166 167 164
29 3 155 156 154
30 3 141 142 140
31 3 178 177 174
32 3 195 190 186
33 3 202 189 187
34 3 203 182 179
35 3 195 183 181
36 3 183 178 175
25 4 170 170 166
26 4 163 164 161
27 4 167 168 165
28 4 148 149 146
29 4 81 82 80
30 4 97 98 96
31 4 175 174 171
32 4 196 192 187
33 4 202 192 190
34 4 206 175 174
35 4 204 173 172
36 4 195 178 176
37 4 183 178 176
24 5 149 149 146
25 5 166 166 163
26 5 173 174 171
27 5 168 168 166
28 5 108 109 106
29 5 69 70 68
30 5 144 144 142
31 5 182 181 178
32 5 196 191 187
33 5 201 192 190
34 5 207 173 172
35 5 208 159 159
36 5 203 164 163
37 5 192 173 171
38 5 178 174 172
23 6 155 155 152
24 6 165 166 163
25 6 174 174 171
26 6 176 177 174
27 6 169 170 167
28 6 131 132 129
29 6 152 152 150
30 6 180 180 177
31 6 187 186 184
32 6 195 191 187
33 6 201 195 192
34 6 205 177 176
35 6 206 165 167
36 6 205 160 159
37 6 198 172 170
38 6 184 178 175
39 6 174 176 173
22 7 153 154 151
23 7 163 163 161
24 7 171 172 169
25 7 175 175 172
26 7 176 176 174
27 7 176 176 174
28 7 173 174 171
29 7 180 180 178
30 7 186 186 183
31 7 188 187 184
32 7 193 189 186
33 7 201 194 192
34 7 205 177 176
35 7 206 164 164
36 7 201 176 175
37 7 194 183 181
38 7 185 183 180
39 7 177 179 176
40 7 168 170 166
20 8 147 149 146
21 8 148 150 147
22 8 150 152 150
23 8 158 160 157
24 8 171 172 169
25 8 173 174 171
26 8 174 174 172
27 8 177 178 175
28 8 180 180 178
29 8 183 183 181
30 8 187 187 184
31 8 187 187 184
32 8 192 189 185
33 8 201 195 191
34 8 204 180 178
35 8 204 164 164
36 8 200 179 178
37 8 189 186 184
38 8 183 184 181
39 8 181 183 180
40 8 174 176 173
41 8 166 167 164
19 9 140 141 139
20 9 151 152 150
21 9 133 135 133
22 9 95 96 94
23 9 133 134 131
24 9 169 170 167
25 9 161 162 159
26 9 142 144 141
27 9 163 164 162
28 9 180 181 178
29 9 182 183 180
30 9 180 180 177
31 9 179 178 176
32 9 189 186 183
33 9 199 193 190
34 9 202 181 179
35 9 202 166 166
36 9 199 181 180
37 9 184 181 179
38 9 168 170 167
39 9 177 179 176
40 9 179 180 177
41 9 171 173 169
42 9 155 154 148
19 10 144 147 145
20 10 149 151 149
21 10 89 90 88
22 10 70 72 70
23 10 143 144 141
24 10 156 157 154
25 10 105 105 103
26 10 55 56 55
27 10 144 146 144
28 10 179 180 177
29 10 166 167 164
30 10 130 130 128
31 10 135 135 133
32 10 177 174 171
33 10 199 192 188
34 10 201 182 179
35 10 201 139 137
36 10 199 165 164
37 10 184 176 174
38 10 136 137 135
39 10 152 155 152
40 10 178 180 177
41 10 176 177 174
42 10 162 161 155
43 10 145 139 130
18 11 168 172 171
19 11 145 147 145
20 11 134 136 134
21 11 78 79 78
22 11 127 128 126
23 11 160 161 158
24 11 136 136 133
25 11 40 41 39
26 11 91 92 89
27 11 159 160 157
28 11 171 171 168
29 11 124 124 121
30 11 31 31 30
31 11 111 110 108
32 11 178 175 172
33 11 198 191 186
34 11 199 184 180
35 11 198 139 136
36 11 198 138 137
37 11 193 175 174
38 11 155 153 150
39 11 107 110 107
40 11 165 168 164
41 11 178 179 176
42 11 170 169 164
43 11 161 157 149
18 12 171 175 174
19 12 151 153 151
20 12 152 153 150
21 12 143 143 141
22 12 159 159 157
23 12 163 163 160
24 12 125 125 122
25 12 88 87 84
26 12 148 148 145
27 12 173 173 171
28 12 153 153 150
29 12 61 61 59
30 12 56 56 55
31 12 147 146 143
32 12 184 181 177
33 12 194 186 180
34 12 194 186 180
35 12 198 167 163
36 12 197 132 130
37 12 197 160 158
38 12 181 175 173
39 12 128 130 127
40 12 141 144 141
41 12 177 179 175
42 12 175 175 171
43 12 165 162 155
18 13 144 147 145
19 13 157 158 155
20 13 165 165 161
21 13 164 163 160
22 13 167 167 164
23 13 165 165 163
24 13 157 157 154
25 13 155 155 152
26 13 171 170 167
27 13 177 177 174
28 13 153 153 150
29 13 91 91 88
30 13 129 128 125
31 13 174 172 169
32 13 181 177 172
33 13 169 158 151
34 13 177 169 161
35 13 191 180 175
36 13 196 161 157
37 13 196 145 143
38 13 193 177 174
39 13 176 176 173
40 13 159 161 159
41 13 175 177 174
42 13 178 179 174
43 13 170 167 161
18 14 147 149 147
19 14 160 160 158
20 14 167 167 164
21 14 166 166 163
22 14 166 166 163
23 14 167 168 165
24 14 169 170 167
25 14 173 173 170
26 14 176 175 172
27 14 178 177 174
28 14 174 173 170
29 14 167 166 162
30 14 174 172 168
31 14 175 172 167
32 14 144 139 133
33 14 81 76 71
34 14 120 113 106
35 14 172 166 160
36 14 189 179 174
37 14 194 167 164
38 14 195 166 163
39 14 190 184 182
40 14 184 185 182
41 14 181 183 180
42 14 180 181 177
43 14 173 171 166
44 14 166 162 153
18 15 148 149 147
19 15 161 161 159
20 15 167 167 164
21 15 163 163 160
22 15 154 155 152
23 15 156 156 153
24 15 169 169 166
25 15 174 173 170
26 15 177 176 172
27 15 180 179 175
28 15 180 179 176
29 15 180 178 174
30 15 164 161 156
31 15 120 116 111
32 15 59 57 53
33 15 47 44 42
34 15 48 46 43
35 15 103 99 93
36 15 165 160 154
37 15 186 179 174
38 15 192 173 170
39 15 192 179 176
40 15 189 189 186
41 15 185 187 184
42 15 183 184 180
43 15 177 176 171
44 15 171 166 158
18 16 149 150 148
19 16 162 163 160
20 16 165 165 162
21 16 145 144 141
22 16 98 98 95
23 16 120 120 118
24 16 167 167 164
25 16 175 174 170
26 16 177 175 171
27 16 179 177 173
28 16 175 173 168
29 16 148 145 139
30 16 80 78 73
31 16 34 33 31
32 16 18 17 16
33 16 11 11 10
34 16 20 19 18
35 16 45 44 41
36 16 90 87 82
37 16 156 152 145
38 16 183 177 172
39 16 189 180 176
40 16 189 187 184
41 16 187 188 185
42 16 184 185 182
43 16 179 179 174
44 16 174 168 161
18 17 159 160 159
19 17 161 161 158
20 17 155 154 151
21 17 95 95 92
22 17 36 36 35
23 17 120 119 116
24 17 169 167 163
25 17 175 173 168
26 17 177 175 170
27 17 166 163 159
28 17 130 128 123
29 17 77 75 71
30 17 49 48 46
31 17 17 16 15
32 17 2 2 1
34 17 8 8 7
35 17 35 35 33
36 17 64 63 59
37 17 77 75 70
38 17 143 139 132
39 17 179 175 169
40 17 185 184 180
41 17 187 188 185
42 17 185 186 183
43 17 182 182 177
44 17 176 171 164
18 18 158 158 155
19 18 159 158 155
20 18 142 141 137
21 18 51 50 48
22 18 80 79 76
23 18 151 149 145
24 18 171 169 165
25 18 172 170 166
26 18 147 146 142
27 18 102 101 97
28 18 66 65 63
29 18 65 65 62
30 18 56 56 54
31 18 32 32 30
32 18 19 19 18
33 18 20 20 20
34 18 33 33 32
35 18 58 57 55
36 18 64 63 60
37 18 67 66 62
38 18 74 72 68
39 18 130 126 120
40 18 172 169 163
41 18 184 183 179
42 18 186 187 183
43 18 184 184 180
44 18 178 174 168
45 18 173 164 155
18 19 155 154 150
19 19 157 156 152
20 19 144 143 138
21 19 108 106 101
22 19 140 138 133
23 19 167 165 161
24 19 161 161 157
25 19 132 131 128
26 19 84 84 80
27 19 67 67 64
28 19 67 67 64
29 19 67 67 64
30 19 63 63 61
31 19 58 58 56
32 19 54 53 51
33 19 51 51 49
34 19 62 62 60
35 19 61 61 58
36 19 65 64 61
37 19 68 67 63
38 19 68 67 63
39 19 78 76 72
40 19 110 107 101
41 19 165 162 157
42 19 181 180 175
43 19 183 183 178
44 19 179 177 171
45 19 174 166 158
18 20 159 157 153
19 20 159 157 152
20 20 161 159 154
21 20 158 156 150
22 20 164 163 159
23 20 146 146 143
24 20 97 98 95
25 20 68 68 66
26 20 64 64 61
27 20 67 68 65
28 20 68 68 66
29 20 66 66 64
30 20 68 68 65
31 20 67 66 64
32 20 63 63 60
33 20 68 67 65
34 20 66 65 63
35 20 66 65 62
36 20 68 68 64
37 20 66 65 62
38 20 70 69 65
39 20 70 68 65
40 20 64 63 59
41 20 95 93 88
42 20 155 152 146
43 20 177 175 170
44 20 177 174 168
45 20 174 165 157
18 21 159 156 153
19 21 159 157 153
20 21 165 163 158
21 21 160 160 157
22 21 127 129 126
23 21 70 71 68
24 21 38 38 37
25 21 38 38 37
26 21 45 46 44
27 21 62 62 60
28 21 66 66 64
29 21 69 69 66
30 21 68 68 65
31 21 66 65 63
32 21 69 68 66
33 21 67 66 64
34 21 64 64 62
35 21 68 68 65
36 21 67 66 64
37 21 67 67 64
38 21 57 57 54
39 21 44 43 40
40 21 44 43 41
41 21 38 37 35
42 21 70 69 66
43 21 145 141 136
44 21 170 165 159
45 21 168 158 149
18 22 152 149 145
19 22 155 154 151
20 22 144 145 142
21 22 96 97 95
22 22 54 55 53
23 22 17 18 17
24 22 5 5 4
25 22 5 5 5
26 22 18 19 18
27 22 52 53 52
28 22 67 67 65
29 22 68 68 66
30 22 66 66 64
31 22 69 68 66
32 22 67 67 65
33 22 66 65 63
34 22 68 67 65
35 22 68 68 66
36 22 68 67 65
37 22 63 62 60
38 22 39 38 36
39 22 16 16 14
40 22 5 5 4
41 22 7 7 7
42 22 34 34 32
43 22 73 72 69
44 22 132 125 118
45 22 157 144 134
46 22 151 134 123
19 23 129 131 129
20 23 85 86 84
21 23 68 70 67
22 23 51 52 50
23 23 20 21 21
24 23 11 11 11
25 23 14 15 15
26 23 33 34 34
27 23 59 60 59
28 23 68 68 66
29 23 68 68 65
30 23 69 68 66
31 23 68 67 65
32 23 67 66 64
33 23 67 67 65
34 23 68 68 65
35 23 69 68 66
36 23 68 68 66
37 23 62 61 59
38 23 37 36 34
39 23 15 14 14
40 23 9 9 9
41 23 17 17 16
42 23 46 45 43
43 23 67 64 60
44 23 76 70 65
45 23 120 104 94
20 24 62 63 61
21 24 79 80 78
22 24 66 67 65
23 24 53 55 53
24 24 48 50 49
25 24 52 54 53
26 24 60 61 60
27 24 67 68 66
28 24 68 68 66
29 24 68 69 67
30 24 68 68 66
31 24 68 67 65
32 24 69 68 66
33 24 67 67 65
34 24 69 69 66
35 24 70 69 67
36 24 69 69 66
37 24 65 65 63
38 24 58 58 56
39 24 49 49 47
40 24 47 46 45
41 24 55 52 50
42 24 60 56 53
43 24 67 62 57
44 24 59 54 49
22 25 63 65 63
23 25 72 73 71
24 25 69 70 68
25 25 69 70 68
26 25 70 71 69
27 25 69 70 67
28 25 69 69 67
29 25 68 69 67
30 25 66 66 64
31 25 63 63 61
32 25 63 63 61
33 25 64 64 62
34 25 68 68 66
35 25 70 70 67
36 25 68 67 65
37 25 68 68 66
38 25 69 68 65
39 25 69 67 65
40 25 70 66 63
41 25 57 54 50
42 25 57 54 50
23 26 64 65 64
24 26 80 81 79
25 26 72 73 71
26 26 70 71 68
27 26 70 70 68
28 26 69 69 67
29 26 65 65 63
30 26 49 50 48
31 26 32 32 31
32 26 32 32 31
33 26 37 37 36
34 26 60 60 59
35 26 68 67 65
36 26 70 69 67
37 26 69 67 65
38 26 70 67 64
39 26 62 59 55
40 26 69 64 60
25 27 64 65 63
26 27 76 76 74
27 27 72 72 70
28 27 70 70 68
29 27 58 58 56
30 27 23 23 22
31 27 4 4 3
32 27 3 3 3
33 27 18 19 19
34 27 53 54 53
35 27 67 67 65
36 27 70 68 65
37 27 63 60 56
38 27 63 58 54
27 28 64 65 63
28 28 72 73 70
29 28 62 62 61
30 28 39 39 38
31 28 25 25 25
32 28 28 28 28
33 28 40 40 39
34 28 60 59 57
35 28 69 66 63
36 28 62 59 55
37 28 62 58 53
28 29 64 65 63
29 29 77 78 76
30 29 66 67 65
31 29 62 61 59
32 29 61 61 58
33 29 64 62 59
34 29 59 57 53
35 29 60 58 55
30 30 63 62 60
31 30 67 65 61
32 30 60 57 53
33 30 61 57 53
