30 0 172 173 169
31 0 186 188 186
32 0 188 191 189
29 1 136 131 125
30 1 165 165 161
31 1 194 196 194
32 1 195 195 193
33 1 191 192 190
28 2 51 50 47
29 2 117 114 109
30 2 184 183 180
31 2 200 197 195
32 2 203 193 190
33 2 198 192 190
34 2 192 192 190
35 2 186 187 185
27 3 142 140 136
28 3 79 77 73
29 3 132 131 127
30 3 194 194 192
31 3 202 197 195
32 3 207 182 179
33 3 206 178 176
34 3 201 188 186
35 3 194 191 189
36 3 189 189 187
26 4 157 155 151
27 4 66 65 62
28 4 89 88 85
29 4 157 156 152
30 4 200 198 196
31 4 203 191 189
32 4 206 180 178
33 4 208 172 172
34 4 208 165 164
35 4 204 180 179
36 4 197 187 185
37 4 192 189 187
38 4 184 183 180
26 5 77 76 73
27 5 88 88 85
28 5 95 93 90
29 5 186 186 183
30 5 202 198 196
31 5 206 181 179
32 5 207 161 161
33 5 207 165 166
34 5 209 152 153
35 5 209 146 146
36 5 207 158 157
37 5 199 179 177
38 5 192 187 184
39 5 185 186 183
25 6 104 103 99
26 6 102 102 99
27 6 95 95 93
28 6 136 135 131
29 6 198 197 194
30 6 203 196 194
31 6 206 175 173
32 6 207 165 166
33 6 207 169 170
34 6 206 158 160
35 6 206 161 161
36 6 204 168 167
37 6 201 180 178
38 6 193 188 186
39 6 188 189 187
40 6 185 187 184
41 6 179 181 178
24 7 81 81 77
25 7 93 92 89
26 7 109 109 106
27 7 108 108 105
28 7 166 165 162
29 7 201 198 197
30 7 204 189 187
31 7 206 163 162
32 7 206 151 151
33 7 206 165 167
34 7 203 176 176
35 7 199 186 185
36 7 195 190 188
37 7 192 191 189
38 7 190 191 188
39 7 188 190 187
40 7 186 188 185
41 7 184 187 184
42 7 181 183 180
23 8 67 66 64
24 8 81 81 78
25 8 103 103 100
26 8 111 111 108
27 8 130 129 125
28 8 187 186 183
29 8 201 196 194
30 8 203 179 176
31 8 204 160 160
32 8 204 163 163
33 8 204 169 169
34 8 199 187 186
35 8 193 192 190
36 8 189 191 188
37 8 188 190 188
38 8 189 191 188
39 8 188 191 188
40 8 187 190 187
41 8 186 188 185
42 8 183 185 182
43 8 181 183 179
44 8 173 173 168
22 9 112 111 107
23 9 80 79 76
24 9 83 84 81
25 9 98 99 96
26 9 106 106 104
27 9 138 136 133
28 9 195 193 190
29 9 200 192 189
30 9 201 165 163
31 9 202 154 154
32 9 202 174 173
33 9 200 180 179
34 9 196 190 189
35 9 185 186 184
36 9 168 170 168
37 9 165 168 165
38 9 181 183 180
39 9 188 190 187
40 9 188 190 187
41 9 188 189 186
42 9 185 187 183
43 9 183 184 180
44 9 177 176 171
45 9 163 157 148
21 10 51 50 48
22 10 74 73 70
23 10 78 79 76
24 10 82 83 80
25 10 78 79 77
26 10 99 100 97
27 10 155 152 149
28 10 199 196 193
29 10 199 182 180
30 10 199 139 137
31 10 200 114 113
32 10 201 144 143
33 10 200 173 172
34 10 194 189 187
35 10 177 179 176
36 10 119 121 119
37 10 74 76 74
38 10 139 142 139
39 10 180 183 180
40 10 189 190 187
41 10 188 189 186
42 10 186 188 184
43 10 184 186 182
44 10 179 177 172
45 10 166 160 151
21 11 51 50 48
22 11 74 74 72
23 11 78 79 77
24 11 67 67 65
25 11 80 80 78
26 11 92 90 87
27 11 182 179 175
28 11 197 192 188
29 11 197 170 166
30 11 197 128 126
31 11 198 109 109
32 11 199 120 120
33 11 200 166 165
34 11 195 189 188
35 11 183 184 182
36 11 129 131 129
37 11 29 30 29
38 11 71 75 73
39 11 158 162 159
40 11 187 189 186
41 11 188 190 187
42 11 186 188 185
43 11 185 186 182
44 11 180 178 173
45 11 174 168 158
21 12 49 49 47
22 12 86 86 83
23 12 84 84 81
24 12 77 77 74
25 12 83 82 80
26 12 115 109 104
27 12 187 183 177
28 12 194 189 185
29 12 196 176 172
30 12 197 151 148
31 12 197 127 126
32 12 196 107 107
33 12 197 143 142
34 12 197 184 183
35 12 190 190 188
36 12 167 169 166
37 12 104 106 104
38 12 65 68 67
39 12 150 154 151
40 12 186 188 185
41 12 189 191 187
42 12 188 189 186
43 12 185 186 182
44 12 181 180 174
45 12 174 169 160
20 13 52 51 49
21 13 70 70 67
22 13 100 100 97
23 13 91 91 88
24 13 101 100 98
25 13 82 80 77
26 13 110 103 98
27 13 160 152 144
28 13 184 179 173
29 13 192 185 180
30 13 195 177 173
31 13 197 153 150
32 13 196 131 129
33 13 196 136 135
34 13 196 171 169
35 13 192 190 188
36 13 187 188 186
37 13 171 173 170
38 13 159 161 159
39 13 176 178 176
40 13 188 190 187
41 13 188 190 187
42 13 188 189 186
43 13 185 186 183
44 13 181 179 173
45 13 176 170 160
20 14 55 54 52
21 14 98 98 94
22 14 102 102 99
23 14 107 107 104
24 14 108 107 104
25 14 102 100 95
26 14 91 86 81
27 14 68 63 58
28 14 135 128 121
29 14 171 166 160
30 14 186 182 177
31 14 193 182 178
32 14 196 170 167
33 14 196 152 150
34 14 195 154 152
35 14 194 184 182
36 14 192 192 189
37 14 190 191 189
38 14 189 190 188
39 14 189 190 188
40 14 190 192 188
41 14 189 190 187
42 14 188 189 186
43 14 185 186 182
44 14 182 179 172
45 14 178 172 162
20 15 54 53 51
21 15 97 96 93
22 15 96 96 93
23 15 109 108 104
24 15 111 109 105
25 15 95 92 87
26 15 54 52 49
27 15 35 34 31
28 15 35 33 31
29 15 85 81 76
30 15 150 146 140
31 15 179 176 171
32 15 189 184 181
33 15 194 180 177
34 15 195 166 163
35 15 195 177 174
36 15 193 190 188
37 15 191 192 189
38 15 191 192 189
39 15 190 192 188
40 15 190 192 189
41 15 189 191 187
42 15 189 190 186
43 15 187 187 182
44 15 182 178 171
45 15 177 170 161
19 16 52 51 49
20 16 82 80 77
21 16 81 81 78
22 16 105 104 100
23 16 111 109 105
24 16 99 97 92
25 16 58 56 53
26 16 25 24 22
27 16 9 8 8
28 16 9 9 8
29 16 18 17 16
30 16 37 35 33
31 16 109 105 99
32 16 166 163 157
33 16 186 183 179
34 16 191 184 181
35 16 194 183 180
36 16 192 189 186
37 16 192 192 189
38 16 191 193 189
39 16 191 192 189
40 16 190 192 189
41 16 190 191 187
42 16 188 189 185
43 16 186 185 181
44 16 183 177 170
19 17 46 45 42
20 17 81 80 76
21 17 73 72 68
22 17 108 106 102
23 17 103 102 98
24 17 66 65 62
25 17 49 48 45
26 17 24 23 22
27 17 5 5 4
29 17 3 3 3
30 17 25 25 24
31 17 48 47 44
32 17 72 70 65
33 17 140 137 130
34 17 175 173 167
35 17 188 186 182
36 17 191 190 187
37 17 192 192 189
38 17 191 192 189
39 17 191 192 188
40 17 191 192 189
41 17 190 191 187
42 17 188 189 185
43 17 186 185 180
44 17 183 176 168
18 18 48 45 42
19 18 58 55 52
20 18 70 68 64
21 18 98 96 91
22 18 107 106 103
23 18 69 68 65
24 18 58 58 55
25 18 55 55 52
26 18 43 42 41
27 18 25 25 24
28 18 16 16 15
29 18 20 20 19
30 18 37 37 36
31 18 52 51 49
32 18 55 54 51
33 18 56 55 51
34 18 102 99 93
35 18 160 156 150
36 18 181 180 176
37 18 189 189 185
38 18 191 191 188
39 18 191 191 188
40 18 191 192 188
41 18 190 191 187
42 18 189 190 186
43 18 187 184 179
44 18 183 175 166
18 19 47 44 41
19 19 85 82 77
20 19 90 88 84
21 19 101 101 98
22 19 69 69 66
23 19 60 60 57
24 19 59 59 56
25 19 58 58 55
26 19 56 56 54
27 19 51 51 49
28 19 46 46 44
29 19 48 48 47
30 19 53 52 50
31 19 56 56 53
32 19 57 57 54
33 19 58 57 53
34 19 57 56 52
35 19 58 56 53
36 19 125 122 116
37 19 168 166 160
38 19 186 185 180
39 19 189 189 185
40 19 190 190 187
41 19 190 191 187
42 19 188 188 184
43 19 185 182 176
44 19 182 173 164
18 20 49 46 43
19 20 97 95 90
20 20 98 99 96
21 20 66 66 64
22 20 55 55 53
23 20 55 55 53
24 20 59 59 57
25 20 59 59 57
26 20 59 59 57
27 20 59 59 57
28 20 58 58 56
29 20 58 58 56
30 20 59 58 56
31 20 58 58 56
32 20 58 57 55
33 20 59 58 55
34 20 58 57 54
35 20 57 56 53
36 20 56 55 52
37 20 77 75 71
38 20 142 139 134
39 20 178 176 171
40 20 187 186 182
41 20 188 188 184
42 20 188 187 182
43 20 185 180 173
44 20 180 170 159
17 21 46 43 40
18 21 86 83 79
19 21 101 102 99
20 21 65 66 64
21 21 32 32 31
22 21 24 25 24
23 21 30 30 29
24 21 45 46 44
25 21 58 58 56
26 21 60 60 58
27 21 60 60 57
28 21 60 60 58
29 21 60 59 57
30 21 60 59 57
31 21 60 59 57
32 21 59 59 56
33 21 59 59 56
34 21 57 57 54
35 21 51 50 48
36 21 40 39 37
37 21 35 35 33
38 21 36 36 34
39 21 103 100 96
40 21 161 157 152
41 21 181 179 173
42 21 185 181 176
43 21 182 174 166
44 21 179 165 155
17 22 58 60 58
18 22 81 82 80
19 22 71 72 70
20 22 50 51 49
21 22 18 18 17
22 22 2 2 2
23 22 4 4 4
24 22 25 26 25
25 22 52 53 51
26 22 61 61 59
27 22 61 61 59
28 22 61 60 58
29 22 61 60 58
30 22 60 60 58
31 22 60 60 57
32 22 60 60 58
33 22 59 59 57
34 22 57 57 55
35 22 44 43 41
36 22 18 17 16
37 22 7 7 6
38 22 7 7 7
39 22 22 22 21
40 22 57 55 53
41 22 134 129 123
42 22 166 159 151
43 22 175 162 152
44 22 173 156 144
18 23 60 61 59
19 23 62 63 61
20 23 58 59 57
21 23 41 41 40
22 23 22 23 23
23 23 19 19 19
24 23 32 34 34
25 23 54 55 54
26 23 61 62 60
27 23 61 61 59
28 23 61 61 59
29 23 61 61 59
30 23 61 61 59
31 23 61 60 58
32 23 61 60 58
33 23 60 60 58
34 23 59 59 57
35 23 48 48 46
36 23 23 22 21
37 23 8 8 8
38 23 4 4 4
39 23 11 11 11
40 23 40 40 39
41 23 63 61 57
42 23 94 85 78
43 23 151 134 122
44 23 150 129 114
20 24 61 62 60
21 24 58 59 57
22 24 54 55 53
23 24 53 54 53
24 24 56 57 56
25 24 60 61 59
26 24 62 62 60
27 24 62 62 60
28 24 62 62 60
29 24 62 61 59
30 24 61 61 59
31 24 62 61 59
32 24 62 61 59
33 24 61 61 59
34 24 61 61 59
35 24 59 58 56
36 24 48 48 46
37 24 38 38 37
38 24 34 34 33
39 24 38 37 36
40 24 68 65 62
41 24 84 79 73
42 24 59 53 48
22 25 62 63 62
23 25 62 63 62
24 25 63 64 62
25 25 63 64 62
26 25 64 64 62
27 25 63 63 61
28 25 62 62 60
29 25 60 60 58
30 25 56 56 54
31 25 56 56 54
32 25 58 58 56
33 25 62 61 59
34 25 62 62 60
35 25 62 62 60
36 25 62 62 60
37 25 59 59 57
38 25 62 61 58
39 25 70 67 63
40 25 77 72 68
41 25 59 55 52
23 26 62 63 61
24 26 63 64 62
25 26 64 64 62
26 26 64 64 62
27 26 63 64 62
28 26 61 61 59
29 26 48 48 47
30 26 28 28 27
31 26 27 27 26
32 26 35 35 34
33 26 51 51 50
34 26 62 61 59
35 26 63 63 61
36 26 63 63 60
37 26 79 76 73
38 26 92 87 82
39 26 62 58 53
40 26 60 55 50
25 27 63 63 61
26 27 64 65 63
27 27 64 65 63
28 27 62 63 61
29 27 43 44 42
30 27 12 13 12
31 27 2 2 2
32 27 7 8 7
33 27 33 34 33
34 27 58 58 57
35 27 63 63 60
36 27 74 71 68
37 27 90 85 80
38 27 63 60 56
27 28 63 63 61
28 28 62 63 61
29 28 55 56 54
30 28 40 40 39
31 28 25 25 25
32 28 25 26 25
33 28 37 38 37
34 28 64 64 61
35 28 86 83 79
36 28 62 59 55
37 28 62 57 53
29 29 62 63 61
30 29 60 60 59
31 29 57 57 55
32 29 57 57 55
33 29 74 71 67
34 29 94 91 86
35 29 61 58 54
31 30 61 60 58
32 30 75 72 67
33 30 78 74 68
34 30 61 58 54
32 31 46 42 38
