29 0 160 151 147
28 1 64 63 62
29 1 162 158 155
30 1 166 158 152
31 1 174 169 164
28 2 90 83 81
29 2 166 163 159
30 2 173 168 161
31 2 176 171 165
32 2 179 175 171
27 3 95 84 82
28 3 137 120 117
29 3 170 162 158
30 3 179 174 168
31 3 179 175 169
32 3 178 174 169
33 3 178 174 170
34 3 181 178 176
26 4 60 53 52
27 4 121 105 103
28 4 148 105 103
29 4 172 160 157
30 4 185 181 176
31 4 184 181 176
32 4 182 179 174
33 4 178 176 171
34 4 178 176 172
35 4 180 179 176
25 5 60 53 52
26 5 92 76 74
27 5 139 107 106
28 5 154 106 104
29 5 174 167 164
30 5 188 185 180
31 5 189 186 182
32 5 187 185 180
33 5 183 182 177
34 5 180 179 174
35 5 179 178 174
36 5 179 178 175
37 5 177 177 176
25 6 90 74 73
26 6 134 107 106
27 6 143 106 105
28 6 147 126 123
29 6 169 168 165
30 6 191 188 183
31 6 190 188 183
32 6 189 188 184
33 6 188 187 184
34 6 184 184 180
35 6 181 181 177
36 6 178 178 175
37 6 177 177 174
38 6 175 175 173
24 7 88 78 76
25 7 123 103 102
26 7 137 109 108
27 7 140 128 125
28 7 141 140 136
29 7 167 168 164
30 7 190 187 182
31 7 182 180 176
32 7 172 171 167
33 7 180 180 176
34 7 185 185 182
35 7 182 182 179
36 7 177 177 174
37 7 178 178 175
38 7 173 174 171
39 7 169 170 168
40 7 166 167 166
23 8 58 49 48
24 8 116 97 96
25 8 130 99 98
26 8 128 118 116
27 8 133 134 130
28 8 141 143 139
29 8 162 161 155
30 8 189 183 175
31 8 187 182 177
32 8 152 150 146
33 8 128 128 124
34 8 169 169 166
35 8 178 178 175
36 8 152 153 150
37 8 163 163 160
38 8 169 170 167
39 8 158 159 156
40 8 153 155 153
41 8 161 163 162
22 9 57 48 47
23 9 92 76 75
24 9 125 98 97
25 9 120 105 103
26 9 113 114 111
27 9 132 135 131
28 9 143 144 139
29 9 169 164 156
30 9 181 176 168
31 9 196 192 187
32 9 187 183 178
33 9 141 137 132
34 9 126 125 122
35 9 171 171 168
36 9 161 162 159
37 9 116 117 115
38 9 144 145 143
39 9 151 152 150
40 9 128 130 128
41 9 147 149 148
42 9 160 162 160
21 10 59 52 51
22 10 83 62 61
23 10 122 96 94
24 10 117 100 98
25 10 88 86 84
26 10 117 120 116
27 10 137 139 135
28 10 163 160 153
29 10 164 160 153
30 10 157 155 151
31 10 174 173 170
32 10 191 190 187
33 10 191 189 185
34 10 165 161 156
35 10 164 164 161
36 10 183 183 181
37 10 169 169 167
38 10 141 142 139
39 10 164 166 163
40 10 153 154 152
41 10 122 123 121
42 10 148 149 147
43 10 158 158 156
21 11 81 67 65
22 11 113 85 83
23 11 122 88 86
24 11 88 80 78
25 11 84 85 83
26 11 130 132 129
27 11 155 153 147
28 11 163 159 152
29 11 147 146 142
30 11 133 134 131
31 11 129 130 127
32 11 155 155 153
33 11 182 182 179
34 11 194 193 189
35 11 192 190 186
36 11 192 191 187
37 11 193 193 191
38 11 186 186 183
39 11 181 182 179
40 11 183 184 182
41 11 166 167 165
42 11 153 154 152
43 11 159 159 157
20 12 53 45 43
21 12 102 81 78
22 12 121 78 76
23 12 110 93 91
24 12 74 75 73
25 12 112 114 110
26 12 146 145 140
27 12 163 160 153
28 12 144 143 140
29 12 92 93 91
30 12 54 55 54
31 12 39 40 39
32 12 85 86 84
33 12 140 141 138
34 12 171 171 169
35 12 188 188 185
36 12 198 197 193
37 12 199 197 194
38 12 197 196 193
39 12 194 194 191
40 12 191 191 189
41 12 188 189 187
42 12 181 182 180
43 12 174 175 172
44 12 173 173 170
19 13 48 43 41
20 13 74 60 57
21 13 110 83 80
22 13 120 93 91
23 13 104 102 99
24 13 108 110 107
25 13 136 136 131
26 13 161 157 151
27 13 154 153 149
28 13 112 113 111
29 13 29 30 29
30 13 1 1 1
31 13 1 1 1
32 13 32 32 32
33 13 120 121 119
34 13 149 149 146
35 13 160 161 158
36 13 180 180 178
37 13 194 193 190
38 13 200 198 194
39 13 198 197 193
40 13 195 195 192
41 13 192 192 190
42 13 190 190 188
43 13 184 185 182
44 13 181 181 178
19 14 43 35 32
20 14 88 70 66
21 14 115 89 86
22 14 120 112 109
23 14 118 119 116
24 14 129 130 126
25 14 157 154 147
26 14 157 154 149
27 14 148 148 145
28 14 118 119 117
29 14 53 53 53
30 14 8 9 8
31 14 3 3 3
32 14 59 60 58
33 14 130 131 128
34 14 151 151 149
35 14 151 151 148
36 14 155 156 153
37 14 168 168 165
38 14 187 187 184
39 14 197 196 192
40 14 198 197 193
41 14 196 195 193
42 14 193 194 191
43 14 190 190 188
44 14 186 186 184
19 15 84 71 67
20 15 95 79 76
21 15 117 104 101
22 15 121 121 118
23 15 126 127 123
24 15 153 150 143
25 15 157 154 148
26 15 148 147 143
27 15 145 145 142
28 15 137 137 135
29 15 109 109 108
30 15 77 78 76
31 15 71 72 69
32 15 112 113 110
33 15 140 141 138
34 15 150 151 148
35 15 150 151 148
36 15 153 154 151
37 15 149 150 147
38 15 159 159 157
39 15 173 174 171
40 15 192 191 188
41 15 198 197 193
42 15 196 196 192
43 15 194 194 191
44 15 190 190 187
45 15 186 186 184
19 16 69 59 56
20 16 100 89 86
21 16 118 116 113
22 16 125 126 122
23 16 147 143 137
24 16 160 155 149
25 16 146 145 141
26 16 143 142 139
27 16 144 144 141
28 16 144 144 141
29 16 137 138 135
30 16 135 136 133
31 16 135 135 132
32 16 140 141 138
33 16 148 148 145
34 16 145 146 143
35 16 149 149 146
36 16 147 147 144
37 16 150 151 148
38 16 151 151 149
39 16 153 154 151
40 16 164 165 162
41 16 183 183 180
42 16 194 193 189
43 16 195 194 190
44 16 193 193 189
45 16 190 190 187
19 17 62 59 56
20 17 105 103 99
21 17 120 120 116
22 17 136 134 128
23 17 157 151 144
24 17 147 144 140
25 17 141 140 137
26 17 141 141 138
27 17 142 142 139
28 17 143 143 139
29 17 141 141 138
30 17 143 144 140
31 17 141 141 138
32 17 145 145 142
33 17 143 143 140
34 17 144 145 142
35 17 146 147 144
36 17 146 146 143
37 17 150 150 147
38 17 146 147 144
39 17 151 151 149
40 17 146 146 144
41 17 154 154 151
42 17 170 171 168
43 17 187 187 183
44 17 194 192 188
45 17 190 188 183
19 18 63 62 59
20 18 111 111 107
21 18 132 129 124
22 18 152 146 138
23 18 147 144 139
24 18 139 138 134
25 18 141 141 136
26 18 140 140 136
27 18 140 139 136
28 18 141 140 137
29 18 142 141 138
30 18 141 141 138
31 18 142 142 139
32 18 141 141 138
33 18 142 143 139
34 18 144 144 141
35 18 143 143 140
36 18 145 145 142
37 18 142 143 139
38 18 146 146 143
39 18 143 143 140
40 18 148 148 145
41 18 147 147 144
42 18 151 151 148
43 18 154 155 152
44 18 176 176 174
45 18 187 186 183
46 18 186 185 182
18 19 41 39 36
19 19 72 70 67
20 19 120 118 113
21 19 148 141 134
22 19 150 146 140
23 19 140 138 134
24 19 138 137 133
25 19 138 138 134
26 19 138 138 134
27 19 138 138 134
28 19 138 138 134
29 19 140 139 136
30 19 139 139 136
31 19 139 139 136
32 19 140 141 137
33 19 141 142 138
34 19 141 141 138
35 19 142 143 139
36 19 140 141 137
37 19 141 141 138
38 19 142 143 140
39 19 140 141 137
40 19 145 146 142
41 19 144 144 141
42 19 150 151 147
43 19 146 147 144
44 19 156 159 157
45 19 160 163 163
46 19 195 198 197
18 20 43 42 39
19 20 86 82 77
20 20 142 136 129
21 20 150 144 138
22 20 137 135 131
23 20 135 134 130
24 20 136 136 132
25 20 134 134 130
26 20 136 136 132
27 20 137 136 133
28 20 136 136 132
29 20 137 137 134
30 20 137 137 134
31 20 138 138 135
32 20 137 137 134
33 20 138 138 135
34 20 140 140 137
35 20 139 139 136
36 20 139 139 136
37 20 139 139 135
38 20 139 139 136
39 20 141 142 138
40 20 140 140 137
41 20 143 144 140
42 20 144 145 142
43 20 150 151 149
44 20 134 137 136
45 20 65 67 66
18 21 77 71 65
19 21 122 111 102
20 21 148 140 132
21 21 135 132 127
22 21 134 132 128
23 21 135 133 129
24 21 134 133 128
25 21 134 134 129
26 21 134 134 130
27 21 133 133 129
28 21 135 134 131
29 21 136 135 132
30 21 135 135 131
31 21 136 136 132
32 21 134 134 131
33 21 137 137 134
34 21 136 136 133
35 21 137 137 134
36 21 137 137 134
37 21 136 136 133
38 21 138 137 134
39 21 138 137 134
40 21 140 140 137
41 21 142 143 139
42 21 146 148 145
43 21 141 143 141
44 21 63 65 64
18 22 103 83 72
19 22 139 124 113
20 22 133 126 119
21 22 130 127 123
22 22 131 129 125
23 22 132 130 126
24 22 132 131 127
25 22 133 132 128
26 22 132 131 127
27 22 131 131 127
28 22 132 132 129
29 22 133 133 129
30 22 133 132 129
31 22 134 134 131
32 22 135 135 131
33 22 134 134 131
34 22 134 134 131
35 22 135 134 131
36 22 133 133 129
37 22 135 134 131
38 22 137 136 133
39 22 137 137 134
40 22 140 140 137
41 22 143 144 142
42 22 138 141 139
43 22 63 65 63
18 23 42 30 25
19 23 125 111 100
20 23 126 118 111
21 23 127 123 117
22 23 127 124 120
23 23 130 128 124
24 23 130 129 124
25 23 131 129 125
26 23 131 130 126
27 23 129 129 124
28 23 130 130 126
29 23 130 130 126
30 23 131 131 127
31 23 130 130 126
32 23 131 131 128
33 23 130 130 127
34 23 132 132 128
35 23 133 133 129
36 23 132 131 128
37 23 134 133 130
38 23 133 133 130
39 23 136 136 132
40 23 139 139 137
41 23 134 136 134
42 23 64 65 64
20 24 133 125 116
21 24 128 122 115
22 24 126 121 116
23 24 126 123 118
24 24 128 126 121
25 24 129 127 123
26 24 128 127 123
27 24 128 127 122
28 24 128 128 123
29 24 127 127 123
30 24 128 128 124
31 24 124 124 121
32 24 116 116 114
33 24 111 111 109
34 24 117 117 114
35 24 127 127 123
36 24 129 129 125
37 24 131 130 127
38 24 134 133 129
39 24 138 139 135
40 24 132 133 131
41 24 62 63 62
22 25 107 102 96
23 25 125 120 115
24 25 124 120 115
25 25 126 123 119
26 25 126 125 120
27 25 127 126 121
28 25 126 126 121
29 25 124 124 119
30 25 122 121 118
31 25 90 90 88
32 25 58 59 57
33 25 51 52 51
34 25 61 62 59
35 25 109 109 106
36 25 128 127 124
37 25 130 129 125
38 25 135 134 131
39 25 131 132 129
40 25 98 100 98
24 26 118 113 107
25 26 125 121 115
26 26 122 119 114
27 26 124 122 117
28 26 122 121 116
29 26 124 123 119
30 26 111 110 107
31 26 53 53 52
32 26 12 12 12
33 26 3 3 3
34 26 23 23 22
35 26 91 91 87
36 26 124 124 120
37 26 132 131 128
38 26 129 130 127
39 26 98 99 97
26 27 119 114 108
27 27 122 118 113
28 27 119 116 111
29 27 121 119 115
30 27 111 109 106
31 27 61 61 59
32 27 19 19 18
33 27 17 16 15
34 27 41 40 38
35 27 92 91 87
36 27 126 126 122
37 27 127 128 125
38 27 97 97 95
27 28 125 119 114
28 28 116 111 105
29 28 116 111 106
30 28 113 110 105
31 28 98 96 92
32 28 75 73 70
33 28 82 80 76
34 28 92 90 85
35 28 115 114 109
36 28 126 125 121
37 28 88 88 86
29 29 123 117 110
30 29 118 112 106
31 29 111 107 100
32 29 108 104 99
33 29 113 110 104
34 29 115 112 106
35 29 120 118 113
36 29 85 84 81
37 29 58 57 55
31 30 94 89 82
32 30 112 106 99
33 30 108 103 96
34 30 112 108 103
35 30 88 86 82
36 30 56 54 51
33 31 111 103 96
34 31 89 84 79
35 31 49 46 43
