31 1 157 148 140
32 1 161 153 146
33 1 172 165 160
29 2 162 155 146
30 2 165 159 150
31 2 169 164 156
32 2 175 171 165
33 2 179 175 170
34 2 183 180 175
35 2 186 183 179
27 3 164 157 149
28 3 168 163 156
29 3 171 166 159
30 3 174 170 163
31 3 177 173 167
32 3 178 175 169
33 3 180 177 172
34 3 185 183 179
35 3 190 189 185
36 3 193 192 190
25 4 162 156 148
26 4 169 164 157
27 4 171 167 161
28 4 175 172 166
29 4 179 176 170
30 4 179 177 171
31 4 179 177 172
32 4 181 179 173
33 4 183 181 176
34 4 185 184 180
35 4 191 190 187
36 4 195 194 192
37 4 197 197 195
38 4 195 196 195
24 5 169 164 157
25 5 171 168 161
26 5 176 173 167
27 5 179 176 171
28 5 181 179 174
29 5 182 181 176
30 5 183 181 176
31 5 184 182 178
32 5 184 183 178
33 5 186 185 180
34 5 187 187 183
35 5 190 190 186
36 5 195 194 191
37 5 197 197 195
38 5 198 199 197
39 5 198 199 199
22 6 169 165 158
23 6 172 168 162
24 6 177 174 169
25 6 179 177 173
26 6 181 179 175
27 6 182 181 177
28 6 184 183 179
29 6 184 184 180
30 6 185 185 182
31 6 187 186 183
32 6 187 187 184
33 6 189 189 185
34 6 189 189 186
35 6 192 192 188
36 6 194 194 191
37 6 196 196 193
38 6 199 199 197
39 6 201 203 201
40 6 202 203 203
20 7 167 162 155
21 7 168 164 158
22 7 169 167 162
23 7 171 170 165
24 7 175 174 170
25 7 181 180 176
26 7 183 182 179
27 7 184 184 181
28 7 182 182 179
29 7 177 177 175
30 7 174 174 171
31 7 181 181 178
32 7 189 189 187
33 7 191 191 189
34 7 192 192 189
35 7 191 191 189
36 7 185 185 183
37 7 180 180 176
38 7 186 187 184
39 7 199 200 198
40 7 203 204 203
41 7 204 206 205
42 7 202 205 204
18 8 165 155 145
19 8 171 166 159
20 8 171 167 163
21 8 159 157 153
22 8 137 137 133
23 8 121 120 117
24 8 139 138 135
25 8 175 175 172
26 8 183 184 180
27 8 180 180 177
28 8 156 157 153
29 8 121 122 119
30 8 99 99 97
31 8 135 136 133
32 8 182 183 180
33 8 193 193 191
34 8 189 190 188
35 8 166 167 165
36 8 126 127 124
37 8 97 97 94
38 8 118 119 116
39 8 181 182 180
40 8 202 204 202
41 8 205 207 206
42 8 203 205 205
43 8 195 196 195
17 9 165 152 143
18 9 173 162 153
19 9 176 172 167
20 9 164 163 160
21 9 111 110 108
22 9 46 45 44
23 9 35 35 34
24 9 118 118 115
25 9 175 175 172
26 9 184 184 182
27 9 168 169 166
28 9 97 98 95
29 9 26 26 26
30 9 41 41 40
31 9 126 127 125
32 9 181 182 180
33 9 193 194 192
34 9 181 183 181
35 9 121 123 121
36 9 32 33 33
37 9 32 33 32
38 9 104 106 105
39 9 176 178 176
40 9 201 203 201
41 9 205 207 205
42 9 202 204 203
43 9 199 201 201
17 10 146 141 135
18 10 163 153 144
19 10 179 175 169
20 10 161 160 156
21 10 111 112 110
22 10 86 87 84
23 10 124 125 122
24 10 165 165 162
25 10 185 185 182
26 10 187 187 184
27 10 174 175 173
28 10 141 143 141
29 10 114 115 113
30 10 146 148 146
31 10 179 180 178
32 10 193 194 192
33 10 196 197 195
34 10 188 189 188
35 10 162 164 163
36 10 134 136 135
37 10 146 148 147
38 10 176 178 176
39 10 196 197 196
40 10 202 203 201
41 10 202 203 202
42 10 200 201 200
43 10 199 202 202
18 11 98 90 83
19 11 160 154 147
20 11 179 176 171
21 11 172 172 169
22 11 171 170 167
23 11 180 180 177
24 11 186 186 184
25 11 189 189 186
26 11 190 191 188
27 11 188 188 186
28 11 185 186 183
29 11 183 184 181
30 11 189 190 188
31 11 196 196 194
32 11 197 198 195
33 11 198 199 197
34 11 198 199 197
35 11 194 196 194
36 11 193 195 193
37 11 196 197 195
38 11 200 201 199
39 11 198 199 198
40 11 189 191 188
41 11 184 185 183
42 11 193 195 193
43 11 194 196 195
18 12 51 50 47
19 12 92 88 82
20 12 168 163 157
21 12 188 185 181
22 12 189 188 185
23 12 191 190 187
24 12 191 191 188
25 12 192 192 189
26 12 192 192 189
27 12 193 193 190
28 12 193 193 191
29 12 195 196 193
30 12 196 197 194
31 12 197 198 195
32 12 198 199 197
33 12 199 200 197
34 12 201 202 199
35 12 201 202 200
36 12 202 203 201
37 12 202 203 201
38 12 192 193 190
39 12 164 166 163
40 12 117 118 116
41 12 132 133 130
42 12 184 184 182
43 12 190 192 190
44 12 199 201 200
18 13 52 51 48
19 13 49 47 45
20 13 93 90 85
21 13 174 170 164
22 13 191 189 185
23 13 192 191 187
24 13 193 193 189
25 13 192 192 189
26 13 193 193 190
27 13 195 195 192
28 13 195 196 193
29 13 197 197 195
30 13 197 198 195
31 13 199 199 197
32 13 199 200 198
33 13 200 201 199
34 13 201 201 199
35 13 200 201 199
36 13 199 200 198
37 13 191 192 190
38 13 156 157 155
39 13 76 78 76
40 13 17 17 17
41 13 84 84 82
42 13 174 174 171
43 13 185 186 185
44 13 197 199 198
19 14 51 50 47
20 14 45 44 42
21 14 115 111 105
22 14 181 177 171
23 14 193 191 187
24 14 193 193 189
25 14 195 195 192
26 14 194 194 192
27 14 196 196 193
28 14 197 198 195
29 14 198 198 196
30 14 198 198 196
31 14 200 201 198
32 14 201 201 199
33 14 201 202 199
34 14 198 198 196
35 14 188 189 187
36 14 178 179 177
37 14 178 180 178
38 14 130 133 131
39 14 18 19 19
40 14 35 35 34
41 14 120 119 116
42 14 174 174 171
43 14 184 185 182
44 14 194 195 193
19 15 55 53 50
20 15 49 48 46
21 15 47 47 45
22 15 124 120 115
23 15 186 182 177
24 15 194 192 188
25 15 195 194 191
26 15 196 196 193
27 15 197 197 195
28 15 198 198 195
29 15 199 199 197
30 15 199 200 197
31 15 200 200 198
32 15 199 199 197
33 15 191 192 190
34 15 162 164 161
35 15 116 117 115
36 15 105 106 105
37 15 155 158 157
38 15 139 143 142
39 15 71 72 70
40 15 115 116 113
41 15 161 161 158
42 15 179 179 175
43 15 182 182 179
44 15 188 188 186
20 16 55 54 51
21 16 50 50 47
22 16 55 55 53
23 16 140 135 128
24 16 189 185 179
25 16 196 194 190
26 16 197 196 193
27 16 198 198 195
28 16 199 200 197
29 16 199 199 197
30 16 199 199 197
31 16 197 198 196
32 16 191 192 190
33 16 161 162 159
34 16 84 85 83
35 16 18 18 17
36 16 48 49 47
37 16 145 147 145
38 16 169 171 169
39 16 157 157 155
40 16 166 166 163
41 16 175 175 172
42 16 176 176 172
43 16 177 177 173
44 16 180 180 177
20 17 57 55 52
21 17 56 54 51
22 17 56 56 54
23 17 59 59 57
24 17 149 144 137
25 17 192 188 182
26 17 197 196 191
27 17 198 198 194
28 17 197 197 195
29 17 194 195 192
30 17 186 187 184
31 17 175 177 174
32 17 172 174 172
33 17 137 140 138
34 17 28 29 29
35 17 22 22 22
36 17 99 100 97
37 17 162 163 160
38 17 179 179 176
39 17 178 178 175
40 17 177 177 173
41 17 176 175 171
42 17 174 172 168
43 17 172 171 166
44 17 174 173 168
45 17 180 179 175
21 18 58 56 53
22 18 58 57 54
23 18 58 58 56
24 18 59 60 57
25 18 156 151 144
26 18 189 185 178
27 18 193 191 187
28 18 187 187 184
29 18 165 166 163
30 18 119 120 117
31 18 97 99 96
32 18 135 138 136
33 18 141 145 143
34 18 80 82 80
35 18 106 107 104
36 18 153 153 150
37 18 176 176 173
38 18 179 178 175
39 18 177 176 173
40 18 175 175 171
41 18 172 171 166
42 18 169 167 162
43 18 166 164 158
44 18 166 165 160
45 18 176 175 170
21 19 57 55 51
22 19 58 57 54
23 19 59 59 56
24 19 60 60 58
25 19 72 72 69
26 19 166 160 151
27 19 186 184 179
28 19 159 159 155
29 19 85 86 83
30 19 20 21 20
31 19 32 33 32
32 19 123 125 123
33 19 169 170 168
34 19 162 162 160
35 19 166 166 163
36 19 174 174 171
37 19 177 177 174
38 19 177 177 173
39 19 174 174 170
40 19 168 167 163
41 19 154 153 148
42 19 136 134 129
43 19 148 145 139
44 19 162 160 155
45 19 173 171 167
21 20 52 49 45
22 20 56 53 49
23 20 58 57 54
24 20 60 60 57
25 20 58 59 56
26 20 139 135 129
27 20 178 175 169
28 20 139 139 136
29 20 32 33 31
30 20 15 15 15
31 20 81 82 79
32 20 153 153 150
33 20 179 179 176
34 20 180 180 177
35 20 179 179 176
36 20 178 177 174
37 20 175 175 171
38 20 174 173 169
39 20 169 169 165
40 20 148 148 144
41 20 96 95 91
42 20 51 50 47
43 20 119 117 111
44 20 154 152 147
45 20 162 159 154
22 21 52 48 44
23 21 55 53 49
24 21 58 58 55
25 21 59 59 57
26 21 93 92 88
27 21 169 165 158
28 21 144 144 140
29 21 82 82 80
30 21 96 97 94
31 21 144 145 142
32 21 174 174 171
33 21 180 180 177
34 21 178 178 175
35 21 177 177 174
36 21 175 175 171
37 21 170 170 166
38 21 166 166 162
39 21 157 157 153
40 21 99 99 95
41 21 19 19 18
42 21 34 33 31
43 21 115 113 107
44 21 148 144 138
45 21 147 142 135
23 22 52 49 46
24 22 56 55 52
25 22 57 57 55
26 22 62 61 59
27 22 156 152 145
28 22 172 170 166
29 22 161 161 158
30 22 163 163 160
31 22 173 173 170
32 22 179 178 175
33 22 178 178 175
34 22 177 176 173
35 22 174 174 170
36 22 162 162 158
37 22 141 141 138
38 22 124 124 121
39 22 141 141 138
40 22 88 88 85
41 22 43 42 39
42 22 96 93 88
43 22 135 131 124
44 22 137 131 124
45 22 128 120 113
23 23 51 48 44
24 23 53 51 48
25 23 54 53 51
26 23 55 55 53
27 23 118 116 111
28 23 178 174 169
29 23 179 178 175
30 23 179 178 176
31 23 178 178 175
32 23 178 177 174
33 23 176 175 172
34 23 174 174 171
35 23 164 164 161
36 23 122 122 119
37 23 60 61 58
38 23 47 47 45
39 23 128 128 124
40 23 130 129 125
41 23 123 120 115
42 23 135 131 125
43 23 131 125 118
44 23 107 101 94
24 24 52 51 48
25 24 52 50 48
26 24 48 48 45
27 24 66 65 62
28 24 168 164 158
29 24 178 177 173
30 24 178 178 175
31 24 177 177 174
32 24 174 174 171
33 24 171 171 167
34 24 168 167 164
35 24 145 145 142
36 24 52 52 50
37 24 7 7 6
38 24 75 74 71
39 24 138 137 132
40 24 149 147 141
41 24 141 137 131
42 24 129 124 118
43 24 44 42 38
25 25 52 51 48
26 25 47 46 43
27 25 40 39 38
28 25 140 136 130
29 25 176 173 168
30 25 176 175 172
31 25 169 169 166
32 25 152 152 148
33 25 137 137 133
34 25 140 139 136
35 25 140 141 138
36 25 67 67 65
37 25 75 74 70
38 25 126 123 118
39 25 147 144 139
40 25 139 135 129
41 25 117 112 106
26 26 47 45 43
27 26 38 37 35
28 26 89 85 80
29 26 171 167 161
30 26 171 169 166
31 26 142 142 139
32 26 81 81 79
33 26 43 43 41
34 26 97 96 93
35 26 149 148 145
36 26 136 135 131
37 26 139 136 131
38 26 142 139 133
39 26 135 131 125
40 26 47 45 42
27 27 42 40 37
28 27 44 43 41
29 27 150 146 139
30 27 156 154 150
31 27 88 87 84
32 27 10 10 10
33 27 38 37 36
34 27 125 124 120
35 27 156 154 150
36 27 154 151 146
37 27 141 138 132
38 27 121 116 111
28 28 41 38 36
29 28 108 104 98
30 28 140 134 127
31 28 72 70 67
32 28 58 57 54
33 28 111 110 106
34 28 145 143 139
35 28 150 147 142
36 28 136 133 127
37 28 49 47 44
28 29 43 40 37
29 29 79 76 72
30 29 146 138 130
31 29 139 136 130
32 29 137 135 130
33 29 145 143 137
34 29 141 138 133
35 29 115 111 105
29 30 48 45 42
30 30 146 137 129
31 30 155 148 141
32 30 148 143 137
33 30 134 130 124
34 30 47 45 42
30 31 148 137 128
31 31 145 132 122
32 31 97 90 83
