34 0 170 163 153
32 1 190 190 188
33 1 189 188 184
34 1 185 181 175
35 1 177 171 162
31 2 193 194 191
32 2 194 195 193
33 2 192 193 190
34 2 187 187 183
35 2 185 182 176
36 2 181 175 168
29 3 193 194 192
30 3 195 196 194
31 3 196 197 195
32 3 192 193 191
33 3 172 173 171
34 3 146 147 144
35 3 167 167 163
36 3 183 180 175
37 3 186 178 171
28 4 196 197 195
29 4 198 198 196
30 4 198 198 196
31 4 196 196 194
32 4 184 185 183
33 4 127 128 126
34 4 41 42 41
35 4 97 98 96
36 4 163 163 160
37 4 186 182 177
38 4 188 179 172
26 5 193 194 192
27 5 197 198 196
28 5 198 199 197
29 5 199 200 197
30 5 198 198 196
31 5 197 197 195
32 5 189 190 188
33 5 158 159 157
34 5 80 81 79
35 5 20 20 20
36 5 122 123 121
37 5 180 180 177
38 5 189 185 181
39 5 188 179 173
25 6 195 196 194
26 6 197 198 196
27 6 198 199 197
28 6 198 199 197
29 6 198 199 196
30 6 197 198 195
31 6 197 197 195
32 6 195 195 193
33 6 188 189 187
34 6 157 158 156
35 6 126 127 124
36 6 164 165 162
37 6 187 187 185
38 6 190 190 187
39 6 190 186 181
40 6 189 179 172
23 7 190 192 190
24 7 196 197 196
25 7 197 199 197
26 7 195 197 195
27 7 188 189 187
28 7 188 189 187
29 7 192 193 191
30 7 197 197 195
31 7 196 197 194
32 7 195 195 193
33 7 194 194 192
34 7 188 188 186
35 7 184 185 182
36 7 188 189 187
37 7 191 192 189
38 7 191 191 189
39 7 190 189 186
40 7 188 184 180
41 7 188 179 173
22 8 185 187 186
23 8 191 193 192
24 8 198 200 199
25 8 196 198 196
26 8 175 176 175
27 8 118 120 118
28 8 115 118 116
29 8 148 150 148
30 8 186 187 184
31 8 195 195 193
32 8 194 195 192
33 8 193 194 191
34 8 189 190 188
35 8 190 190 188
36 8 191 192 189
37 8 192 192 190
38 8 191 191 189
39 8 191 191 188
40 8 190 189 187
41 8 189 185 181
42 8 187 178 172
21 9 61 62 61
22 9 121 123 122
23 9 182 185 184
24 9 199 202 201
25 9 197 199 197
26 9 159 161 159
27 9 51 52 51
28 9 10 11 10
29 9 51 53 52
30 9 154 155 153
31 9 191 191 189
32 9 194 195 192
33 9 182 183 180
34 9 147 148 146
35 9 149 151 149
36 9 168 169 167
37 9 189 190 188
38 9 192 192 189
39 9 191 191 188
40 9 190 189 187
41 9 187 186 183
42 9 185 181 177
43 9 185 176 171
21 10 63 64 63
22 10 111 112 110
23 10 119 121 120
24 10 185 188 188
25 10 198 200 199
26 10 175 176 174
27 10 89 91 88
28 10 27 27 26
29 10 38 38 38
30 10 142 144 143
31 10 188 189 187
32 10 192 192 190
33 10 165 166 163
34 10 70 71 68
35 10 28 28 28
36 10 87 88 87
37 10 167 168 166
38 10 190 191 188
39 10 190 190 187
40 10 178 178 176
41 10 155 155 153
42 10 164 163 160
43 10 176 171 167
44 10 181 171 165
45 10 182 170 163
20 11 63 64 62
21 11 79 80 78
22 11 105 107 104
23 11 55 55 54
24 11 119 122 120
25 11 185 188 187
26 11 194 195 194
27 11 169 170 167
28 11 140 140 137
29 11 135 135 133
30 11 165 166 165
31 11 190 191 189
32 11 192 193 190
33 11 180 180 178
34 11 115 116 113
35 11 16 16 15
36 11 21 22 21
37 11 130 131 129
38 11 184 185 182
39 11 187 188 185
40 11 160 160 157
41 11 75 76 74
42 11 83 84 82
43 11 138 136 133
44 11 175 169 165
45 11 183 174 168
46 11 180 168 160
20 12 64 65 63
21 12 120 122 119
22 12 54 55 54
23 12 22 22 21
24 12 34 34 33
25 12 117 118 117
26 12 186 188 187
27 12 197 198 196
28 12 191 191 188
29 12 188 188 185
30 12 188 188 185
31 12 192 192 190
32 12 193 193 190
33 12 188 188 185
34 12 164 164 161
35 12 115 115 113
36 12 96 95 92
37 12 148 148 145
38 12 184 184 182
39 12 190 190 187
40 12 167 167 164
41 12 70 69 67
42 12 8 8 8
43 12 83 82 81
44 12 165 163 161
45 12 182 177 172
46 12 180 169 162
47 12 173 158 149
19 13 64 64 62
20 13 106 106 104
21 13 93 94 92
22 13 37 38 37
23 13 6 6 6
24 13 7 7 7
25 13 32 32 31
26 13 121 122 120
27 13 186 188 186
28 13 198 199 197
29 13 196 196 193
30 13 193 192 189
31 13 193 192 189
32 13 192 192 189
33 13 191 191 188
34 13 186 187 184
35 13 179 179 177
36 13 173 173 170
37 13 176 176 173
38 13 187 187 184
39 13 190 190 187
40 13 182 182 179
41 13 154 154 150
42 13 92 92 89
43 13 97 97 95
44 13 159 159 156
45 13 183 180 176
46 13 181 173 167
47 13 173 159 150
19 14 63 63 61
20 14 123 124 121
21 14 61 61 60
22 14 43 44 43
23 14 20 21 20
24 14 2 2 2
25 14 14 14 14
26 14 46 46 44
27 14 125 125 123
28 14 187 188 186
29 14 198 198 196
30 14 194 194 191
31 14 193 193 190
32 14 192 192 189
33 14 191 191 188
34 14 189 189 187
35 14 187 188 185
36 14 187 187 185
37 14 188 188 185
38 14 189 189 186
39 14 189 188 186
40 14 189 189 186
41 14 184 183 180
42 14 171 170 166
43 14 166 165 162
44 14 176 175 172
45 14 184 182 178
46 14 183 178 173
47 14 177 166 159
18 15 63 64 62
19 15 113 113 111
20 15 80 81 78
21 15 24 24 24
22 15 27 28 27
23 15 32 33 33
24 15 19 20 20
25 15 19 19 18
26 15 45 45 43
27 15 59 59 56
28 15 123 124 121
29 15 186 187 185
30 15 197 197 195
31 15 195 194 191
32 15 192 192 189
33 15 190 190 188
34 15 184 184 181
35 15 176 176 174
36 15 172 173 170
37 15 180 180 177
38 15 188 187 185
39 15 188 188 185
40 15 189 188 185
41 15 189 187 184
42 15 188 187 183
43 15 186 185 182
44 15 185 184 180
45 15 184 182 178
46 15 182 179 175
17 16 62 62 60
18 16 77 77 75
19 16 107 108 105
20 16 48 48 47
21 16 11 12 11
22 16 4 5 5
23 16 26 27 27
24 16 42 43 42
25 16 45 46 45
26 16 52 52 51
27 16 58 58 55
28 16 60 60 57
29 16 120 120 117
30 16 185 185 183
31 16 196 197 194
32 16 194 194 191
33 16 190 190 187
34 16 172 172 169
35 16 127 127 124
36 16 88 89 87
37 16 131 131 129
38 16 177 177 174
39 16 187 186 183
40 16 189 187 184
41 16 189 187 183
42 16 188 186 182
43 16 187 185 181
44 16 186 184 180
45 16 184 182 178
17 17 60 60 57
18 17 113 113 110
19 17 61 61 59
20 17 41 42 41
21 17 24 25 25
22 17 5 6 6
23 17 14 14 14
24 17 46 46 45
25 17 58 58 56
26 17 59 58 56
27 17 59 59 56
28 17 59 58 55
29 17 59 57 54
30 17 122 121 117
31 17 184 184 181
32 17 195 195 192
33 17 191 191 188
34 17 168 168 164
35 17 74 74 72
36 17 9 9 8
37 17 31 31 30
38 17 138 137 134
39 17 183 182 178
40 17 188 187 182
41 17 188 186 181
42 17 186 184 180
43 17 186 184 179
44 17 185 183 179
16 18 51 48 43
17 18 57 55 50
18 18 88 87 83
19 18 25 25 24
20 18 15 15 15
21 18 25 26 25
22 18 25 27 26
23 18 24 25 24
24 18 47 48 46
25 18 59 59 57
26 18 60 59 57
27 18 59 58 56
28 18 58 57 54
29 18 58 57 54
30 18 57 56 52
31 18 122 120 115
32 18 182 181 178
33 18 192 192 189
34 18 180 179 176
35 18 121 119 116
36 18 30 30 28
37 18 17 17 16
38 18 112 112 109
39 18 177 176 172
40 18 187 185 181
41 18 186 184 179
42 18 187 184 179
43 18 186 184 179
17 19 58 55 49
18 19 61 58 53
19 19 31 30 28
20 19 3 3 3
21 19 15 16 15
22 19 42 43 41
23 19 52 52 50
24 19 56 56 54
25 19 59 59 56
26 19 60 60 57
27 19 59 58 56
28 19 57 57 54
29 19 56 55 52
30 19 51 50 46
31 19 48 47 43
32 19 118 116 111
33 19 179 178 174
34 19 187 186 182
35 19 171 170 166
36 19 131 130 125
37 19 92 90 86
38 19 138 135 131
39 19 179 177 173
40 19 185 183 178
41 19 186 183 178
42 19 185 183 178
18 20 55 52 47
19 20 43 41 37
20 20 23 23 21
21 20 12 12 12
22 20 42 42 41
23 20 59 59 57
24 20 61 61 59
25 20 60 59 57
26 20 59 59 57
27 20 59 59 56
28 20 58 58 55
29 20 53 53 50
30 20 36 36 34
31 20 20 19 18
32 20 30 29 27
33 20 119 117 112
34 20 177 176 171
35 20 188 186 182
36 20 181 179 174
37 20 169 167 162
38 20 178 176 171
39 20 185 182 178
40 20 185 182 177
41 20 185 182 177
19 21 50 47 43
20 21 46 44 41
21 21 42 41 40
22 21 49 50 48
23 21 60 60 58
24 21 61 61 59
25 21 61 61 58
26 21 60 60 57
27 21 58 58 55
28 21 56 56 53
29 21 51 51 48
30 21 28 28 26
31 21 3 3 3
32 21 7 6 6
33 21 29 28 26
34 21 116 113 108
35 21 176 173 169
36 21 187 185 181
37 21 186 184 179
38 21 185 183 177
39 21 184 181 176
40 21 184 182 177
20 22 57 54 50
21 22 58 56 53
22 22 60 59 57
23 22 62 61 59
24 22 62 62 59
25 22 61 60 58
26 22 60 59 57
27 22 55 55 52
28 22 45 45 43
29 22 39 39 37
30 22 32 32 31
31 22 14 14 13
32 22 1 1 1
33 22 11 11 10
34 22 38 37 34
35 22 113 109 104
36 22 172 169 164
37 22 185 182 178
38 22 185 182 177
39 22 185 182 177
21 23 59 56 51
22 23 60 58 55
23 23 62 61 59
24 23 61 61 59
25 23 61 60 58
26 23 60 60 58
27 23 52 52 50
28 23 26 26 25
29 23 11 11 10
30 23 23 24 22
31 23 28 28 27
32 23 17 17 16
33 23 14 14 13
34 23 38 37 34
35 23 51 48 45
36 23 104 97 91
37 23 166 161 155
38 23 184 182 178
22 24 59 56 51
23 24 61 59 55
24 24 61 60 58
25 24 59 59 57
26 24 55 55 53
27 24 50 50 48
28 24 28 28 27
29 24 4 4 4
30 24 6 6 6
31 24 29 29 27
32 24 41 40 38
33 24 40 39 37
34 24 48 46 43
35 24 60 57 52
36 24 60 55 50
37 24 45 40 36
23 25 58 55 50
24 25 60 58 55
25 25 55 55 53
26 25 37 37 35
27 25 31 31 29
28 25 33 33 31
29 25 22 22 21
30 25 6 6 6
31 25 22 21 20
32 25 47 46 43
33 25 52 51 47
34 25 64 61 56
35 25 50 47 43
36 25 49 45 41
24 26 58 54 50
25 26 52 50 47
26 26 25 25 24
27 26 4 4 4
28 26 17 17 16
29 26 36 36 35
30 26 32 32 31
31 26 36 35 33
32 26 51 50 47
33 26 65 62 58
34 26 51 48 45
35 26 49 46 42
25 27 51 47 43
26 27 33 31 28
27 27 9 9 8
28 27 6 6 6
29 27 35 35 33
30 27 52 51 49
31 27 54 53 50
32 27 60 57 54
33 27 59 56 52
34 27 51 48 44
26 28 41 37 33
27 28 32 29 27
28 28 23 22 21
29 28 37 37 35
30 28 57 56 53
31 28 60 58 54
32 28 65 62 58
33 28 50 48 44
27 29 50 45 41
28 29 50 47 43
29 29 54 52 48
30 29 62 59 55
31 29 54 51 47
32 29 52 50 46
28 30 53 47 42
29 30 62 56 51
30 30 53 50 46
31 30 51 48 45
29 31 48 40 34
30 31 49 41 35
