30 0 153 146 137
31 0 182 183 180
32 0 191 194 192
29 1 111 109 104
30 1 151 148 142
31 1 189 189 186
32 1 195 196 194
33 1 193 194 192
28 2 95 95 91
29 2 124 123 118
30 2 158 155 150
31 2 195 194 192
32 2 202 195 193
33 2 199 191 189
34 2 193 192 190
35 2 187 188 186
27 3 100 99 94
28 3 115 115 111
29 3 114 113 110
30 3 168 165 161
31 3 199 198 196
32 3 204 191 189
33 3 207 178 175
34 3 202 186 184
35 3 195 190 188
36 3 188 188 186
26 4 133 132 128
27 4 121 121 117
28 4 102 102 99
29 4 99 98 95
30 4 183 180 176
31 4 200 198 196
32 4 205 188 187
33 4 207 177 176
34 4 208 167 166
35 4 205 177 176
36 4 196 185 183
37 4 190 187 185
38 4 179 178 175
25 5 130 128 124
26 5 133 132 129
27 5 123 123 119
28 5 81 82 80
29 5 128 126 122
30 5 192 190 186
31 5 202 198 197
32 5 206 177 175
33 5 208 164 164
34 5 208 159 161
35 5 209 148 149
36 5 207 156 155
37 5 199 176 175
38 5 189 184 182
39 5 181 182 180
24 6 124 123 119
25 6 129 128 124
26 6 137 138 135
27 6 124 124 121
28 6 116 116 113
29 6 157 155 151
30 6 196 194 191
31 6 203 198 196
32 6 206 176 174
33 6 207 167 168
34 6 206 164 166
35 6 206 157 158
36 6 205 161 161
37 6 201 175 173
38 6 191 185 183
39 6 185 187 184
40 6 181 183 180
23 7 118 117 113
24 7 122 121 118
25 7 136 136 133
26 7 140 140 137
27 7 134 135 132
28 7 145 145 142
29 7 165 162 159
30 7 199 197 194
31 7 204 193 191
32 7 206 167 166
33 7 207 153 153
34 7 205 167 168
35 7 202 179 179
36 7 196 187 186
37 7 192 190 188
38 7 189 189 186
39 7 185 187 185
40 7 182 184 181
41 7 181 183 180
42 7 172 174 170
22 8 111 109 105
23 8 103 103 99
24 8 124 124 121
25 8 138 138 135
26 8 138 138 136
27 8 143 143 140
28 8 151 150 147
29 8 169 166 162
30 8 201 198 195
31 8 202 188 185
32 8 204 163 162
33 8 205 164 164
34 8 204 171 171
35 8 197 188 187
36 8 191 191 189
37 8 187 190 187
38 8 187 189 186
39 8 186 189 186
40 8 185 187 184
41 8 182 184 181
42 8 179 180 177
43 8 175 176 173
21 9 119 118 114
22 9 94 93 90
23 9 87 88 86
24 9 120 121 118
25 9 122 122 120
26 9 125 126 123
27 9 141 141 138
28 9 142 142 139
29 9 178 174 171
30 9 200 197 195
31 9 202 182 180
32 9 203 154 153
33 9 202 171 171
34 9 200 180 179
35 9 195 190 189
36 9 181 183 181
37 9 165 168 165
38 9 175 178 175
39 9 185 188 185
40 9 186 188 185
41 9 185 186 183
42 9 181 182 179
43 9 177 177 173
44 9 163 159 152
20 10 76 76 73
21 10 95 95 93
22 10 90 92 90
23 10 83 84 81
24 10 107 108 105
25 10 83 84 81
26 10 120 121 119
27 10 122 123 120
28 10 111 110 107
29 10 186 182 178
30 10 200 195 192
31 10 200 172 170
32 10 199 119 117
33 10 201 134 133
34 10 200 169 168
35 10 194 188 186
36 10 171 172 170
37 10 99 102 99
38 10 110 114 111
39 10 169 172 169
40 10 186 188 185
41 10 185 187 184
42 10 182 184 181
43 10 179 179 175
44 10 168 164 157
20 11 89 89 86
21 11 94 94 91
22 11 82 83 81
23 11 99 100 97
24 11 77 78 75
25 11 94 94 92
26 11 121 121 118
27 11 79 79 76
28 11 119 115 111
29 11 190 185 181
30 11 198 191 187
31 11 199 162 159
32 11 198 119 117
33 11 199 112 112
34 11 200 154 154
35 11 195 186 185
36 11 181 182 180
37 11 114 117 114
38 11 31 33 32
39 11 128 132 129
40 11 180 182 179
41 11 185 187 184
42 11 183 185 182
43 11 180 181 177
44 11 173 169 162
45 11 161 153 142
20 12 101 101 98
21 12 105 105 102
22 12 111 111 108
23 12 108 108 105
24 12 90 89 87
25 12 123 123 120
26 12 100 100 97
27 12 68 67 65
28 12 142 136 132
29 12 189 184 178
30 12 196 191 186
31 12 197 174 170
32 12 198 147 145
33 12 196 116 116
34 12 197 125 124
35 12 197 176 175
36 12 190 189 187
37 12 164 166 163
38 12 88 91 88
39 12 99 103 101
40 12 174 177 174
41 12 187 188 185
42 12 185 186 183
43 12 181 182 178
44 12 176 173 166
45 12 167 160 149
20 13 96 95 92
21 13 124 124 120
22 13 128 128 124
23 13 120 120 117
24 13 125 125 122
25 13 131 130 127
26 13 94 93 90
27 13 115 112 108
28 13 139 133 128
29 13 160 150 142
30 13 184 179 173
31 13 193 186 181
32 13 195 175 171
33 13 196 145 142
34 13 196 131 130
35 13 196 158 156
36 13 194 188 185
37 13 187 188 185
38 13 167 169 167
39 13 160 162 160
40 13 181 183 180
41 13 186 188 185
42 13 185 187 183
43 13 182 183 179
44 13 177 174 167
45 13 169 163 152
19 14 52 51 49
20 14 113 112 108
21 14 131 130 127
22 14 130 130 127
23 14 132 132 129
24 14 138 138 135
25 14 138 137 133
26 14 129 128 124
27 14 129 125 121
28 14 99 94 89
29 14 66 61 57
30 14 133 125 118
31 14 172 168 162
32 14 189 184 179
33 14 194 181 177
34 14 196 165 162
35 14 196 149 147
36 14 194 174 172
37 14 192 191 188
38 14 190 191 188
39 14 187 189 186
40 14 188 190 187
41 14 187 189 185
42 14 186 187 184
43 14 183 184 180
44 14 178 176 169
45 14 172 165 155
19 15 122 119 115
20 15 124 123 120
21 15 124 123 120
22 15 121 121 118
23 15 136 136 132
24 15 143 141 137
25 15 141 139 135
26 15 128 126 121
27 15 93 89 85
28 15 52 50 47
29 15 35 33 31
30 15 36 35 32
31 15 92 88 82
32 15 158 153 147
33 15 183 180 175
34 15 190 184 181
35 15 195 176 173
36 15 195 170 167
37 15 193 186 183
38 15 191 192 189
39 15 190 191 188
40 15 189 191 188
41 15 188 190 186
42 15 187 188 185
43 15 185 185 181
44 15 180 177 170
45 15 173 166 156
19 16 104 102 98
20 16 120 119 115
21 16 94 94 91
22 16 112 111 108
23 16 139 138 134
24 16 142 140 135
25 16 131 128 124
26 16 88 86 81
27 16 42 41 38
28 16 18 18 16
29 16 9 8 7
30 16 10 10 9
31 16 21 20 19
32 16 49 47 44
33 16 132 128 121
34 16 171 168 162
35 16 188 185 181
36 16 192 183 180
37 16 193 186 183
38 16 192 191 188
39 16 190 191 188
40 16 190 191 188
41 16 189 190 187
42 16 187 188 184
43 16 185 185 181
44 16 181 177 170
45 16 176 167 157
18 17 51 49 46
19 17 95 93 89
20 17 99 98 95
21 17 69 68 65
22 17 123 121 116
23 17 138 136 131
24 17 128 126 122
25 17 77 75 72
26 17 54 53 50
27 17 38 37 35
28 17 11 11 10
29 17 1 1 1
30 17 1 1 1
31 17 9 9 8
32 17 34 34 32
33 17 52 50 47
34 17 91 88 83
35 17 155 152 145
36 17 182 179 174
37 17 189 188 184
38 17 191 191 188
39 17 191 191 188
40 17 190 191 188
41 17 189 190 187
42 17 187 188 184
43 17 185 185 181
44 17 181 176 169
45 17 177 167 157
18 18 50 48 45
19 18 103 100 96
20 18 76 75 72
21 18 96 94 90
22 18 132 130 126
23 18 123 122 119
24 18 71 70 67
25 18 59 58 56
26 18 57 56 54
27 18 48 48 46
28 18 30 30 29
29 18 19 19 18
30 18 16 16 15
31 18 28 28 27
32 18 44 44 43
33 18 55 54 51
34 18 57 55 52
35 18 60 58 54
36 18 126 123 116
37 18 170 167 162
38 18 186 185 181
39 18 189 189 186
40 18 191 191 188
41 18 190 190 187
42 18 189 189 186
43 18 186 186 181
44 18 182 177 169
45 18 178 167 156
18 19 114 109 104
19 19 109 106 101
20 19 101 99 94
21 19 122 121 117
22 19 113 113 110
23 19 70 70 67
24 19 60 60 57
25 19 59 58 56
26 19 59 59 56
27 19 57 57 55
28 19 52 52 50
29 19 47 47 45
30 19 46 46 44
31 19 51 51 49
32 19 55 54 52
33 19 57 57 54
34 19 57 56 53
35 19 58 57 53
36 19 56 55 52
37 19 88 85 80
38 19 152 149 143
39 19 180 178 174
40 19 187 187 182
41 19 189 190 186
42 19 188 189 185
43 19 186 185 181
44 19 182 176 169
45 19 179 167 156
18 20 95 92 87
19 20 122 119 114
20 20 126 125 122
21 20 105 106 104
22 20 65 66 63
23 20 55 55 53
24 20 57 57 55
25 20 58 58 56
26 20 59 59 57
27 20 60 59 57
28 20 59 59 57
29 20 58 58 56
30 20 59 58 56
31 20 58 58 56
32 20 58 57 55
33 20 59 58 56
34 20 59 58 55
35 20 58 57 54
36 20 57 56 53
37 20 55 54 51
38 20 59 58 54
39 20 114 111 105
40 20 167 165 160
41 20 184 183 179
42 20 187 186 182
43 20 186 185 180
44 20 181 174 166
45 20 177 165 154
17 21 45 41 38
18 21 103 99 94
19 21 124 124 121
20 21 99 101 98
21 21 55 56 54
22 21 28 29 27
23 21 28 29 28
24 21 34 35 34
25 21 51 51 50
26 21 59 59 57
27 21 60 60 58
28 21 60 60 58
29 21 60 59 57
30 21 60 59 57
31 21 60 59 57
32 21 59 59 57
33 21 59 59 57
34 21 58 58 55
35 21 58 57 55
36 21 52 51 49
37 21 40 40 37
38 21 35 35 33
39 21 34 33 31
40 21 74 72 69
41 21 145 142 137
42 21 177 174 168
43 21 182 179 172
44 21 179 170 161
45 21 177 163 151
17 22 84 80 76
18 22 106 106 103
19 22 86 88 85
20 22 61 62 60
21 22 31 31 30
22 22 4 5 4
23 22 3 3 3
24 22 9 9 9
25 22 36 37 36
26 22 57 58 56
27 22 61 61 59
28 22 61 60 58
29 22 61 60 58
30 22 60 60 58
31 22 60 60 58
32 22 61 60 58
33 22 60 60 57
34 22 60 59 57
35 22 58 57 55
36 22 43 43 40
37 22 18 17 16
38 22 7 7 6
39 22 6 6 5
40 22 18 18 17
41 22 50 49 47
42 22 114 109 104
43 22 161 153 145
44 22 173 159 148
45 22 173 155 143
18 23 60 61 59
19 23 64 65 63
20 23 60 61 59
21 23 45 46 44
22 23 23 24 23
23 23 15 16 16
24 23 21 22 22
25 23 42 44 43
26 23 59 60 58
27 23 61 61 59
28 23 61 61 59
29 23 61 61 59
30 23 61 61 59
31 23 61 60 58
32 23 61 60 58
33 23 60 60 58
34 23 61 61 58
35 23 59 59 57
36 23 46 45 43
37 23 22 21 20
38 23 8 8 8
39 23 5 5 5
40 23 14 14 14
41 23 43 42 40
42 23 66 63 60
43 23 83 75 68
44 23 155 137 125
45 23 139 117 103
20 24 62 63 61
21 24 59 60 58
22 24 53 54 53
23 24 50 51 50
24 24 52 54 52
25 24 57 59 57
26 24 61 61 60
27 24 62 62 60
28 24 62 62 60
29 24 61 62 60
30 24 62 61 59
31 24 62 61 59
32 24 62 61 59
33 24 61 61 59
34 24 62 61 59
35 24 62 61 59
36 24 57 57 55
37 24 47 47 45
38 24 40 40 38
39 24 36 36 35
40 24 44 42 40
41 24 61 58 55
42 24 73 68 63
43 24 59 55 50
21 25 61 62 60
22 25 62 63 61
23 25 62 63 61
24 25 63 64 62
25 25 63 64 62
26 25 64 64 62
27 25 63 63 61
28 25 62 63 61
29 25 61 61 59
30 25 57 57 55
31 25 56 56 54
32 25 57 57 55
33 25 60 60 58
34 25 62 62 60
35 25 62 62 60
36 25 63 63 60
37 25 61 60 58
38 25 60 59 57
39 25 68 65 61
40 25 60 57 54
41 25 58 54 51
42 25 59 53 48
23 26 63 64 62
24 26 64 65 63
25 26 64 64 62
26 26 64 64 62
27 26 63 64 62
28 26 62 62 60
29 26 52 53 51
30 26 32 32 31
31 26 27 27 26
32 26 31 31 30
33 26 45 45 44
34 26 60 60 58
35 26 63 63 61
36 26 63 63 60
37 26 68 66 63
38 26 62 59 56
39 26 62 59 55
40 26 61 58 54
25 27 63 64 62
26 27 64 64 62
27 27 65 65 63
28 27 63 63 61
29 27 46 46 44
30 27 14 14 13
31 27 2 2 2
32 27 5 5 5
33 27 26 26 26
34 27 55 55 54
35 27 62 62 60
36 27 75 72 68
37 27 76 72 68
38 27 62 58 54
27 28 64 64 62
28 28 63 63 62
29 28 55 56 54
30 28 38 38 37
31 28 24 25 24
32 28 25 26 26
33 28 36 37 36
34 28 63 63 60
35 28 62 60 57
36 28 62 59 55
37 28 62 58 54
28 29 61 62 60
29 29 62 63 61
30 29 60 61 59
31 29 57 57 55
32 29 57 56 54
33 29 63 62 58
34 29 72 70 66
35 29 61 57 54
30 30 63 63 62
31 30 60 59 56
32 30 65 62 58
33 30 60 57 52
34 30 61 57 52
