32 0 181 177 170
33 0 181 173 163
34 0 177 168 156
31 1 190 190 187
32 1 191 191 187
33 1 191 188 182
34 1 188 182 172
35 1 180 171 161
29 2 189 190 187
30 2 192 193 191
31 2 192 193 191
32 2 188 189 186
33 2 189 188 185
34 2 193 190 184
35 2 191 186 179
36 2 186 174 164
27 3 188 189 187
28 3 191 192 189
29 3 192 193 190
30 3 186 187 185
31 3 165 166 164
32 3 131 133 130
33 3 148 149 146
34 3 186 187 184
35 3 195 191 187
36 3 195 186 179
25 4 186 186 184
26 4 190 191 188
27 4 192 192 190
28 4 193 194 192
29 4 188 189 187
30 4 152 153 151
31 4 70 71 69
32 4 20 21 20
33 4 50 51 50
34 4 156 157 155
35 4 194 193 190
36 4 196 191 186
37 4 195 186 179
23 5 183 183 181
24 5 188 189 187
25 5 190 191 188
26 5 192 193 190
27 5 193 193 191
28 5 193 194 191
29 5 190 191 188
30 5 157 158 156
31 5 54 55 53
32 5 22 22 21
33 5 86 87 85
34 5 159 160 157
35 5 192 193 190
36 5 198 196 193
37 5 196 191 185
38 5 195 184 176
22 6 185 187 184
23 6 188 189 186
24 6 191 192 189
25 6 192 193 190
26 6 192 193 190
27 6 192 193 191
28 6 193 193 191
29 6 192 192 190
30 6 184 184 182
31 6 146 147 144
32 6 139 140 137
33 6 172 173 170
34 6 189 189 187
35 6 196 196 194
36 6 197 197 194
37 6 197 195 192
38 6 196 190 185
39 6 197 187 180
20 7 182 184 182
21 7 185 187 185
22 7 185 187 185
23 7 185 186 184
24 7 188 189 187
25 7 190 191 188
26 7 192 192 190
27 7 192 193 190
28 7 192 193 190
29 7 192 192 190
30 7 192 192 190
31 7 188 188 186
32 7 188 189 186
33 7 192 193 190
34 7 195 195 192
35 7 197 197 194
36 7 197 197 195
37 7 198 197 195
38 7 198 195 191
39 7 197 190 184
40 7 196 184 176
18 8 179 181 180
19 8 184 186 185
20 8 186 187 186
21 8 179 181 179
22 8 157 159 157
23 8 137 139 137
24 8 153 155 153
25 8 178 179 176
26 8 190 190 188
27 8 191 192 189
28 8 190 191 188
29 8 188 189 186
30 8 187 188 186
31 8 189 189 187
32 8 192 192 190
33 8 194 195 192
34 8 195 196 193
35 8 196 196 193
36 8 197 197 194
37 8 198 197 195
38 8 198 197 194
39 8 198 195 191
40 8 198 191 185
41 8 196 183 175
17 9 174 176 174
18 9 181 184 183
19 9 188 190 189
20 9 184 185 183
21 9 139 141 139
22 9 60 61 60
23 9 25 26 26
24 9 63 65 65
25 9 152 154 152
26 9 186 187 185
27 9 190 191 188
28 9 181 182 180
29 9 156 157 154
30 9 136 137 135
31 9 149 151 149
32 9 178 179 177
33 9 193 194 192
34 9 194 195 192
35 9 195 196 193
36 9 195 196 193
37 9 191 191 189
38 9 189 189 187
39 9 194 193 190
40 9 197 192 188
41 9 197 189 183
18 10 173 177 176
19 10 187 189 188
20 10 178 180 177
21 10 114 116 113
22 10 23 23 22
23 10 11 11 11
24 10 79 81 80
25 10 161 163 161
26 10 186 187 184
27 10 185 185 182
28 10 152 153 150
29 10 68 69 67
30 10 20 20 20
31 10 35 36 35
32 10 133 135 133
33 10 186 187 185
34 10 194 195 192
35 10 193 193 191
36 10 176 176 173
37 10 141 141 139
38 10 134 136 134
39 10 160 161 159
40 10 184 181 179
41 10 196 190 185
42 10 196 187 181
18 11 132 134 133
19 11 176 179 178
20 11 182 184 182
21 11 145 146 143
22 11 108 109 106
23 11 108 108 107
24 11 144 145 144
25 11 178 180 178
26 11 188 188 186
27 11 184 185 182
28 11 149 149 146
29 11 47 47 45
30 11 4 4 4
31 11 43 44 43
32 11 130 131 129
33 11 184 185 182
34 11 193 194 191
35 11 186 186 184
36 11 136 136 133
37 11 37 37 36
38 11 24 24 24
39 11 72 72 71
40 11 159 158 156
41 11 194 191 188
42 11 197 191 185
43 11 195 183 175
18 12 47 46 44
19 12 139 141 140
20 12 184 185 183
21 12 184 184 182
22 12 176 176 173
23 12 175 175 173
24 12 178 179 176
25 12 186 186 183
26 12 187 187 185
27 12 184 185 182
28 12 165 165 162
29 12 121 122 119
30 12 92 91 88
31 12 120 119 115
32 12 168 168 165
33 12 189 189 186
34 12 193 193 190
35 12 183 183 180
36 12 115 115 112
37 12 14 14 14
38 12 5 5 5
39 12 53 54 53
40 12 156 156 154
41 12 194 193 190
42 12 198 194 189
43 12 195 185 178
44 12 188 172 162
19 13 47 46 44
20 13 158 160 158
21 13 189 189 187
22 13 189 188 185
23 13 186 185 182
24 13 186 186 182
25 13 186 186 183
26 13 187 187 184
27 13 187 187 184
28 13 183 183 181
29 13 177 178 175
30 13 172 172 169
31 13 175 174 172
32 13 185 185 182
33 13 191 190 188
34 13 192 191 189
35 13 189 189 186
36 13 162 162 159
37 13 100 100 96
38 13 97 97 94
39 13 122 122 119
40 13 176 175 173
41 13 195 193 190
42 13 196 192 188
43 13 188 179 172
44 13 179 167 157
19 14 43 42 41
20 14 85 86 85
21 14 172 173 171
22 14 190 190 187
23 14 187 187 184
24 14 186 186 183
25 14 187 186 184
26 14 186 186 183
27 14 186 186 183
28 14 185 186 183
29 14 185 186 183
30 14 186 186 183
31 14 188 188 186
32 14 190 190 187
33 14 192 191 188
34 14 192 191 189
35 14 193 192 189
36 14 189 188 185
37 14 180 179 175
38 14 178 177 174
39 14 181 180 177
40 14 192 191 187
41 14 191 188 184
42 14 176 171 166
43 14 150 143 136
44 14 168 161 153
20 15 39 38 37
21 15 119 120 118
22 15 186 186 184
23 15 189 189 186
24 15 187 186 183
25 15 185 185 182
26 15 184 184 181
27 15 177 177 174
28 15 170 171 168
29 15 168 169 166
30 15 178 179 176
31 15 188 187 185
32 15 189 189 186
33 15 191 190 187
34 15 192 190 187
35 15 193 192 189
36 15 193 192 189
37 15 193 192 188
38 15 193 192 189
39 15 192 190 186
40 15 181 178 174
41 15 143 138 133
42 15 106 102 97
43 15 134 130 124
44 15 167 161 154
20 16 39 37 36
21 16 41 41 39
22 16 158 159 157
23 16 190 191 188
24 16 189 188 185
25 16 186 185 182
26 16 175 175 172
27 16 139 139 136
28 16 104 104 101
29 16 81 81 79
30 16 140 140 138
31 16 181 181 178
32 16 189 188 185
33 16 191 190 186
34 16 192 190 186
35 16 193 191 188
36 16 193 191 187
37 16 193 192 188
38 16 189 186 182
39 16 161 158 153
40 16 97 95 90
41 16 38 37 34
42 16 70 69 65
43 16 129 125 119
44 16 160 155 148
21 17 41 40 38
22 17 70 71 69
23 17 173 173 171
24 17 189 189 186
25 17 184 184 180
26 17 157 156 153
27 17 69 69 67
28 17 15 15 14
29 17 4 4 4
30 17 78 78 76
31 17 168 167 164
32 17 188 186 183
33 17 190 188 184
34 17 191 189 185
35 17 191 189 185
36 17 191 190 186
37 17 184 182 178
38 17 142 140 136
39 17 75 73 70
40 17 21 21 20
41 17 57 57 55
42 17 102 100 96
43 17 127 123 117
44 17 160 156 149
21 18 47 46 45
22 18 41 39 37
23 18 119 119 116
24 18 183 183 181
25 18 184 184 180
26 18 155 154 151
27 18 66 65 62
28 18 5 5 5
29 18 10 10 10
30 18 101 100 97
31 18 173 172 169
32 18 187 185 181
33 18 189 187 183
34 18 190 188 184
35 18 185 184 180
36 18 163 162 158
37 18 135 135 131
38 18 104 103 100
39 18 64 64 62
40 18 81 80 78
41 18 109 108 104
42 18 119 117 111
43 18 127 124 118
44 18 154 150 143
22 19 43 41 39
23 19 49 48 45
24 19 155 154 151
25 19 183 182 178
26 19 173 171 167
27 19 138 136 132
28 19 86 85 80
29 19 99 97 92
30 19 152 149 145
31 19 182 180 175
32 19 188 186 181
33 19 186 185 180
34 19 169 168 164
35 19 137 137 133
36 19 129 129 125
37 19 128 128 124
38 19 117 116 113
39 19 113 113 110
40 19 116 116 112
41 19 119 118 114
42 19 115 113 108
43 19 124 121 116
44 19 151 146 140
23 20 41 41 39
24 20 76 74 71
25 20 169 167 163
26 20 184 182 178
27 20 177 175 170
28 20 165 163 158
29 20 172 170 164
30 20 182 180 175
31 20 185 184 180
32 20 178 178 174
33 20 151 151 148
34 20 134 134 131
35 20 130 129 126
36 20 128 128 124
37 20 127 127 123
38 20 124 124 120
39 20 124 123 120
40 20 119 118 114
41 20 110 109 105
42 20 97 95 91
43 20 112 109 105
44 20 138 133 127
23 21 45 44 42
24 21 42 41 39
25 21 122 120 116
26 21 181 179 175
27 21 185 183 178
28 21 183 180 175
29 21 184 182 178
30 21 180 180 176
31 21 148 149 145
32 21 102 103 100
33 21 105 106 103
34 21 127 127 124
35 21 127 127 124
36 21 128 128 124
37 21 125 124 121
38 21 124 124 121
39 21 118 117 114
40 21 101 100 96
41 21 60 59 56
42 21 59 58 55
43 21 107 103 98
44 21 135 127 120
24 22 43 42 39
25 22 48 46 44
26 22 151 149 145
27 22 184 182 178
28 22 180 180 176
29 22 164 165 162
30 22 97 98 95
31 22 39 40 38
32 22 47 48 47
33 22 105 106 104
34 22 125 125 122
35 22 128 128 125
36 22 125 124 121
37 22 124 124 121
38 22 119 119 116
39 22 102 102 98
40 22 54 53 51
41 22 37 36 34
42 22 81 77 73
43 22 89 82 76
44 22 118 105 97
24 23 49 48 45
25 23 40 38 36
26 23 80 78 75
27 23 164 164 161
28 23 150 152 149
29 23 101 103 100
30 23 25 26 25
31 23 44 46 46
32 23 99 100 99
33 23 124 124 122
34 23 126 126 123
35 23 125 125 122
36 23 124 123 120
37 23 122 121 118
38 23 116 116 113
39 23 86 86 83
40 23 67 64 61
41 23 72 67 63
42 23 82 76 71
43 23 53 49 45
25 24 44 43 42
26 24 38 37 35
27 24 117 118 115
28 24 125 127 124
29 24 90 92 90
30 24 89 92 90
31 24 110 112 110
32 24 124 125 123
33 24 124 124 121
34 24 123 123 120
35 24 123 123 120
36 24 120 120 117
37 24 121 120 117
38 24 115 114 111
39 24 105 101 98
40 24 81 76 73
41 24 79 73 68
26 25 41 40 38
27 25 68 68 66
28 25 128 129 127
29 25 123 124 122
30 25 124 125 122
31 25 126 127 124
32 25 122 123 120
33 25 115 115 113
34 25 111 111 109
35 25 117 117 114
36 25 120 119 116
37 25 117 115 111
38 25 106 103 98
39 25 103 98 92
40 25 58 54 50
26 26 47 46 44
27 26 43 42 40
28 26 125 126 124
29 26 128 129 126
30 26 125 126 123
31 26 117 118 115
32 26 92 92 90
33 26 63 63 61
34 26 87 87 85
35 26 115 114 110
36 26 115 111 107
37 26 104 100 95
38 26 62 59 56
27 27 47 45 43
28 27 98 98 95
29 27 126 126 123
30 27 118 119 116
31 27 77 78 75
32 27 34 34 33
33 27 56 57 55
34 27 102 101 98
35 27 102 98 94
36 27 95 90 85
37 27 61 56 51
28 28 51 50 48
29 28 123 123 121
30 28 103 104 101
31 28 63 63 62
32 28 73 73 70
33 28 85 83 80
34 28 95 92 88
35 28 58 55 52
28 29 48 46 43
29 29 127 127 124
30 29 112 112 109
31 29 103 102 98
32 29 85 83 80
33 29 93 89 84
29 30 105 103 99
30 30 105 101 97
31 30 95 91 86
32 30 58 55 51
30 31 56 53 50
