30 0 182 185 183
31 0 188 191 190
32 0 186 187 185
29 1 176 178 175
30 1 191 193 191
31 1 195 196 194
32 1 194 194 192
33 1 190 191 189
28 2 137 135 130
29 2 173 174 172
30 2 197 197 195
31 2 203 194 191
32 2 202 192 190
33 2 195 193 190
34 2 192 192 190
35 2 186 187 185
28 3 132 134 131
29 3 187 188 186
30 3 200 197 195
31 3 206 187 185
32 3 208 175 173
33 3 204 182 181
34 3 199 190 188
35 3 194 192 189
36 3 189 189 187
27 4 75 74 71
28 4 162 162 160
29 4 198 197 195
30 4 203 191 189
31 4 205 180 178
32 4 207 176 175
33 4 210 163 163
34 4 208 170 169
35 4 204 183 181
36 4 198 188 186
37 4 193 190 188
38 4 186 185 183
26 5 86 84 81
27 5 108 109 106
28 5 188 188 186
29 5 202 197 195
30 5 206 178 177
31 5 208 160 160
32 5 207 167 168
33 5 208 155 157
34 5 210 149 150
35 5 210 145 145
36 5 207 164 163
37 5 200 183 181
38 5 193 190 187
39 5 187 189 186
40 5 181 183 180
26 6 66 65 62
27 6 158 158 156
28 6 198 198 196
29 6 202 192 190
30 6 206 167 166
31 6 207 165 165
32 6 206 169 171
33 6 207 160 162
34 6 206 162 162
35 6 206 168 167
36 6 204 177 175
37 6 200 185 183
38 6 193 191 189
39 6 191 192 190
40 6 188 190 187
41 6 186 188 185
25 7 37 37 35
26 7 100 100 97
27 7 187 187 185
28 7 201 194 192
29 7 203 179 177
30 7 206 155 155
31 7 206 149 150
32 7 206 167 168
33 7 204 176 176
34 7 200 185 184
35 7 197 191 189
36 7 194 193 190
37 7 193 193 191
38 7 191 193 190
39 7 190 192 189
40 7 189 191 189
41 7 188 191 188
42 7 186 188 185
43 7 180 182 179
24 8 49 49 47
25 8 48 47 45
26 8 155 155 153
27 8 198 196 194
28 8 200 185 182
29 8 203 161 160
30 8 204 167 167
31 8 203 155 155
32 8 203 170 170
33 8 199 189 188
34 8 193 192 190
35 8 189 191 188
36 8 188 191 188
37 8 190 193 190
38 8 190 193 190
39 8 191 193 190
40 8 190 192 189
41 8 190 192 189
42 8 188 190 187
43 8 186 188 185
44 8 182 183 179
24 9 55 54 52
25 9 92 92 89
26 9 186 185 183
27 9 199 192 190
28 9 199 172 170
29 9 201 143 142
30 9 201 169 168
31 9 200 177 177
32 9 199 184 183
33 9 195 191 190
34 9 183 185 183
35 9 166 169 166
36 9 160 163 160
37 9 175 178 175
38 9 188 190 187
39 9 191 193 190
40 9 191 192 190
41 9 191 192 189
42 9 189 191 187
43 9 189 190 187
44 9 186 186 182
45 9 177 173 165
46 9 154 146 135
23 10 64 64 61
24 10 59 58 56
25 10 154 152 149
26 10 196 193 191
27 10 197 181 179
28 10 198 142 139
29 10 198 106 105
30 10 200 127 126
31 10 201 161 161
32 10 198 182 180
33 10 192 191 189
34 10 171 173 170
35 10 105 108 105
36 10 65 67 65
37 10 117 120 117
38 10 172 175 172
39 10 189 191 188
40 10 191 193 190
41 10 191 192 189
42 10 189 191 188
43 10 189 190 187
44 10 187 186 182
45 10 178 173 165
46 10 166 158 147
23 11 35 34 33
24 11 93 92 88
25 11 183 182 178
26 11 196 188 184
27 11 196 162 159
28 11 196 125 123
29 11 197 103 103
30 11 197 105 105
31 11 200 149 149
32 11 197 184 182
33 11 193 192 190
34 11 177 179 177
35 11 101 104 101
36 11 21 22 21
37 11 46 48 47
38 11 142 146 143
39 11 184 187 184
40 11 191 193 190
41 11 190 192 189
42 11 190 191 188
43 11 189 190 187
44 11 186 185 180
45 11 181 176 168
46 11 170 161 149
22 12 45 45 43
23 12 52 51 49
24 12 141 137 131
25 12 191 189 185
26 12 193 186 182
27 12 195 166 162
28 12 196 143 141
29 12 196 124 124
30 12 195 105 104
31 12 197 119 119
32 12 198 175 174
33 12 193 191 189
34 12 187 189 186
35 12 154 157 154
36 12 80 83 81
37 12 61 63 62
38 12 140 143 140
39 12 186 189 186
40 12 191 192 189
41 12 191 193 190
42 12 190 192 189
43 12 188 189 186
44 12 186 184 178
45 12 180 174 165
21 13 38 38 36
22 13 43 42 40
23 13 63 60 58
24 13 134 126 118
25 13 175 170 163
26 13 187 184 179
27 13 192 184 180
28 13 194 171 167
29 13 196 141 138
30 13 196 129 127
31 13 196 130 129
32 13 197 160 158
33 13 193 189 187
34 13 191 192 190
35 13 185 186 183
36 13 167 169 167
37 13 161 164 161
38 13 177 179 176
39 13 190 192 189
40 13 191 193 189
41 13 191 192 189
42 13 190 192 188
43 13 188 189 185
44 13 185 182 176
45 13 179 173 163
21 14 44 43 41
22 14 60 59 56
23 14 79 76 72
24 14 59 55 52
25 14 97 90 83
26 14 155 149 143
27 14 180 177 172
28 14 189 185 181
29 14 192 179 176
30 14 194 164 161
31 14 196 147 145
32 14 195 142 140
33 14 195 181 178
34 14 192 192 189
35 14 192 193 190
36 14 190 192 189
37 14 190 191 189
38 14 191 192 189
39 14 191 193 189
40 14 192 193 190
41 14 191 192 189
42 14 190 191 188
43 14 188 188 183
44 14 184 181 173
45 14 182 175 166
20 15 49 48 46
21 15 42 41 39
22 15 72 70 67
23 15 81 78 74
24 15 51 49 46
25 15 35 33 31
26 15 38 36 34
27 15 114 109 104
28 15 166 162 157
29 15 184 182 178
30 15 190 185 182
31 15 193 179 176
32 15 194 160 157
33 15 195 171 168
34 15 192 189 187
35 15 192 193 190
36 15 192 193 190
37 15 191 193 190
38 15 191 193 190
39 15 191 193 189
40 15 192 193 190
41 15 191 192 188
42 15 191 191 187
43 15 188 187 182
44 15 184 179 171
20 16 48 47 45
21 16 70 68 65
22 16 88 86 82
23 16 60 58 55
24 16 29 28 26
25 16 9 8 8
26 16 9 9 8
27 16 21 20 19
28 16 64 62 58
29 16 137 134 127
30 16 174 172 166
31 16 188 185 181
32 16 192 185 182
33 16 194 181 178
34 16 193 188 185
35 16 193 193 190
36 16 192 193 190
37 16 192 193 190
38 16 192 193 190
39 16 191 193 189
40 16 191 193 189
41 16 191 192 188
42 16 190 190 186
43 16 187 184 178
44 16 185 178 169
19 17 46 45 43
20 17 51 50 47
21 17 83 81 78
22 17 70 69 66
23 17 53 52 49
24 17 34 33 31
25 17 9 9 9
26 17 1 1 1
27 17 4 4 3
28 17 26 25 24
29 17 49 48 45
30 17 97 93 88
31 17 154 151 145
32 17 180 178 173
33 17 189 187 184
34 17 191 191 187
35 17 192 193 190
36 17 192 193 190
37 17 192 193 190
38 17 192 193 190
39 17 192 193 189
40 17 192 193 189
41 17 191 191 188
42 17 189 188 183
43 17 186 181 173
44 17 185 178 170
19 18 51 49 47
20 18 77 75 72
21 18 84 83 80
22 18 67 66 63
23 18 57 56 54
24 18 50 50 48
25 18 34 34 32
26 18 20 20 19
27 18 17 17 16
28 18 34 34 33
29 18 51 51 49
30 18 55 54 51
31 18 56 55 51
32 18 111 107 101
33 18 165 163 157
34 18 186 185 180
35 18 190 190 186
36 18 192 192 189
37 18 192 193 189
38 18 192 192 189
39 18 191 192 189
40 18 192 192 189
41 18 191 191 187
42 18 190 187 182
43 18 186 179 171
18 19 51 49 46
19 19 56 56 54
20 19 89 89 86
21 19 69 69 66
22 19 60 59 57
23 19 59 59 56
24 19 58 58 56
25 19 54 54 52
26 19 49 49 47
27 19 47 47 46
28 19 52 52 50
29 19 56 56 53
30 19 57 56 53
31 19 57 56 53
32 19 57 56 53
33 19 72 70 65
34 19 139 136 130
35 19 173 171 166
36 19 187 186 182
37 19 190 190 186
38 19 192 192 188
39 19 191 192 188
40 19 191 191 187
41 19 190 190 186
42 19 188 183 177
43 19 185 176 167
18 20 57 57 55
19 20 84 84 82
20 20 68 68 66
21 20 54 54 52
22 20 54 54 52
23 20 57 57 55
24 20 60 60 58
25 20 59 59 56
26 20 59 58 56
27 20 59 58 56
28 20 59 58 56
29 20 59 58 56
30 20 59 58 56
31 20 58 58 55
32 20 57 57 54
33 20 58 57 54
34 20 57 56 53
35 20 87 85 80
36 20 146 143 137
37 20 179 177 172
38 20 189 188 183
39 20 190 191 186
40 20 190 190 186
41 20 189 188 183
42 20 186 180 172
43 20 184 173 163
17 21 56 56 54
18 21 69 70 68
19 21 79 80 78
20 21 49 50 48
21 21 22 22 21
22 21 23 23 23
23 21 38 39 37
24 21 55 55 53
25 21 60 60 58
26 21 60 60 58
27 21 60 59 57
28 21 60 59 57
29 21 60 59 57
30 21 59 59 57
31 21 59 59 56
32 21 58 58 55
33 21 56 55 53
34 21 45 44 42
35 21 38 38 35
36 21 36 36 34
37 21 103 100 95
38 21 162 159 153
39 21 182 179 174
40 21 187 185 180
41 21 187 183 177
42 21 184 173 165
43 21 182 169 158
17 22 58 60 58
18 22 66 67 65
19 22 68 69 67
20 22 45 46 44
21 22 14 14 14
22 22 2 2 2
23 22 13 13 13
24 22 43 44 43
25 22 59 59 57
26 22 61 61 59
27 22 61 61 59
28 22 61 60 58
29 22 61 60 58
30 22 60 60 57
31 22 60 59 57
32 22 60 59 57
33 22 54 53 51
34 22 33 32 30
35 22 12 11 11
36 22 6 6 6
37 22 17 17 16
38 22 41 40 38
39 22 128 124 118
40 22 169 163 156
41 22 180 171 162
42 22 176 162 151
18 23 58 59 57
19 23 61 62 60
20 23 57 58 56
21 23 42 43 42
22 23 26 27 26
23 23 25 26 26
24 23 44 46 45
25 23 59 60 58
26 23 62 62 60
27 23 61 61 59
28 23 61 61 59
29 23 61 61 59
30 23 61 61 59
31 23 61 60 58
32 23 60 60 58
33 23 57 57 55
34 23 42 42 40
35 23 18 17 17
36 23 5 4 4
37 23 4 4 4
38 23 22 22 21
39 23 51 50 48
40 23 92 86 80
41 23 146 132 121
42 23 170 152 140
20 24 60 61 60
21 24 58 59 58
22 24 55 57 55
23 24 56 57 56
24 24 59 60 59
25 24 61 62 60
26 24 62 62 60
27 24 62 62 60
28 24 62 62 60
29 24 61 61 59
30 24 61 61 59
31 24 62 61 59
32 24 62 62 59
33 24 61 60 58
34 24 57 57 55
35 24 46 46 44
36 24 35 34 33
37 24 30 30 29
38 24 40 40 38
39 24 82 78 74
40 24 104 97 90
41 24 58 53 48
22 25 62 63 62
23 25 62 63 61
24 25 63 64 62
25 25 64 64 62
26 25 64 64 62
27 25 63 63 61
28 25 62 62 60
29 25 59 59 57
30 25 56 56 54
31 25 57 57 55
32 25 60 60 58
33 25 62 62 60
34 25 62 62 60
35 25 61 61 59
36 25 60 59 57
37 25 62 61 59
38 25 97 92 87
39 25 102 96 90
40 25 60 56 52
24 26 64 65 63
25 26 63 64 62
26 26 64 64 62
27 26 63 64 62
28 26 60 60 58
29 26 42 42 41
30 26 26 26 25
31 26 28 28 27
32 26 43 43 41
33 26 57 57 56
34 26 63 63 61
35 26 63 63 61
36 26 71 69 67
37 26 100 95 90
38 26 85 80 74
39 26 61 56 52
25 27 60 61 59
26 27 64 64 62
27 27 64 65 63
28 27 62 62 60
29 27 43 43 41
30 27 12 12 12
31 27 2 3 2
32 27 14 14 14
33 27 43 43 42
34 27 62 62 60
35 27 79 77 74
36 27 114 109 104
37 27 62 58 55
38 27 62 57 52
27 28 62 62 61
28 28 62 63 61
29 28 56 56 55
30 28 42 42 41
31 28 26 26 26
32 28 25 26 25
33 28 40 41 40
34 28 81 80 77
35 28 112 108 103
36 28 62 58 54
29 29 61 62 60
30 29 60 61 59
31 29 57 57 56
32 29 57 57 55
33 29 84 82 77
34 29 103 100 95
35 29 61 58 54
31 30 62 61 59
32 30 75 72 68
33 30 105 99 92
34 30 62 60 56
33 31 52 48 43
