29 0 174 177 174
28 1 162 164 161
29 1 180 182 180
30 1 184 184 182
27 2 166 163 160
28 2 172 167 164
29 2 182 180 177
30 2 188 188 185
31 2 179 176 171
26 3 164 163 160
27 3 174 162 159
28 3 188 160 158
29 3 186 169 167
30 3 190 188 186
31 3 188 187 184
32 3 180 178 175
33 3 180 178 176
25 4 157 155 153
26 4 167 161 159
27 4 183 165 163
28 4 195 140 138
29 4 196 151 150
30 4 190 173 172
31 4 194 192 190
32 4 186 184 180
33 4 180 177 173
34 4 178 177 175
24 5 161 158 156
25 5 167 156 154
26 5 184 157 155
27 5 189 151 151
28 5 195 137 137
29 5 198 129 127
30 5 195 163 161
31 5 190 188 185
32 5 195 196 193
33 5 184 182 178
34 5 179 177 174
35 5 177 176 173
23 6 146 144 142
24 6 165 157 155
25 6 180 157 156
26 6 187 147 147
27 6 192 140 141
28 6 191 158 157
29 6 190 171 169
30 6 187 180 178
31 6 185 187 184
32 6 194 196 193
33 6 195 195 192
34 6 181 178 174
35 6 178 178 174
36 6 172 172 170
22 7 143 141 139
23 7 162 154 152
24 7 177 156 155
25 7 185 145 145
26 7 185 156 156
27 7 183 167 166
28 7 181 177 174
29 7 182 182 180
30 7 185 187 184
31 7 187 189 186
32 7 190 192 189
33 7 200 202 199
34 7 190 188 183
35 7 175 173 169
36 7 169 169 166
37 7 166 166 164
21 8 57 55 54
22 8 164 154 152
23 8 173 152 150
24 8 182 137 136
25 8 182 151 150
26 8 177 166 164
27 8 175 175 172
28 8 177 180 177
29 8 181 184 181
30 8 186 188 185
31 8 188 189 186
32 8 191 193 190
33 8 195 195 191
34 8 197 193 186
35 8 178 172 165
36 8 163 161 157
37 8 158 159 156
38 8 157 158 156
21 9 159 151 149
22 9 170 150 148
23 9 176 146 145
24 9 178 150 149
25 9 169 159 157
26 9 151 152 149
27 9 157 160 157
28 9 177 180 177
29 9 183 185 182
30 9 186 188 185
31 9 189 191 187
32 9 191 192 188
33 9 192 189 183
34 9 196 190 182
35 9 195 191 185
36 9 185 182 177
37 9 156 153 149
38 9 154 154 152
39 9 152 152 151
40 9 155 154 153
20 10 155 147 144
21 10 167 143 140
22 10 175 130 129
23 10 175 147 146
24 10 166 157 156
25 10 131 130 128
26 10 82 84 82
27 10 136 140 137
28 10 179 181 178
29 10 183 185 182
30 10 185 187 184
31 10 189 190 187
32 10 192 190 184
33 10 196 192 185
34 10 188 186 181
35 10 189 188 185
36 10 195 195 192
37 10 189 187 183
38 10 166 164 160
39 10 155 155 153
40 10 153 153 151
41 10 152 150 149
19 11 150 140 137
20 11 162 139 136
21 11 172 115 112
22 11 175 116 115
23 11 171 153 152
24 11 147 145 143
25 11 71 72 70
26 11 74 77 75
27 11 154 158 154
28 11 180 182 179
29 11 184 186 182
30 11 186 187 184
31 11 191 190 184
32 11 195 192 186
33 11 183 182 178
34 11 168 169 166
35 11 163 164 161
36 11 180 181 178
37 11 190 190 188
38 11 193 192 189
39 11 181 180 176
40 11 168 167 165
41 11 158 156 154
18 12 144 138 133
19 12 156 139 135
20 12 168 122 119
21 12 173 94 93
22 12 173 137 135
23 12 164 160 158
24 12 127 128 126
25 12 74 76 74
26 12 137 140 137
27 12 174 177 173
28 12 182 184 180
29 12 185 186 183
30 12 189 187 182
31 12 195 191 185
32 12 177 176 172
33 12 130 131 128
34 12 81 82 81
35 12 67 68 67
36 12 135 136 133
37 12 177 178 176
38 12 190 191 188
39 12 197 197 194
40 12 189 188 184
41 12 177 177 174
42 12 166 164 161
17 13 127 120 114
18 13 139 132 126
19 13 160 138 133
20 13 170 111 109
21 13 171 113 112
22 13 171 155 153
23 13 164 164 161
24 13 146 148 145
25 13 147 150 147
26 13 171 173 170
27 13 181 183 179
28 13 182 184 180
29 13 187 186 181
30 13 193 190 184
31 13 185 184 180
32 13 142 142 140
33 13 41 42 41
34 13 1 1 1
35 13 10 10 10
36 13 98 99 97
37 13 171 172 169
38 13 183 183 181
39 13 189 189 187
40 13 195 195 192
41 13 192 191 188
42 13 179 178 175
43 13 173 171 168
17 14 152 146 139
18 14 141 135 130
19 14 158 141 137
20 14 170 122 119
21 14 171 136 134
22 14 168 165 162
23 14 170 171 168
24 14 170 171 168
25 14 174 176 173
26 14 178 179 176
27 14 181 182 178
28 14 185 184 179
29 14 192 188 182
30 14 187 185 181
31 14 178 178 176
32 14 136 137 135
33 14 46 47 47
34 14 2 2 2
35 14 45 45 44
36 14 136 137 134
37 14 176 177 174
38 14 181 182 179
39 14 181 181 178
40 14 182 183 180
41 14 191 191 189
42 14 193 193 189
43 14 184 182 179
44 14 178 177 174
18 15 146 141 136
19 15 155 146 142
20 15 169 141 138
21 15 169 152 149
22 15 167 167 164
23 15 170 171 168
24 15 173 175 171
25 15 176 178 174
26 15 179 180 176
27 15 182 180 175
28 15 190 186 179
29 15 186 183 179
30 15 179 178 175
31 15 177 178 175
32 15 160 160 159
33 15 123 124 123
34 15 91 92 90
35 15 133 134 130
36 15 165 165 162
37 15 176 176 173
38 15 179 179 177
39 15 179 179 176
40 15 179 180 177
41 15 181 181 179
42 15 188 188 186
43 15 192 191 188
44 15 184 183 179
45 15 176 175 171
18 16 148 145 140
19 16 152 148 144
20 16 164 155 151
21 16 167 163 160
22 16 169 170 167
23 16 172 173 170
24 16 175 176 173
25 16 177 178 174
26 16 179 178 172
27 16 189 184 177
28 16 186 183 178
29 16 178 178 174
30 16 178 177 174
31 16 178 178 175
32 16 174 174 171
33 16 168 169 166
34 16 166 166 163
35 16 172 173 170
36 16 175 176 173
37 16 177 177 175
38 16 177 178 175
39 16 176 176 174
40 16 177 178 175
41 16 176 177 174
42 16 175 175 173
43 16 182 182 180
44 16 189 188 185
45 16 185 183 178
18 17 164 162 156
19 17 149 148 143
20 17 162 161 158
21 17 167 167 163
22 17 170 171 167
23 17 173 174 170
24 17 175 175 171
25 17 177 176 171
26 17 187 182 176
27 17 185 182 176
28 17 177 176 172
29 17 175 175 172
30 17 176 176 173
31 17 176 176 173
32 17 175 175 172
33 17 175 175 172
34 17 174 175 171
35 17 175 175 172
36 17 175 176 172
37 17 175 176 173
38 17 174 175 172
39 17 174 175 172
40 17 175 175 172
41 17 173 173 171
42 17 174 175 172
43 17 176 177 174
44 17 180 181 178
45 17 186 185 182
46 17 186 185 182
19 18 152 151 146
20 18 163 163 158
21 18 169 169 165
22 18 171 172 168
23 18 172 173 169
24 18 176 174 169
25 18 185 180 173
26 18 183 179 174
27 18 174 173 169
28 18 174 173 169
29 18 175 174 171
30 18 174 174 171
31 18 174 174 170
32 18 174 173 170
33 18 174 174 171
34 18 173 174 170
35 18 173 174 170
36 18 173 174 171
37 18 173 174 170
38 18 172 173 170
39 18 172 172 169
40 18 172 173 170
41 18 172 173 169
42 18 172 172 169
43 18 172 173 170
44 18 174 174 171
45 18 177 178 175
46 18 181 183 181
47 18 184 185 183
19 19 153 151 146
20 19 161 160 156
21 19 169 169 165
22 19 171 171 167
23 19 174 172 167
24 19 183 177 170
25 19 180 176 171
26 19 173 172 168
27 19 173 172 168
28 19 172 172 168
29 19 173 173 169
30 19 172 171 168
31 19 172 172 168
32 19 172 172 169
33 19 172 172 169
34 19 171 172 168
35 19 172 172 169
36 19 170 171 167
37 19 170 171 168
38 19 171 171 168
39 19 170 170 167
40 19 169 170 166
41 19 170 171 167
42 19 169 170 166
43 19 170 170 167
44 19 172 173 170
45 19 173 175 173
46 19 158 161 160
47 19 177 180 179
19 20 172 170 165
20 20 160 159 153
21 20 168 168 163
22 20 172 170 164
23 20 180 174 166
24 20 181 176 170
25 20 170 168 164
26 20 170 169 165
27 20 170 170 166
28 20 171 170 167
29 20 170 170 167
30 20 170 170 167
31 20 170 169 166
32 20 169 169 166
33 20 170 170 167
34 20 170 170 167
35 20 169 169 166
36 20 169 169 166
37 20 168 168 165
38 20 168 168 165
39 20 169 169 165
40 20 168 168 165
41 20 168 168 165
42 20 168 168 164
43 20 170 170 167
44 20 169 171 168
45 20 155 157 156
46 20 128 131 129
20 21 158 155 149
21 21 167 163 157
22 21 177 169 161
23 21 179 172 165
24 21 170 167 162
25 21 170 168 164
26 21 169 167 163
27 21 168 168 163
28 21 169 168 164
29 21 167 167 163
30 21 168 167 164
31 21 168 167 164
32 21 168 167 164
33 21 168 168 165
34 21 166 167 163
35 21 167 167 164
36 21 166 166 163
37 21 166 166 163
38 21 167 166 164
39 21 166 166 163
40 21 166 166 162
41 21 166 166 163
42 21 168 168 165
43 21 170 171 169
44 21 154 156 155
45 21 65 66 65
20 22 153 142 132
21 22 168 155 144
22 22 175 165 156
23 22 167 164 158
24 22 167 165 161
25 22 167 165 161
26 22 167 166 162
27 22 167 166 162
28 22 165 165 161
29 22 165 165 161
30 22 165 164 161
31 22 165 165 162
32 22 166 166 162
33 22 165 165 162
34 22 165 165 162
35 22 165 165 161
36 22 164 164 161
37 22 164 164 161
38 22 164 163 160
39 22 164 164 161
40 22 165 165 161
41 22 167 166 163
42 22 167 168 166
43 22 152 154 153
44 22 65 66 65
21 23 168 151 139
22 23 162 153 145
23 23 162 158 153
24 23 164 162 157
25 23 165 163 159
26 23 166 165 160
27 23 164 163 159
28 23 164 164 159
29 23 163 162 158
30 23 163 163 159
31 23 163 163 159
32 23 163 162 159
33 23 162 162 159
34 23 162 162 159
35 23 162 162 158
36 23 161 161 158
37 23 162 162 159
38 23 162 161 158
39 23 162 161 158
40 23 163 163 159
41 23 166 166 164
42 23 150 151 150
43 23 64 65 64
22 24 157 149 140
23 24 164 158 151
24 24 161 157 151
25 24 162 159 155
26 24 162 161 157
27 24 164 162 158
28 24 162 161 157
29 24 161 161 156
30 24 161 160 156
31 24 160 160 156
32 24 160 160 157
33 24 151 151 148
34 24 145 146 143
35 24 142 142 139
36 24 152 152 149
37 24 159 159 155
38 24 161 160 157
39 24 162 162 158
40 24 164 165 161
41 24 147 149 146
42 24 64 65 63
24 25 159 154 147
25 25 159 155 149
26 25 160 156 152
27 25 160 158 153
28 25 160 159 155
29 25 159 158 154
30 25 158 157 153
31 25 157 157 153
32 25 144 144 141
33 25 98 99 97
34 25 70 71 70
35 25 67 68 66
36 25 124 124 120
37 25 154 154 150
38 25 159 159 155
39 25 162 162 159
40 25 142 143 141
41 25 63 64 62
25 26 163 158 152
26 26 160 155 149
27 26 156 152 147
28 26 156 154 149
29 26 157 155 151
30 26 156 155 151
31 26 151 150 146
32 26 110 110 107
33 26 30 30 29
34 26 3 3 3
35 26 28 28 27
36 26 113 113 110
37 26 153 153 149
38 26 159 159 156
39 26 139 140 137
40 26 63 63 62
27 27 157 152 146
28 27 157 153 147
29 27 154 151 146
30 27 153 150 146
31 27 148 147 143
32 27 103 102 99
33 27 32 32 30
34 27 31 30 28
35 27 67 66 63
36 27 130 129 125
37 27 155 155 151
38 27 138 138 136
39 27 63 63 62
28 28 153 147 141
29 28 152 146 140
30 28 150 145 139
31 28 145 142 137
32 28 129 128 123
33 28 105 103 98
34 28 114 111 107
35 28 130 128 123
36 28 149 148 143
37 28 132 131 128
38 28 60 60 58
30 29 145 139 132
31 29 146 141 134
32 29 143 139 132
33 29 140 137 131
34 29 144 141 135
35 29 146 144 138
36 29 129 127 122
37 29 59 58 55
32 30 141 134 127
33 30 139 133 125
34 30 138 133 127
35 30 123 120 115
36 30 56 55 51
33 31 144 136 127
34 31 125 117 110
35 31 49 46 42
