30 0 185 189 187
31 0 188 191 189
29 1 185 188 186
30 1 192 194 193
31 1 195 196 194
32 1 193 194 191
33 1 189 190 188
28 2 189 191 189
29 2 193 195 193
30 2 199 197 195
31 2 203 192 190
32 2 201 192 190
33 2 194 192 190
34 2 191 192 189
35 2 187 188 186
28 3 189 192 190
29 3 196 197 195
30 3 201 195 193
31 3 207 184 182
32 3 208 175 173
33 3 204 184 182
34 3 198 191 189
35 3 194 192 189
36 3 189 190 188
27 4 183 185 183
28 4 196 197 195
29 4 201 197 195
30 4 204 186 184
31 4 205 180 179
32 4 207 176 176
33 4 210 156 155
34 4 207 172 171
35 4 204 184 182
36 4 198 189 187
37 4 193 190 188
38 4 187 186 183
27 5 185 186 185
28 5 199 198 196
29 5 203 191 190
30 5 207 166 165
31 5 208 162 162
32 5 207 160 161
33 5 208 155 157
34 5 210 147 148
35 5 210 147 146
36 5 207 168 166
37 5 200 185 183
38 5 192 190 188
39 5 189 190 187
40 5 184 186 183
26 6 178 180 178
27 6 196 196 194
28 6 200 196 195
29 6 204 182 181
30 6 207 158 158
31 6 206 171 173
32 6 206 167 169
33 6 207 158 159
34 6 206 164 164
35 6 205 172 171
36 6 203 180 178
37 6 200 188 186
38 6 194 192 190
39 6 191 193 191
40 6 189 192 189
41 6 186 188 185
25 7 51 50 49
26 7 185 186 184
27 7 200 197 195
28 7 202 187 185
29 7 204 165 165
30 7 206 145 146
31 7 207 160 161
32 7 205 171 172
33 7 202 180 180
34 7 198 188 187
35 7 195 192 190
36 7 194 193 191
37 7 193 194 191
38 7 192 193 191
39 7 191 193 190
40 7 190 193 190
41 7 190 192 189
42 7 188 190 187
43 7 182 184 181
25 8 166 167 165
26 8 195 194 192
27 8 200 191 189
28 8 201 169 167
29 8 203 162 162
30 8 203 163 163
31 8 203 157 157
32 8 201 183 182
33 8 197 190 189
34 8 192 192 190
35 8 189 191 188
36 8 190 192 190
37 8 191 194 191
38 8 191 194 191
39 8 192 194 191
40 8 192 193 191
41 8 191 193 190
42 8 190 192 189
43 8 188 190 187
44 8 186 187 183
45 8 179 175 168
24 9 145 146 143
25 9 187 187 185
26 9 198 194 191
27 9 199 181 178
28 9 200 148 147
29 9 201 157 156
30 9 200 176 176
31 9 200 178 177
32 9 198 189 188
33 9 190 190 188
34 9 175 178 175
35 9 158 161 158
36 9 163 166 163
37 9 182 185 182
38 9 191 193 190
39 9 192 194 191
40 9 192 193 190
41 9 192 193 190
42 9 190 192 189
43 9 190 192 189
44 9 188 188 184
45 9 180 176 169
46 9 158 150 138
24 10 176 176 173
25 10 194 193 190
26 10 197 186 183
27 10 197 155 152
28 10 198 111 109
29 10 199 114 113
30 10 200 150 150
31 10 200 174 173
32 10 195 189 187
33 10 185 186 184
34 10 145 147 145
35 10 69 71 69
36 10 61 63 61
37 10 133 137 134
38 10 182 185 182
39 10 191 193 190
40 10 192 194 191
41 10 192 193 190
42 10 191 192 189
43 10 190 192 188
44 10 189 188 184
45 10 181 176 168
46 10 170 163 152
23 11 169 167 162
24 11 185 184 180
25 11 194 188 185
26 11 196 168 164
27 11 196 133 131
28 11 196 105 104
29 11 197 102 102
30 11 198 129 129
31 11 199 175 175
32 11 194 191 189
33 11 188 189 187
34 11 149 151 149
35 11 42 44 42
36 11 5 5 5
37 11 67 70 69
38 11 164 167 164
39 11 189 192 189
40 11 192 194 191
41 11 191 193 190
42 11 191 192 189
43 11 190 192 188
44 11 187 187 182
45 11 183 178 170
46 11 175 166 155
23 12 168 163 157
24 12 189 187 182
25 12 192 187 182
26 12 194 169 164
27 12 196 145 142
28 12 195 128 128
29 12 195 107 107
30 12 195 106 105
31 12 198 161 161
32 12 195 190 188
33 12 190 191 189
34 12 175 177 174
35 12 116 119 116
36 12 61 64 62
37 12 82 85 83
38 12 166 169 166
39 12 191 193 191
40 12 191 193 190
41 12 192 194 190
42 12 191 193 190
43 12 189 190 187
44 12 187 185 179
45 12 181 176 167
22 13 50 47 45
23 13 130 120 112
24 13 175 170 163
25 13 186 183 177
26 13 190 183 178
27 13 194 173 169
28 13 195 145 142
29 13 196 127 125
30 13 195 130 129
31 13 197 146 145
32 13 195 184 182
33 13 192 192 190
34 13 189 190 187
35 13 176 178 175
36 13 161 163 161
37 13 166 168 166
38 13 185 187 184
39 13 192 194 191
40 13 192 193 190
41 13 191 193 190
42 13 191 192 189
43 13 189 190 185
44 13 186 182 175
45 13 181 175 165
21 14 51 50 50
22 14 51 49 46
23 14 56 52 49
24 14 94 87 81
25 14 153 148 141
26 14 178 175 169
27 14 187 184 180
28 14 192 180 177
29 14 195 166 164
30 14 194 149 147
31 14 195 136 134
32 14 195 172 170
33 14 193 191 189
34 14 192 193 190
35 14 191 193 190
36 14 190 191 189
37 14 190 192 189
38 14 192 193 190
39 14 192 193 190
40 14 192 194 190
41 14 191 193 189
42 14 191 192 188
43 14 188 188 183
44 14 185 181 173
45 14 181 173 162
21 15 54 53 50
22 15 75 72 68
23 15 57 54 51
24 15 36 34 32
25 15 35 34 31
26 15 106 101 95
27 15 164 161 155
28 15 183 181 176
29 15 189 185 182
30 15 192 179 177
31 15 194 163 160
32 15 195 164 161
33 15 193 187 185
34 15 191 192 189
35 15 192 194 191
36 15 192 194 191
37 15 191 193 190
38 15 192 194 190
39 15 191 193 190
40 15 192 194 190
41 15 192 193 189
42 15 191 192 188
43 15 189 186 180
44 15 185 179 171
20 16 54 53 51
21 16 58 57 54
22 16 58 56 53
23 16 40 38 36
24 16 12 11 11
25 16 9 8 8
26 16 18 17 16
27 16 56 53 50
28 16 137 133 126
29 16 172 169 164
30 16 187 185 181
31 16 191 185 182
32 16 193 180 177
33 16 194 187 184
34 16 192 192 189
35 16 193 193 190
36 16 192 193 190
37 16 192 194 191
38 16 192 194 191
39 16 192 193 190
40 16 192 193 189
41 16 192 192 189
42 16 190 190 185
43 16 187 183 176
44 16 186 181 173
20 17 60 59 57
21 17 82 82 79
22 17 65 63 60
23 17 44 43 41
24 17 18 17 16
25 17 3 3 2
26 17 2 2 1
27 17 19 19 18
28 17 46 45 42
29 17 90 87 81
30 17 149 146 140
31 17 179 177 172
32 17 188 186 182
33 17 191 190 187
34 17 192 192 189
35 17 193 193 190
36 17 192 193 190
37 17 193 193 190
38 17 192 193 190
39 17 192 193 189
40 17 192 193 189
41 17 191 191 187
42 17 189 187 181
43 17 186 179 171
19 18 62 62 60
20 18 72 72 70
21 18 69 69 66
22 18 59 58 55
23 18 54 54 51
24 18 42 41 40
25 18 25 25 24
26 18 17 16 16
27 18 28 28 27
28 18 47 47 45
29 18 55 55 52
30 18 56 54 51
31 18 107 104 98
32 18 161 158 153
33 18 184 182 178
34 18 190 190 186
35 18 192 192 189
36 18 192 193 189
37 18 192 193 189
38 18 192 193 189
39 18 192 192 188
40 18 192 192 189
41 18 191 190 186
42 18 189 184 178
43 18 187 178 169
19 19 62 62 61
20 19 80 81 78
21 19 66 66 63
22 19 59 59 56
23 19 59 59 56
24 19 57 57 54
25 19 51 51 49
26 19 48 48 46
27 19 50 50 49
28 19 54 54 52
29 19 57 57 54
30 19 57 56 53
31 19 57 56 53
32 19 60 58 54
33 19 130 127 121
34 19 171 168 163
35 19 187 186 182
36 19 190 190 186
37 19 191 191 188
38 19 192 193 189
39 19 191 192 188
40 19 191 191 187
41 19 190 188 183
42 19 187 180 172
43 19 186 177 168
18 20 64 66 64
19 20 75 76 74
20 20 67 67 65
21 20 53 53 51
22 20 54 54 52
23 20 58 58 56
24 20 60 60 58
25 20 59 58 56
26 20 58 58 56
27 20 59 58 56
28 20 59 58 56
29 20 58 58 56
30 20 59 58 55
31 20 58 57 54
32 20 57 56 53
33 20 58 56 53
34 20 77 75 71
35 20 142 139 133
36 20 176 174 169
37 20 187 186 182
38 20 191 191 186
39 20 191 191 187
40 20 190 190 185
41 20 188 184 178
42 20 185 176 167
17 21 63 65 64
18 21 63 65 64
19 21 70 71 69
20 21 42 43 41
21 21 20 20 20
22 21 24 24 23
23 21 42 42 41
24 21 57 57 55
25 21 60 60 58
26 21 60 60 58
27 21 60 59 57
28 21 60 59 57
29 21 59 59 57
30 21 59 59 56
31 21 59 59 56
32 21 57 57 54
33 21 50 49 47
34 21 40 39 37
35 21 37 36 34
36 21 93 90 86
37 21 156 153 148
38 21 181 178 173
39 21 187 185 180
40 21 189 186 180
41 21 186 179 171
42 21 183 171 160
17 22 55 56 54
18 22 61 62 60
19 22 68 69 67
20 22 46 47 45
21 22 15 15 15
22 22 2 2 2
23 22 17 17 17
24 22 47 48 47
25 22 60 60 58
26 22 61 61 59
27 22 61 61 59
28 22 61 60 58
29 22 61 60 58
30 22 60 60 57
31 22 60 59 57
32 22 58 58 55
33 22 44 43 41
34 22 18 18 16
35 22 7 7 6
36 22 13 13 12
37 22 32 32 30
38 22 110 107 101
39 22 165 160 153
40 22 181 173 164
41 22 178 166 155
42 22 181 167 157
19 23 62 62 60
20 23 58 59 57
21 23 44 45 43
22 23 28 29 28
23 23 28 29 28
24 23 47 49 48
25 23 60 60 59
26 23 62 62 60
27 23 61 61 59
28 23 61 61 59
29 23 61 61 59
30 23 61 61 59
31 23 61 60 58
32 23 60 59 57
33 23 51 51 49
34 23 29 28 27
35 23 9 9 8
36 23 2 2 2
37 23 13 13 13
38 23 43 43 41
39 23 84 80 76
40 23 147 134 125
41 23 170 154 142
20 24 59 60 59
21 24 58 59 58
22 24 56 57 56
23 24 57 58 57
24 24 59 61 59
25 24 62 62 60
26 24 62 62 60
27 24 62 62 60
28 24 62 62 60
29 24 61 61 59
30 24 61 61 59
31 24 62 61 59
32 24 62 61 59
33 24 60 59 57
34 24 52 52 50
35 24 40 39 38
36 24 30 30 29
37 24 31 31 30
38 24 73 70 67
39 24 113 107 101
40 24 59 54 49
41 24 58 49 43
22 25 62 63 61
23 25 63 64 62
24 25 63 64 62
25 25 64 64 62
26 25 64 64 62
27 25 63 63 61
28 25 62 62 60
29 25 58 58 56
30 25 56 56 54
31 25 58 57 55
32 25 61 61 59
33 25 62 62 60
34 25 62 62 60
35 25 60 60 58
36 25 59 58 56
37 25 79 76 73
38 25 117 112 107
39 25 63 59 55
24 26 63 64 62
25 26 63 64 62
26 26 64 64 62
27 26 63 64 62
28 26 59 60 58
29 26 40 40 39
30 26 25 25 24
31 26 30 30 29
32 26 46 46 45
33 26 59 59 57
34 26 63 63 61
35 26 63 63 60
36 26 91 88 84
37 26 122 117 111
38 26 66 61 57
26 27 64 64 62
27 27 64 64 63
28 27 62 62 60
29 27 43 43 42
30 27 13 13 12
31 27 3 3 3
32 27 17 18 17
33 27 47 47 46
34 27 62 62 60
35 27 90 87 84
36 27 124 119 113
37 27 62 58 53
27 28 60 61 59
28 28 62 63 61
29 28 56 57 55
30 28 43 44 42
31 28 26 27 26
32 28 25 26 25
33 28 42 43 42
34 28 88 86 83
35 28 120 115 109
36 28 62 58 54
29 29 63 63 61
30 29 61 61 60
31 29 57 57 56
32 29 57 57 56
33 29 88 85 81
34 29 112 108 103
35 29 61 58 55
31 30 61 60 58
32 30 68 66 62
33 30 106 101 94
34 30 62 60 56
33 31 52 48 44
