34 0 164 157 149
32 1 154 148 142
33 1 169 164 160
34 1 172 168 162
35 1 169 163 155
31 2 158 152 146
32 2 160 155 149
33 2 180 177 173
34 2 180 178 174
35 2 179 176 171
36 2 176 170 162
30 3 155 150 144
31 3 162 158 152
32 3 174 171 167
33 3 188 187 185
34 3 176 176 174
35 3 166 164 160
36 3 175 171 166
28 4 163 160 154
29 4 156 152 146
30 4 162 159 153
31 4 174 172 168
32 4 192 191 189
33 4 194 195 192
34 4 179 180 178
35 4 128 128 125
36 4 156 153 149
37 4 178 172 167
27 5 154 151 145
28 5 158 155 150
29 5 165 163 158
30 5 173 172 168
31 5 182 181 178
32 5 195 196 194
33 5 197 198 195
34 5 193 193 191
35 5 157 158 155
36 5 114 114 111
37 5 164 161 157
38 5 180 173 168
26 6 149 146 140
27 6 156 154 149
28 6 165 164 159
29 6 173 173 169
30 6 179 179 176
31 6 192 193 191
32 6 198 199 197
33 6 199 200 197
34 6 197 197 195
35 6 188 188 186
36 6 148 149 146
37 6 155 154 151
38 6 178 174 171
39 6 181 174 169
25 7 141 138 133
26 7 149 147 143
27 7 160 159 155
28 7 168 168 164
29 7 168 168 165
30 7 174 175 173
31 7 196 198 196
32 7 196 198 196
33 7 189 190 188
34 7 193 194 192
35 7 195 196 193
36 7 185 185 183
37 7 174 175 172
38 7 179 179 176
39 7 181 177 173
40 7 179 172 167
23 8 128 122 115
24 8 127 124 118
25 8 136 135 130
26 8 143 143 139
27 8 150 150 147
28 8 151 152 149
29 8 154 155 153
30 8 181 183 181
31 8 198 200 198
32 8 195 196 195
33 8 146 148 146
34 8 159 160 158
35 8 189 190 187
36 8 192 192 190
37 8 184 185 182
38 8 182 183 180
39 8 182 181 178
40 8 179 175 171
41 8 177 168 163
22 9 139 131 123
23 9 121 114 107
24 9 123 120 116
25 9 126 125 122
26 9 131 131 129
27 9 141 142 139
28 9 144 145 143
29 9 167 168 166
30 9 177 179 177
31 9 191 194 194
32 9 200 203 201
33 9 160 162 160
34 9 86 87 85
35 9 163 165 162
36 9 188 189 186
37 9 169 170 167
38 9 169 169 167
39 9 180 181 178
40 9 177 175 172
41 9 174 170 166
42 9 173 164 159
21 10 139 129 120
22 10 125 117 110
23 10 126 123 119
24 10 137 137 134
25 10 147 147 145
26 10 154 155 152
27 10 154 155 152
28 10 167 168 166
29 10 160 162 160
30 10 122 123 121
31 10 158 161 160
32 10 197 200 199
33 10 188 191 189
34 10 115 116 114
35 10 124 126 124
36 10 180 181 178
37 10 153 154 151
38 10 113 114 112
39 10 164 165 162
40 10 172 172 169
41 10 161 159 156
42 10 164 158 154
20 11 155 147 139
21 11 136 130 123
22 11 144 141 136
23 11 156 156 153
24 11 165 166 163
25 11 171 172 170
26 11 173 173 171
27 11 169 170 168
28 11 147 148 146
29 11 99 100 98
30 11 88 88 86
31 11 104 105 103
32 11 162 165 164
33 11 198 200 199
34 11 180 182 180
35 11 153 154 151
36 11 177 178 176
37 11 176 177 174
38 11 114 114 111
39 11 123 124 121
40 11 166 166 163
41 11 136 136 133
42 11 141 136 133
43 11 163 155 151
20 12 158 153 146
21 12 158 155 150
22 12 166 166 162
23 12 174 175 172
24 12 180 180 178
25 12 179 180 177
26 12 165 166 163
27 12 126 127 124
28 12 71 72 70
29 12 34 35 33
30 12 32 32 31
31 12 59 59 57
32 12 103 103 101
33 12 166 168 167
34 12 198 200 199
35 12 194 195 192
36 12 190 190 187
37 12 190 190 187
38 12 162 162 160
39 12 124 124 121
40 12 165 166 163
41 12 151 151 148
42 12 98 96 93
43 12 148 143 138
44 12 164 156 151
19 13 173 168 162
20 13 159 155 150
21 13 169 167 163
22 13 176 176 173
23 13 179 179 177
24 13 177 177 175
25 13 154 155 153
26 13 107 108 106
27 13 75 76 74
28 13 26 27 27
29 13 2 2 2
30 13 2 3 2
31 13 9 9 8
32 13 65 65 62
33 13 105 105 103
34 13 172 174 172
35 13 199 200 198
36 13 196 196 194
37 13 193 193 190
38 13 186 186 183
39 13 172 172 169
40 13 172 172 169
41 13 172 172 169
42 13 132 131 128
43 13 127 124 120
44 13 159 153 147
45 13 157 148 142
19 14 165 161 155
20 14 171 169 164
21 14 176 175 172
22 14 178 178 176
23 14 168 169 166
24 14 137 138 135
25 14 92 93 91
26 14 87 88 86
27 14 79 81 80
28 14 35 37 36
29 14 3 4 4
31 14 4 4 4
32 14 45 44 43
33 14 92 92 89
34 14 110 110 107
35 14 178 179 177
36 14 198 199 197
37 14 195 195 192
38 14 191 191 188
39 14 185 185 183
40 14 181 182 179
41 14 181 180 178
42 14 171 170 167
43 14 151 150 146
44 14 160 156 152
45 14 161 155 150
18 15 174 170 164
19 15 168 165 159
20 15 175 174 171
21 15 173 173 171
22 15 158 159 156
23 15 110 111 108
24 15 57 58 56
25 15 34 34 33
26 15 40 41 40
27 15 63 65 64
28 15 69 72 72
29 15 32 34 33
30 15 12 13 12
31 15 32 32 31
32 15 72 72 70
33 15 86 86 83
34 15 101 100 96
35 15 119 119 116
36 15 179 180 177
37 15 197 197 195
38 15 193 193 190
39 15 185 185 182
40 15 173 174 171
41 15 176 176 173
42 15 180 179 176
43 15 174 173 169
44 15 168 166 162
45 15 164 161 157
17 16 178 174 167
18 16 164 161 155
19 16 172 171 167
20 16 168 169 166
21 16 144 145 142
22 16 102 103 100
23 16 62 63 62
24 16 18 19 18
25 16 1 1 1
26 16 3 3 3
27 16 22 23 22
28 16 73 76 75
29 16 76 78 77
30 16 68 69 67
31 16 78 79 77
32 16 85 85 82
33 16 98 97 94
34 16 97 96 93
35 16 101 100 96
36 16 121 120 117
37 16 180 180 178
38 16 196 196 193
39 16 187 187 184
40 16 152 152 149
41 16 138 138 136
42 16 174 173 169
43 16 178 176 172
44 16 172 170 166
45 16 167 165 161
17 17 165 161 155
18 17 168 165 160
19 17 158 158 154
20 17 123 124 121
21 17 80 81 79
22 17 78 79 77
23 17 69 71 69
24 17 27 29 28
25 17 3 3 3
27 17 15 16 15
28 17 64 65 63
29 17 85 86 83
30 17 94 94 92
31 17 94 94 91
32 17 92 91 88
33 17 98 98 94
34 17 93 93 89
35 17 97 95 91
36 17 96 94 90
37 17 127 126 121
38 17 178 178 174
39 17 192 191 188
40 17 163 163 159
41 17 79 79 76
42 17 144 143 139
43 17 176 174 169
44 17 173 171 166
45 17 168 165 160
16 18 168 161 153
17 18 151 146 138
18 18 145 143 138
19 18 100 101 98
20 18 51 52 50
21 18 27 27 26
22 18 31 32 31
23 18 48 50 49
24 18 53 55 54
25 18 32 33 32
26 18 22 23 22
27 18 45 45 44
28 18 72 73 70
29 18 97 97 94
30 18 93 93 90
31 18 91 91 88
32 18 93 93 89
33 18 97 97 93
34 18 94 93 89
35 18 94 92 88
36 18 96 94 90
37 18 92 90 85
38 18 125 124 118
39 18 179 178 174
40 18 182 181 178
41 18 129 128 124
42 18 106 105 101
43 18 167 165 161
44 18 173 171 166
17 19 128 120 109
18 19 98 96 90
19 19 65 65 62
20 19 18 18 17
21 19 1 1 1
22 19 1 1 1
23 19 18 19 18
24 19 67 68 67
25 19 77 78 76
26 19 74 75 73
27 19 77 78 75
28 19 90 90 86
29 19 93 93 90
30 19 89 89 86
31 19 96 95 92
32 19 92 92 88
33 19 90 90 86
34 19 93 93 88
35 19 88 87 82
36 19 78 77 72
37 19 74 72 68
38 19 84 82 77
39 19 124 123 117
40 19 177 175 171
41 19 174 172 168
42 19 142 140 135
43 19 163 161 155
44 19 173 170 165
18 20 95 90 83
19 20 76 74 70
20 20 37 37 36
21 20 8 8 7
23 20 20 21 20
24 20 71 72 69
25 20 87 88 85
26 20 88 88 85
27 20 93 93 90
28 20 93 92 89
29 20 92 92 89
30 20 95 95 92
31 20 92 92 88
32 20 87 87 83
33 20 90 90 87
34 20 88 88 84
35 20 68 67 63
36 20 46 46 43
37 20 27 26 24
38 20 38 37 34
39 20 78 76 71
40 20 135 133 128
41 20 178 176 171
42 20 177 174 170
43 20 175 173 168
44 20 174 171 166
19 21 91 86 79
20 21 69 67 63
21 21 46 46 44
22 21 39 39 38
23 21 57 57 55
24 21 79 80 77
25 21 89 89 86
26 21 93 92 89
27 21 92 92 89
28 21 90 89 86
29 21 93 93 90
30 21 91 91 88
31 21 89 89 85
32 21 89 89 85
33 21 86 86 83
34 21 77 77 74
35 21 43 43 41
36 21 10 10 9
37 21 1 1 0
38 21 3 2 2
39 21 38 37 34
40 21 76 74 69
41 21 140 138 133
42 21 176 173 168
43 21 179 176 171
44 21 176 173 168
20 22 95 90 84
21 22 87 85 81
22 22 82 81 79
23 22 84 83 81
24 22 88 88 85
25 22 91 90 88
26 22 93 93 90
27 22 90 90 86
28 22 92 91 88
29 22 91 91 87
30 22 86 86 82
31 22 77 77 74
32 22 73 72 70
33 22 62 62 59
34 22 70 70 67
35 22 49 49 47
36 22 11 11 10
37 22 1 1 1
39 22 24 24 22
40 22 69 67 63
41 22 86 84 78
42 22 137 132 126
43 22 167 162 157
44 22 171 167 162
21 23 99 94 88
22 23 90 87 83
23 23 89 88 85
24 23 92 91 89
25 23 91 91 88
26 23 91 91 88
27 23 91 90 87
28 23 92 91 88
29 23 89 88 85
30 23 79 79 76
31 23 51 51 49
32 23 27 27 26
33 23 17 17 16
34 23 37 37 35
35 23 61 61 59
36 23 46 46 44
37 23 26 26 25
38 23 27 26 25
39 23 54 52 49
40 23 74 71 67
41 23 80 76 71
42 23 85 79 73
43 23 133 124 116
44 23 161 150 141
22 24 95 90 84
23 24 92 89 85
24 24 90 89 86
25 24 89 89 86
26 24 91 90 87
27 24 88 88 85
28 24 88 87 85
29 24 84 84 81
30 24 76 76 74
31 24 30 30 29
32 24 3 3 2
34 24 5 5 5
35 24 47 47 44
36 24 74 73 70
37 24 66 65 61
38 24 71 69 65
39 24 77 74 70
40 24 77 73 68
41 24 69 65 60
42 24 78 72 66
23 25 93 88 82
24 25 90 87 83
25 25 89 88 85
26 25 85 85 82
27 25 68 68 66
28 25 57 57 55
29 25 58 58 55
30 25 66 66 64
31 25 52 52 51
32 25 17 17 16
33 25 5 5 5
34 25 9 8 8
35 25 50 49 46
36 25 79 78 73
37 25 79 77 72
38 25 81 78 73
39 25 71 67 63
40 25 77 72 67
41 25 46 42 39
24 26 95 90 84
25 26 87 85 81
26 26 75 75 72
27 26 33 33 32
28 26 12 12 11
29 26 14 14 13
30 26 27 27 25
31 26 64 64 62
32 26 62 61 59
33 26 42 42 40
34 26 50 50 47
35 26 72 70 66
36 26 81 78 74
37 26 78 75 70
38 26 76 73 68
39 26 51 48 44
25 27 93 88 82
26 27 71 69 65
27 27 24 23 22
28 27 2 2 2
29 27 1 1 1
30 27 12 12 11
31 27 61 61 59
32 27 81 80 77
33 27 77 75 72
34 27 80 78 73
35 27 76 73 69
36 27 73 70 66
37 27 107 102 96
26 28 82 75 69
27 28 45 41 38
28 28 27 26 24
29 28 14 14 13
30 28 34 33 32
31 28 70 69 66
32 28 81 79 75
33 28 82 79 75
34 28 75 72 68
35 28 86 83 78
27 29 78 71 64
28 29 72 68 64
29 29 65 63 59
30 29 71 69 66
31 29 79 77 72
32 29 70 67 63
33 29 75 72 67
34 29 52 50 46
28 30 85 76 69
29 30 78 72 66
30 30 74 69 64
31 30 71 67 63
32 30 54 51 48
29 31 72 62 55
30 31 86 78 71
