29 0 178 181 179
28 1 178 180 178
29 1 187 190 188
30 1 192 194 192
27 2 183 181 179
28 2 191 184 182
29 2 193 189 186
30 2 194 194 192
31 2 195 196 194
32 2 197 199 197
26 3 182 182 179
27 3 191 182 180
28 3 202 171 169
29 3 202 176 174
30 3 198 188 186
31 3 197 195 193
32 3 197 198 196
33 3 198 199 197
25 4 181 179 176
26 4 189 181 179
27 4 194 182 180
28 4 204 162 160
29 4 208 144 143
30 4 206 168 167
31 4 202 182 180
32 4 200 195 193
33 4 200 200 198
34 4 200 202 200
24 5 180 178 175
25 5 188 178 176
26 5 198 166 165
27 5 200 157 157
28 5 203 163 165
29 5 208 141 141
30 5 208 141 140
31 5 208 164 162
32 5 201 188 186
33 5 199 199 197
34 5 200 202 200
35 5 203 205 203
23 6 177 176 174
24 6 187 177 175
25 6 196 167 166
26 6 199 162 163
27 6 201 153 155
28 6 203 156 156
29 6 201 173 172
30 6 200 182 180
31 6 200 190 187
32 6 198 195 192
33 6 198 200 197
34 6 199 201 199
35 6 203 205 203
36 6 205 207 204
22 7 176 174 172
23 7 184 175 173
24 7 193 164 163
25 7 198 153 153
26 7 198 162 163
27 7 196 175 175
28 7 194 182 180
29 7 192 188 186
30 7 192 193 191
31 7 194 196 193
32 7 195 197 194
33 7 198 200 197
34 7 199 201 198
35 7 202 204 201
36 7 204 206 203
37 7 206 207 204
38 7 204 203 199
21 8 175 171 169
22 8 184 172 170
23 8 190 163 161
24 8 195 140 140
25 8 196 157 157
26 8 191 175 174
27 8 187 182 180
28 8 184 185 182
29 8 187 190 187
30 8 192 194 191
31 8 193 195 192
32 8 195 197 194
33 8 199 200 198
34 8 200 202 199
35 8 201 203 200
36 8 203 204 201
37 8 204 204 199
38 8 199 194 187
39 8 199 193 184
20 9 173 170 168
21 9 180 170 167
22 9 188 157 156
23 9 190 160 160
24 9 191 164 163
25 9 189 173 171
26 9 176 174 172
27 9 161 163 160
28 9 153 156 153
29 9 177 180 177
30 9 191 193 190
31 9 194 196 193
32 9 197 198 195
33 9 198 200 197
34 9 200 201 198
35 9 201 203 199
36 9 202 202 198
37 9 201 198 191
38 9 201 196 188
39 9 203 201 196
40 9 206 205 202
19 10 171 167 164
20 10 179 165 162
21 10 186 146 143
22 10 190 129 128
23 10 189 155 155
24 10 185 173 171
25 10 175 173 171
26 10 137 138 136
27 10 81 83 81
28 10 84 87 85
29 10 161 165 162
30 10 189 192 189
31 10 195 197 194
32 10 196 198 195
33 10 197 199 196
34 10 199 201 198
35 10 201 201 197
36 10 201 198 192
37 10 201 197 191
38 10 197 195 190
39 10 195 195 192
40 10 205 205 203
18 11 169 163 159
19 11 177 162 158
20 11 182 141 138
21 11 186 97 95
22 11 188 116 116
23 11 187 164 163
24 11 180 175 173
25 11 158 159 157
26 11 79 81 79
27 11 16 17 17
28 11 93 97 95
29 11 170 174 171
30 11 191 193 190
31 11 195 197 194
32 11 196 198 195
33 11 198 199 196
34 11 198 199 195
35 11 198 195 189
36 11 198 195 189
37 11 188 187 183
38 11 177 178 175
39 11 185 186 183
40 11 196 196 194
41 11 204 204 202
17 12 163 159 154
18 12 172 163 158
19 12 180 146 142
20 12 184 116 115
21 12 185 89 88
22 12 187 131 130
23 12 184 174 172
24 12 178 178 176
25 12 149 151 148
26 12 78 80 79
27 12 89 92 90
28 12 154 157 154
29 12 186 188 185
30 12 193 194 191
31 12 195 197 193
32 12 196 198 194
33 12 196 197 193
34 12 198 195 189
35 12 197 194 189
36 12 172 171 168
37 12 118 119 117
38 12 96 97 95
39 12 152 152 150
40 12 187 187 185
41 12 196 197 194
42 12 202 203 201
16 13 158 151 144
17 13 163 159 153
18 13 171 162 157
19 13 180 141 137
20 13 184 116 115
21 13 184 111 110
22 13 186 151 149
23 13 182 178 175
24 13 180 182 179
25 13 167 169 166
26 13 154 157 154
27 13 166 168 166
28 13 184 186 182
29 13 191 193 190
30 13 193 195 191
31 13 195 196 193
32 13 195 195 191
33 13 195 193 187
34 13 196 193 188
35 13 177 177 174
36 13 104 105 104
37 13 6 7 6
38 13 38 38 37
39 13 138 139 136
40 13 183 183 181
41 13 189 190 187
42 13 193 194 192
43 13 199 200 198
17 14 163 160 154
18 14 167 164 159
19 14 176 158 154
20 14 184 134 131
21 14 185 129 127
22 14 183 163 161
23 14 181 180 177
24 14 182 183 181
25 14 183 185 182
26 14 183 185 182
27 14 186 188 185
28 14 190 192 188
29 14 191 193 189
30 14 192 193 190
31 14 194 194 190
32 14 194 191 186
33 14 196 193 188
34 14 190 189 186
35 14 164 165 163
36 14 69 69 69
37 14 19 19 18
38 14 96 97 94
39 14 164 165 162
40 14 186 187 184
41 14 187 187 184
42 14 187 188 185
43 14 193 194 191
44 14 197 197 195
17 15 163 160 154
18 15 167 165 160
19 15 171 168 164
20 15 180 159 156
21 15 184 147 143
22 15 181 171 168
23 15 181 181 178
24 15 182 183 180
25 15 184 186 182
26 15 186 188 184
27 15 188 190 187
28 15 189 191 187
29 15 192 193 189
30 15 192 192 187
31 15 193 190 184
32 15 194 190 185
33 15 190 189 185
34 15 186 186 184
35 15 173 174 172
36 15 133 134 133
37 15 114 115 112
38 15 153 154 151
39 15 178 179 176
40 15 185 185 183
41 15 184 185 182
42 15 185 185 183
43 15 185 186 184
44 15 189 190 188
45 15 193 193 191
18 16 169 167 162
19 16 169 168 163
20 16 175 171 167
21 16 181 168 165
22 16 181 177 174
23 16 181 182 179
24 16 183 185 181
25 16 185 187 183
26 16 186 188 184
27 16 188 190 186
28 16 190 191 187
29 16 191 191 186
30 16 192 188 182
31 16 193 189 184
32 16 189 188 184
33 16 187 187 184
34 16 186 185 183
35 16 182 182 179
36 16 174 175 172
37 16 173 173 170
38 16 179 180 177
39 16 182 182 179
40 16 182 182 180
41 16 182 183 180
42 16 182 183 180
43 16 181 181 179
44 16 182 183 180
45 16 189 189 187
19 17 171 170 165
20 17 172 171 167
21 17 177 176 173
22 17 180 180 177
23 17 182 183 179
24 17 184 185 181
25 17 186 187 183
26 17 187 188 184
27 17 189 189 186
28 17 190 189 184
29 17 190 186 180
30 17 192 188 182
31 17 187 185 181
32 17 185 184 181
33 17 184 184 181
34 17 184 184 181
35 17 183 183 180
36 17 182 182 179
37 17 181 182 179
38 17 181 182 179
39 17 181 181 178
40 17 180 180 177
41 17 180 180 177
42 17 179 179 176
43 17 178 178 176
44 17 176 177 174
45 17 178 178 176
46 17 186 187 185
20 18 173 172 167
21 18 176 176 172
22 18 180 181 177
23 18 182 182 179
24 18 184 185 181
25 18 186 187 183
26 18 187 188 184
27 18 188 187 182
28 18 189 184 177
29 18 191 186 180
30 18 184 183 178
31 18 184 183 179
32 18 183 182 179
33 18 183 183 180
34 18 182 182 179
35 18 181 181 178
36 18 180 180 177
37 18 180 180 177
38 18 179 179 176
39 18 178 178 175
40 18 177 178 175
41 18 177 177 174
42 18 177 178 174
43 18 175 175 172
44 18 175 176 173
45 18 173 174 171
46 18 174 175 174
47 18 178 180 179
20 19 173 172 166
21 19 176 175 170
22 19 179 179 175
23 19 183 183 179
24 19 185 185 181
25 19 185 185 181
26 19 187 185 181
27 19 187 182 175
28 19 188 183 177
29 19 185 183 179
30 19 181 180 176
31 19 182 182 178
32 19 181 181 177
33 19 181 180 177
34 19 180 179 176
35 19 179 179 176
36 19 178 178 175
37 19 177 177 174
38 19 177 178 174
39 19 176 177 174
40 19 175 175 172
41 19 174 175 171
42 19 173 174 170
43 19 172 173 169
44 19 173 174 171
45 19 173 174 172
46 19 150 153 151
47 19 165 167 166
21 20 176 174 169
22 20 177 176 171
23 20 181 181 177
24 20 185 185 180
25 20 184 183 177
26 20 185 179 172
27 20 187 181 175
28 20 183 181 177
29 20 180 179 175
30 20 181 180 176
31 20 180 179 176
32 20 178 178 175
33 20 179 178 175
34 20 178 177 174
35 20 177 177 174
36 20 176 176 173
37 20 174 175 172
38 20 175 175 172
39 20 174 174 171
40 20 172 173 169
41 20 172 172 169
42 20 172 172 168
43 20 172 172 169
44 20 169 170 168
45 20 155 157 155
46 20 90 92 90
22 21 178 176 170
23 21 179 177 171
24 21 182 179 173
25 21 184 177 169
26 21 185 179 172
27 21 181 178 173
28 21 179 177 173
29 21 178 177 173
30 21 177 177 173
31 21 177 176 173
32 21 176 176 172
33 21 176 176 173
34 21 175 174 171
35 21 174 174 171
36 21 174 174 171
37 21 173 173 170
38 21 173 172 169
39 21 171 171 168
40 21 171 170 167
41 21 170 170 167
42 21 170 170 167
43 21 169 170 168
44 21 155 157 155
45 21 62 63 61
23 22 174 167 159
24 22 178 167 157
25 22 182 172 163
26 22 179 174 169
27 22 177 174 171
28 22 177 175 171
29 22 177 175 171
30 22 174 174 170
31 22 174 173 169
32 22 174 174 170
33 22 174 173 170
34 22 173 173 170
35 22 173 173 170
36 22 172 171 168
37 22 171 171 168
38 22 170 169 166
39 22 169 169 165
40 22 169 168 165
41 22 169 169 166
42 22 168 169 167
43 22 155 156 154
44 22 61 62 61
23 23 162 144 131
24 23 173 158 146
25 23 175 166 158
26 23 174 171 166
27 23 174 172 168
28 23 176 174 170
29 23 175 173 169
30 23 173 172 168
31 23 171 171 167
32 23 171 171 167
33 23 171 171 168
34 23 171 171 167
35 23 170 170 167
36 23 168 168 165
37 23 168 168 165
38 23 167 167 164
39 23 166 166 162
40 23 167 167 163
41 23 166 167 164
42 23 155 156 154
43 23 61 61 60
24 24 168 154 143
25 24 173 165 157
26 24 171 166 160
27 24 171 168 164
28 24 173 171 167
29 24 173 171 167
30 24 171 170 166
31 24 170 170 166
32 24 169 169 165
33 24 168 168 164
34 24 162 161 158
35 24 152 152 149
36 24 146 146 143
37 24 160 160 156
38 24 165 165 161
39 24 166 166 162
40 24 165 166 162
41 24 151 152 149
42 24 60 61 59
26 25 171 166 159
27 25 171 167 161
28 25 169 166 161
29 25 169 167 163
30 25 169 167 163
31 25 168 167 163
32 25 166 166 161
33 25 157 157 153
34 25 122 123 120
35 25 78 79 77
36 25 84 85 83
37 25 141 141 138
38 25 163 162 159
39 25 165 165 161
40 25 152 152 150
41 25 59 59 58
27 26 170 165 159
28 26 169 165 159
29 26 167 163 158
30 26 166 164 160
31 26 165 164 160
32 26 162 161 157
33 26 132 132 129
34 26 54 55 53
35 26 14 14 14
36 26 72 72 69
37 26 144 144 140
38 26 161 161 158
39 26 152 152 149
40 26 59 59 57
28 27 166 161 154
29 27 168 164 158
30 27 163 159 154
31 27 161 159 154
32 27 157 156 152
33 27 117 116 113
34 27 48 47 45
35 27 61 59 57
36 27 118 117 112
37 27 151 151 147
38 27 148 148 145
39 27 59 59 57
30 28 161 156 150
31 28 158 154 148
32 28 154 151 146
33 28 136 135 130
34 28 119 117 112
35 28 132 129 124
36 28 147 145 140
37 28 142 141 137
38 28 55 55 53
31 29 158 152 145
32 29 155 150 143
33 29 150 146 139
34 29 149 145 140
35 29 150 148 142
36 29 140 137 132
37 29 55 53 51
32 30 151 144 137
33 30 150 143 136
34 30 144 139 132
35 30 134 131 125
36 30 52 50 47
34 31 135 128 120
35 31 44 40 37
