32 0 183 177 169
33 0 179 170 159
30 1 183 183 180
31 1 187 187 184
32 1 191 189 184
33 1 190 185 177
34 1 183 176 165
28 2 183 184 181
29 2 189 190 188
30 2 191 192 190
31 2 189 189 187
32 2 189 189 186
33 2 194 192 187
34 2 192 186 179
35 2 190 178 169
27 3 182 182 180
28 3 188 190 187
29 3 185 186 184
30 3 170 171 169
31 3 136 137 135
32 3 146 147 145
33 3 187 187 184
34 3 196 192 188
35 3 196 187 180
25 4 185 186 183
26 4 188 188 186
27 4 190 190 188
28 4 188 189 187
29 4 158 159 157
30 4 82 83 81
31 4 21 21 21
32 4 64 66 64
33 4 170 170 168
34 4 196 195 191
35 4 198 192 187
36 4 197 186 178
23 5 175 175 172
24 5 185 186 183
25 5 186 187 184
26 5 190 191 188
27 5 190 191 189
28 5 188 188 186
29 5 149 150 148
30 5 33 33 32
31 5 43 44 43
32 5 121 122 120
33 5 178 179 176
34 5 197 196 194
35 5 199 196 192
36 5 199 191 185
37 5 197 181 172
22 6 182 183 181
23 6 185 186 183
24 6 188 189 187
25 6 190 190 188
26 6 190 191 188
27 6 190 191 189
28 6 190 190 188
29 6 175 176 174
30 6 132 133 130
31 6 155 156 154
32 6 182 183 181
33 6 195 195 192
34 6 197 197 195
35 6 199 198 195
36 6 199 194 189
37 6 198 188 181
20 7 173 175 172
21 7 177 179 176
22 7 181 183 180
23 7 184 185 183
24 7 188 188 186
25 7 189 189 187
26 7 190 190 188
27 7 190 191 188
28 7 190 191 188
29 7 189 190 187
30 7 186 187 184
31 7 190 191 188
32 7 194 194 192
33 7 196 196 194
34 7 198 197 195
35 7 199 199 196
36 7 200 198 194
37 7 200 193 188
38 7 199 187 180
18 8 176 178 176
19 8 178 180 178
20 8 180 182 180
21 8 169 171 169
22 8 151 153 151
23 8 159 161 159
24 8 180 181 178
25 8 188 188 186
26 8 188 189 186
27 8 189 189 186
28 8 186 186 184
29 8 187 188 186
30 8 191 192 189
31 8 192 193 190
32 8 194 195 192
33 8 196 196 194
34 8 197 197 195
35 8 198 198 195
36 8 199 199 196
37 8 200 196 193
38 8 199 191 185
17 9 165 168 166
18 9 177 179 178
19 9 180 182 180
20 9 160 162 160
21 9 93 95 93
22 9 42 44 43
23 9 82 84 83
24 9 164 165 162
25 9 187 187 185
26 9 184 185 183
27 9 169 170 167
28 9 140 141 139
29 9 147 148 147
30 9 175 176 174
31 9 192 193 191
32 9 195 195 193
33 9 195 196 193
34 9 193 194 191
35 9 189 189 187
36 9 191 190 188
37 9 197 195 193
38 9 199 193 189
39 9 199 188 181
17 10 176 180 179
18 10 182 185 184
19 10 178 180 178
20 10 129 131 129
21 10 28 29 28
22 10 17 17 17
23 10 106 108 106
24 10 170 171 169
25 10 185 185 183
26 10 165 166 163
27 10 96 97 95
28 10 24 25 24
29 10 35 36 35
30 10 138 140 138
31 10 188 189 187
32 10 194 194 192
33 10 188 188 186
34 10 159 160 157
35 10 126 127 124
36 10 136 137 135
37 10 172 171 170
38 10 194 190 187
39 10 199 192 187
40 10 198 186 179
18 11 184 187 186
19 11 178 179 177
20 11 132 133 130
21 11 88 88 86
22 11 105 106 105
23 11 158 159 158
24 11 181 182 179
25 11 183 184 181
26 11 156 156 153
27 11 54 54 52
28 11 8 7 7
29 11 61 62 60
30 11 148 150 147
31 11 188 189 186
32 11 191 192 189
33 11 170 170 167
34 11 84 84 82
35 11 18 19 18
36 11 33 33 33
37 11 139 138 136
38 11 192 190 188
39 11 199 194 189
40 11 198 188 181
18 12 184 187 186
19 12 184 186 184
20 12 176 176 174
21 12 168 168 165
22 12 169 170 167
23 12 179 180 177
24 12 184 184 182
25 12 182 182 180
26 12 162 162 159
27 12 108 108 106
28 12 90 89 86
29 12 136 136 133
30 12 178 179 176
31 12 191 191 189
32 12 189 189 186
33 12 148 148 145
34 12 35 35 34
35 12 10 10 10
36 12 50 50 49
37 12 151 151 149
38 12 194 192 190
39 12 200 196 192
40 12 197 188 181
41 12 191 176 166
18 13 185 187 186
19 13 186 188 186
20 13 186 186 183
21 13 182 182 178
22 13 182 182 179
23 13 183 183 180
24 13 184 184 181
25 13 182 183 180
26 13 179 179 177
27 13 173 173 170
28 13 170 170 167
29 13 178 178 175
30 13 188 187 185
31 13 192 191 189
32 13 191 190 188
33 13 170 170 167
34 13 108 107 104
35 13 99 99 96
36 13 128 128 125
37 13 179 178 176
38 13 197 195 192
39 13 197 193 188
40 13 185 176 169
41 13 179 167 158
19 14 186 187 186
20 14 187 188 185
21 14 185 184 181
22 14 183 182 179
23 14 183 183 180
24 14 183 183 180
25 14 183 183 180
26 14 182 182 180
27 14 183 184 181
28 14 186 186 183
29 14 188 188 185
30 14 189 188 186
31 14 192 191 188
32 14 193 192 189
33 14 190 189 186
34 14 181 180 177
35 14 179 178 175
36 14 184 183 180
37 14 193 191 188
38 14 189 186 182
39 14 166 161 155
40 14 135 128 122
41 14 161 154 147
42 14 182 176 169
19 15 186 187 186
20 15 187 188 186
21 15 186 186 183
22 15 183 183 179
23 15 182 182 179
24 15 178 178 175
25 15 170 170 167
26 15 166 167 164
27 15 174 174 172
28 15 185 185 182
29 15 188 187 184
30 15 189 188 185
31 15 191 190 187
32 15 192 191 187
33 15 193 192 189
34 15 193 192 189
35 15 194 193 189
36 15 190 188 184
37 15 176 173 168
38 15 131 127 121
39 15 89 85 80
40 15 91 88 83
41 15 142 137 131
42 15 176 171 165
20 16 186 187 186
21 16 187 187 184
22 16 184 184 181
23 16 179 179 176
24 16 155 155 152
25 16 113 113 110
26 16 85 85 83
27 16 130 130 128
28 16 179 179 176
29 16 187 186 183
30 16 189 188 185
31 16 191 189 185
32 16 192 190 187
33 16 193 191 188
34 16 192 190 187
35 16 183 181 176
36 16 145 142 137
37 16 80 77 73
38 16 36 35 32
39 16 25 24 22
40 16 58 57 54
41 16 117 114 109
42 16 160 155 148
43 16 181 176 169
20 17 185 186 184
21 17 185 186 183
22 17 184 183 180
23 17 168 168 164
24 17 102 102 99
25 17 28 28 27
26 17 10 10 9
27 17 90 90 87
28 17 172 171 167
29 17 187 185 182
30 17 189 188 183
31 17 190 188 183
32 17 191 189 185
33 17 188 186 182
34 17 163 160 156
35 17 125 122 118
36 17 69 67 64
37 17 20 19 18
38 17 6 6 5
39 17 35 35 34
40 17 85 84 81
41 17 106 103 98
42 17 139 136 129
43 17 174 170 164
20 18 183 183 182
21 18 184 184 182
22 18 182 182 179
23 18 163 162 158
24 18 82 81 78
25 18 8 8 8
26 18 28 28 27
27 18 127 127 123
28 18 177 176 172
29 18 187 185 180
30 18 188 186 182
31 18 187 185 181
32 18 173 172 168
33 18 139 137 133
34 18 116 116 112
35 18 102 102 98
36 18 68 67 64
37 18 40 40 38
38 18 56 56 54
39 18 84 84 81
40 18 101 100 96
41 18 109 107 102
42 18 117 115 109
43 18 156 152 145
44 18 178 173 167
21 19 181 181 178
22 19 181 180 176
23 19 172 170 166
24 19 135 134 129
25 19 91 89 85
26 19 121 118 114
27 19 165 163 158
28 19 182 180 176
29 19 186 185 181
30 19 180 179 176
31 19 153 152 149
32 19 122 121 117
33 19 115 114 111
34 19 111 110 107
35 19 108 108 105
36 19 95 95 92
37 19 94 94 91
38 19 100 100 97
39 19 102 102 98
40 19 107 106 101
41 19 106 104 99
42 19 106 104 99
43 19 137 134 128
44 19 169 165 159
21 20 179 177 173
22 20 181 179 175
23 20 181 179 175
24 20 173 171 166
25 20 165 163 157
26 20 174 172 167
27 20 182 181 177
28 20 180 179 176
29 20 153 153 150
30 20 122 122 118
31 20 113 113 109
32 20 110 110 107
33 20 111 111 108
34 20 112 112 109
35 20 108 107 104
36 20 108 108 105
37 20 107 106 103
38 20 108 108 104
39 20 109 109 105
40 20 105 104 100
41 20 102 100 96
42 20 101 99 95
43 20 112 110 106
44 20 150 146 140
45 20 171 166 160
22 21 178 176 172
23 21 182 180 175
24 21 181 179 174
25 21 181 179 174
26 21 179 178 175
27 21 159 159 156
28 21 111 111 108
29 21 81 81 78
30 21 77 77 75
31 21 104 105 102
32 21 110 110 107
33 21 107 107 104
34 21 107 107 104
35 21 111 110 107
36 21 107 106 103
37 21 107 107 104
38 21 106 106 102
39 21 102 102 98
40 21 82 81 77
41 21 58 57 54
42 21 46 45 43
43 21 75 75 72
44 21 131 127 121
45 21 161 153 145
22 22 173 170 166
23 22 179 177 173
24 22 180 179 176
25 22 169 169 166
26 22 134 135 133
27 22 76 77 74
28 22 29 29 28
29 22 16 16 16
30 22 53 54 53
31 22 101 102 100
32 22 107 107 104
33 22 105 105 102
34 22 112 112 109
35 22 110 109 106
36 22 107 106 103
37 22 103 103 100
38 22 102 102 98
39 22 85 84 81
40 22 38 37 35
41 22 10 10 9
42 22 27 27 26
43 22 80 78 75
44 22 105 99 93
45 22 140 127 117
46 22 163 149 138
23 23 166 167 164
24 23 151 153 150
25 23 118 119 117
26 23 75 76 74
27 23 22 23 22
28 23 17 18 18
29 23 47 48 48
30 23 85 87 86
31 23 104 105 103
32 23 108 108 105
33 23 109 109 106
34 23 107 107 104
35 23 106 106 103
36 23 101 101 98
37 23 103 102 99
38 23 101 100 98
39 23 72 71 69
40 23 39 39 37
41 23 47 46 44
42 23 73 69 65
43 23 82 78 73
44 23 86 79 73
45 23 57 49 43
24 24 126 127 125
25 24 111 113 110
26 24 87 89 87
27 24 71 73 72
28 24 79 82 80
29 24 92 94 92
30 24 102 103 100
31 24 108 108 106
32 24 107 107 105
33 24 102 102 99
34 24 108 107 104
35 24 103 103 100
36 24 106 105 102
37 24 104 104 101
38 24 104 103 101
39 24 94 93 90
40 24 85 83 80
41 24 76 72 68
42 24 96 89 84
43 24 56 51 47
24 25 63 65 63
25 25 122 124 121
26 25 108 109 107
27 25 105 106 104
28 25 104 105 103
29 25 106 107 104
30 25 106 106 103
31 25 103 104 101
32 25 99 99 96
33 25 98 98 95
34 25 96 96 93
35 25 102 102 99
36 25 103 103 100
37 25 101 101 98
38 25 102 100 96
39 25 97 94 90
40 25 94 90 85
41 25 58 55 52
25 26 64 65 63
26 26 124 125 122
27 26 111 111 109
28 26 107 107 105
29 26 107 108 105
30 26 100 100 98
31 26 82 83 80
32 26 56 56 55
33 26 48 48 47
34 26 73 74 72
35 26 101 101 98
36 26 103 101 98
37 26 99 96 92
38 26 94 90 86
39 26 117 110 103
26 27 65 66 64
27 27 121 122 119
28 27 109 110 107
29 27 105 105 103
30 27 80 81 79
31 27 32 33 31
32 27 9 10 9
33 27 31 32 32
34 27 80 80 78
35 27 97 95 91
36 27 93 89 85
37 27 97 92 86
38 27 62 56 52
27 28 65 66 64
28 28 116 116 114
29 28 102 103 100
30 28 70 70 69
31 28 45 46 45
32 28 52 53 51
33 28 71 70 67
34 28 83 81 78
35 28 98 94 89
36 28 62 58 54
28 29 65 66 64
29 29 113 113 111
30 29 96 95 93
31 29 89 88 85
32 29 84 82 78
33 29 90 87 83
34 29 56 54 51
29 30 63 62 60
30 30 101 98 93
31 30 91 88 83
32 30 112 107 100
30 31 152 145 138
