33 0 173 167 157
34 0 174 166 155
32 1 189 189 186
33 1 191 190 186
34 1 187 183 176
35 1 182 175 165
30 2 192 193 191
31 2 194 195 193
32 2 194 195 193
33 2 191 192 189
34 2 188 187 184
35 2 189 186 180
36 2 185 179 172
29 3 194 195 193
30 3 194 196 193
31 3 195 196 194
32 3 185 186 184
33 3 156 157 155
34 3 141 142 139
35 3 174 174 171
36 3 188 186 181
37 3 189 181 175
27 4 194 195 193
28 4 196 196 194
29 4 197 198 196
30 4 197 197 195
31 4 192 192 190
32 4 159 160 158
33 4 65 65 64
34 4 27 27 27
35 4 104 105 103
36 4 173 173 171
37 4 191 187 183
38 4 190 182 176
25 5 190 191 188
26 5 196 196 194
27 5 196 197 195
28 5 198 198 196
29 5 198 198 196
30 5 196 197 195
31 5 195 195 193
32 5 177 178 176
33 5 109 110 108
34 5 15 16 15
35 5 42 43 42
36 5 145 146 143
37 5 187 187 184
38 5 191 188 183
39 5 190 182 176
24 6 193 195 193
25 6 195 197 195
26 6 196 197 195
27 6 197 198 195
28 6 197 198 195
29 6 197 197 195
30 6 196 197 194
31 6 195 196 194
32 6 192 193 190
33 6 175 175 173
34 6 127 128 125
35 6 145 146 144
36 6 178 179 177
37 6 191 191 189
38 6 192 191 189
39 6 192 188 184
40 6 191 182 176
22 7 191 193 191
23 7 194 196 194
24 7 195 197 195
25 7 193 195 193
26 7 186 187 185
27 7 189 190 188
28 7 192 193 191
29 7 195 196 194
30 7 196 197 194
31 7 195 195 193
32 7 194 194 192
33 7 192 193 190
34 7 186 186 184
35 7 188 189 186
36 7 191 192 189
37 7 193 193 191
38 7 193 192 190
39 7 192 191 188
40 7 191 187 183
41 7 191 183 177
21 8 184 186 185
22 8 193 196 195
23 8 196 198 196
24 8 192 194 192
25 8 163 165 163
26 8 112 114 112
27 8 125 128 126
28 8 154 156 154
29 8 187 188 185
30 8 195 196 193
31 8 194 194 192
32 8 193 193 191
33 8 190 190 188
34 8 189 190 188
35 8 191 191 189
36 8 193 193 191
37 8 193 193 191
38 8 193 193 190
39 8 193 192 190
40 8 192 191 189
41 8 191 188 184
42 8 190 182 176
20 9 61 62 61
21 9 164 167 166
22 9 193 195 195
23 9 198 200 198
24 9 187 189 187
25 9 121 123 121
26 9 22 23 22
27 9 17 18 17
28 9 69 71 70
29 9 163 165 162
30 9 192 192 190
31 9 193 194 191
32 9 182 183 181
33 9 148 149 147
34 9 144 146 144
35 9 163 164 162
36 9 187 188 186
37 9 193 193 191
38 9 193 193 190
39 9 192 192 189
40 9 190 190 187
41 9 188 187 185
42 9 189 185 181
43 9 189 181 175
44 9 186 171 161
20 10 63 64 62
21 10 105 107 105
22 10 167 170 169
23 10 195 197 196
24 10 190 191 189
25 10 139 141 138
26 10 49 50 48
27 10 11 11 11
28 10 65 67 66
29 10 158 160 159
30 10 190 190 188
31 10 191 191 189
32 10 162 162 160
33 10 68 69 67
34 10 25 25 25
35 10 60 62 61
36 10 154 155 153
37 10 188 189 186
38 10 192 193 190
39 10 186 187 184
40 10 162 162 160
41 10 150 151 149
42 10 169 168 166
43 10 182 177 174
44 10 187 178 172
45 10 184 169 160
20 11 62 63 62
21 11 97 99 96
22 11 77 79 77
23 11 169 171 170
24 11 194 196 194
25 11 180 181 179
26 11 150 150 148
27 11 126 126 124
28 11 141 142 140
29 11 175 176 174
30 11 190 191 189
31 11 192 193 190
32 11 175 176 173
33 11 104 104 101
34 11 13 13 12
35 11 16 17 16
36 11 112 114 112
37 11 180 181 179
38 11 192 192 190
39 11 179 179 176
40 11 108 108 105
41 11 42 42 42
42 11 83 83 82
43 11 150 148 146
44 11 184 179 176
45 11 187 179 173
46 11 181 166 156
19 12 63 64 62
20 12 91 92 90
21 12 64 65 63
22 12 24 25 24
23 12 75 76 75
24 12 170 172 171
25 12 195 197 195
26 12 192 192 190
27 12 186 186 183
28 12 185 184 182
29 12 189 189 186
30 12 192 192 189
31 12 192 192 189
32 12 185 186 183
33 12 157 157 154
34 12 110 110 108
35 12 99 98 94
36 12 144 144 141
37 12 184 184 181
38 12 191 191 188
39 12 182 182 179
40 12 116 116 113
41 12 13 13 12
42 12 10 10 9
43 12 110 109 107
44 12 179 178 175
45 12 187 182 177
46 12 184 173 166
47 12 173 154 143
19 13 64 64 62
20 13 112 113 111
21 13 48 49 48
22 13 8 8 8
23 13 14 14 14
24 13 76 77 75
25 13 171 172 171
26 13 196 197 196
27 13 196 196 193
28 13 193 192 189
29 13 192 191 188
30 13 192 191 188
31 13 192 192 189
32 13 189 190 187
33 13 185 185 183
34 13 177 178 175
35 13 173 173 170
36 13 177 177 174
37 13 187 187 185
38 13 191 190 188
39 13 189 189 186
40 13 168 168 165
41 13 105 105 101
42 13 78 78 76
43 13 118 118 116
44 13 177 176 173
45 13 188 185 181
46 13 182 174 168
47 13 176 162 153
18 14 63 63 61
19 14 62 62 60
20 14 86 87 85
21 14 46 47 46
22 14 23 24 23
23 14 3 3 3
24 14 25 25 24
25 14 83 84 82
26 14 172 173 171
27 14 197 197 195
28 14 196 195 192
29 14 192 192 189
30 14 191 190 187
31 14 191 191 188
32 14 190 190 187
33 14 189 189 186
34 14 187 188 185
35 14 187 188 185
36 14 188 188 186
37 14 189 189 186
38 14 190 190 187
39 14 190 190 187
40 14 189 188 185
41 14 176 176 172
42 14 170 169 165
43 14 170 169 166
44 14 185 183 180
45 14 181 178 174
46 14 170 164 159
47 14 176 168 162
18 15 63 64 62
19 15 105 106 103
20 15 52 52 51
21 15 25 26 25
22 15 30 32 32
23 15 21 22 22
24 15 24 24 23
25 15 51 51 49
26 15 90 91 88
27 15 174 174 172
28 15 196 197 194
29 15 195 195 192
30 15 192 191 188
31 15 190 190 187
32 15 187 188 185
33 15 179 180 177
34 15 173 173 171
35 15 173 173 171
36 15 184 184 182
37 15 188 188 185
38 15 189 189 186
39 15 190 189 186
40 15 191 190 186
41 15 189 188 185
42 15 189 188 185
43 15 188 186 183
44 15 176 174 169
45 15 149 145 140
46 15 69 64 60
18 16 61 62 60
19 16 105 106 104
20 16 38 39 38
21 16 7 7 7
22 16 18 19 19
23 16 39 40 39
24 16 46 47 45
25 16 54 54 52
26 16 59 58 56
27 16 96 96 92
28 16 175 175 173
29 16 196 196 194
30 16 194 194 191
31 16 191 190 188
32 16 183 183 180
33 16 149 149 146
34 16 108 108 105
35 16 91 91 89
36 16 150 150 148
37 16 183 182 180
38 16 189 188 185
39 16 189 188 184
40 16 190 188 185
41 16 190 188 184
42 16 188 186 182
43 16 171 168 164
44 16 132 128 123
45 16 45 42 39
17 17 57 56 53
18 17 72 72 69
19 17 76 76 74
20 17 39 40 39
21 17 19 20 20
22 17 6 7 6
23 17 36 37 36
24 17 57 57 55
25 17 59 59 56
26 17 59 58 56
27 17 59 58 55
28 17 100 99 95
29 17 175 175 172
30 17 195 195 192
31 17 191 191 188
32 17 180 180 176
33 17 118 118 114
34 17 22 22 21
35 17 5 5 5
36 17 68 68 66
37 17 161 161 157
38 17 187 185 182
39 17 189 187 183
40 17 189 187 183
41 17 186 184 180
42 17 166 163 158
43 17 100 97 92
44 17 84 81 76
17 18 53 50 45
18 18 82 79 73
19 18 43 43 41
20 18 15 16 15
21 18 24 25 25
22 18 25 26 25
23 18 37 38 36
24 18 56 57 54
25 18 60 60 57
26 18 59 59 56
27 18 58 57 54
28 18 57 56 52
29 18 101 99 94
30 18 176 176 172
31 18 192 192 189
32 18 185 184 181
33 18 143 142 138
34 18 56 55 52
35 18 8 8 7
36 18 45 45 43
37 18 150 150 146
38 18 184 183 179
39 18 187 185 181
40 18 185 183 178
41 18 155 153 148
42 18 108 105 101
43 18 74 71 67
18 19 69 65 59
19 19 43 41 38
20 19 13 12 12
21 19 17 18 17
22 19 44 44 43
23 19 54 54 52
24 19 58 58 56
25 19 59 59 57
26 19 59 59 56
27 19 57 57 54
28 19 54 53 50
29 19 49 48 45
30 19 99 97 92
31 19 175 174 171
32 19 188 187 183
33 19 176 175 170
34 19 144 142 138
35 19 96 95 90
36 19 105 103 98
37 19 164 161 157
38 19 185 183 179
39 19 180 178 173
40 19 149 147 142
41 19 101 99 94
42 19 91 88 84
19 20 48 45 41
20 20 33 32 30
21 20 18 18 17
22 20 43 43 42
23 20 59 59 57
24 20 61 61 59
25 20 59 59 57
26 20 59 58 56
27 20 57 57 55
28 20 50 50 47
29 20 28 28 26
30 20 24 24 22
31 20 100 98 93
32 20 173 171 167
33 20 188 186 182
34 20 183 181 177
35 20 170 168 163
36 20 173 170 165
37 20 182 180 175
38 20 177 175 170
39 20 140 138 133
40 20 101 98 95
41 20 68 65 62
42 20 52 50 48
20 21 48 45 41
21 21 45 44 41
22 21 49 49 48
23 21 60 59 57
24 21 61 61 58
25 21 60 60 58
26 21 59 59 56
27 21 56 56 53
28 21 49 49 47
29 21 21 21 20
30 21 2 2 2
31 21 21 20 18
32 21 104 102 97
33 21 173 171 166
34 21 187 185 181
35 21 186 184 180
36 21 185 182 177
37 21 172 170 165
38 21 131 129 125
39 21 88 87 83
40 21 81 79 76
41 21 115 111 106
21 22 57 54 51
22 22 59 58 55
23 22 62 61 59
24 22 62 61 59
25 22 60 60 57
26 22 57 57 55
27 22 48 48 45
28 22 38 38 36
29 22 30 30 29
30 22 10 10 9
31 22 4 4 3
32 22 30 29 26
33 22 106 103 98
34 22 170 167 163
35 22 184 182 177
36 22 169 167 162
37 22 123 121 117
38 22 90 89 86
39 22 66 64 61
40 22 55 53 51
21 23 55 52 47
22 23 60 57 54
23 23 61 60 57
24 23 61 61 58
25 23 60 60 58
26 23 58 58 56
27 23 38 38 36
28 23 11 12 11
29 23 23 23 22
30 23 27 27 25
31 23 14 14 14
32 23 26 25 23
33 23 47 45 42
34 23 105 99 93
35 23 146 143 138
36 23 106 105 101
37 23 89 88 86
38 23 68 66 64
39 23 51 49 47
22 24 58 54 50
23 24 60 58 55
24 24 61 59 57
25 24 58 58 55
26 24 53 53 51
27 24 41 41 39
28 24 14 14 13
29 24 5 5 5
30 24 29 29 27
31 24 40 39 37
32 24 44 42 40
33 24 56 53 50
34 24 89 86 82
35 24 98 97 94
36 24 90 89 86
37 24 56 54 52
38 24 57 56 55
23 25 59 55 51
24 25 59 57 54
25 25 54 53 51
26 25 34 34 33
27 25 30 30 29
28 25 28 28 27
29 25 12 12 12
30 25 20 19 18
31 25 47 46 43
32 25 60 58 54
33 25 85 82 78
34 25 97 97 94
35 25 85 84 81
36 25 57 56 54
24 26 57 54 50
25 26 51 49 46
26 26 28 27 25
27 26 7 7 6
28 26 25 25 24
29 26 36 36 34
30 26 35 34 32
31 26 49 48 45
32 26 80 77 73
33 26 95 95 91
34 26 90 89 86
35 26 57 57 55
25 27 50 47 43
26 27 34 31 28
27 27 13 12 11
28 27 14 14 14
29 27 44 44 42
30 27 53 52 49
31 27 76 73 69
32 27 96 95 92
33 27 79 79 76
34 27 56 55 54
26 28 40 35 32
27 28 32 29 27
28 28 27 26 24
29 28 43 43 41
30 28 71 69 65
31 28 93 90 86
32 28 86 84 82
33 28 53 53 51
27 29 49 45 41
28 29 50 47 43
29 29 64 61 57
30 29 94 91 86
31 29 79 78 76
32 29 56 55 53
28 30 51 45 40
29 30 84 77 71
30 30 71 68 65
31 30 57 55 53
29 31 47 39 34
30 31 47 39 33
