28 0 172 175 173
29 0 183 186 184
30 0 192 194 193
27 1 182 185 183
28 1 187 189 188
29 1 190 192 190
30 1 193 195 193
31 1 194 196 194
26 2 182 185 182
27 2 189 190 188
28 2 194 190 187
29 2 199 189 187
30 2 198 194 192
31 2 195 196 194
32 2 195 197 195
33 2 195 197 195
25 3 182 185 183
26 3 189 190 188
27 3 192 191 188
28 3 202 182 180
29 3 208 165 162
30 3 205 180 178
31 3 202 191 189
32 3 197 195 193
33 3 196 197 195
34 3 198 199 197
35 3 198 200 198
24 4 183 185 183
25 4 188 189 187
26 4 193 188 186
27 4 198 183 181
28 4 201 184 182
29 4 208 162 161
30 4 211 145 145
31 4 209 165 164
32 4 207 178 177
33 4 203 190 188
34 4 200 197 195
35 4 200 201 199
36 4 200 202 200
23 5 183 185 183
24 5 188 188 186
25 5 192 187 185
26 5 199 176 175
27 5 204 157 156
28 5 205 160 160
29 5 206 163 165
30 5 209 151 153
31 5 210 135 134
32 5 210 146 144
33 5 209 168 166
34 5 205 192 190
35 5 200 201 198
36 5 200 202 200
37 5 200 203 200
38 5 201 203 201
22 6 183 184 182
23 6 187 187 185
24 6 192 188 186
25 6 199 176 174
26 6 203 158 158
27 6 202 168 170
28 6 204 161 163
29 6 205 154 155
30 6 205 169 169
31 6 203 180 178
32 6 203 186 185
33 6 202 193 191
34 6 200 197 194
35 6 199 201 198
36 6 200 202 199
37 6 201 203 201
38 6 202 204 201
39 6 203 205 203
21 7 183 184 182
22 7 187 186 184
23 7 190 184 182
24 7 196 175 173
25 7 200 152 151
26 7 203 153 154
27 7 202 166 167
28 7 200 174 175
29 7 197 184 183
30 7 196 190 188
31 7 194 194 191
32 7 194 196 193
33 7 196 198 195
34 7 197 199 196
35 7 199 201 198
36 7 200 202 199
37 7 201 203 200
38 7 202 204 201
39 7 203 205 202
40 7 204 205 202
41 7 205 206 202
20 8 181 183 180
21 8 186 185 183
22 8 190 182 179
23 8 194 168 167
24 8 198 160 159
25 8 199 137 137
26 8 200 156 156
27 8 197 181 180
28 8 192 185 183
29 8 188 188 186
30 8 188 189 187
31 8 190 192 190
32 8 193 195 192
33 8 195 198 195
34 8 197 199 196
35 8 198 200 197
36 8 200 202 199
37 8 201 203 200
38 8 202 204 201
39 8 204 205 202
40 8 204 205 202
41 8 204 203 198
42 8 196 191 183
19 9 180 181 179
20 9 184 183 180
21 9 187 180 178
22 9 192 165 163
23 9 195 149 149
24 9 195 169 169
25 9 195 170 170
26 9 194 177 176
27 9 189 185 184
28 9 176 177 175
29 9 160 162 159
30 9 148 151 148
31 9 168 171 168
32 9 190 192 190
33 9 195 197 195
34 9 197 199 196
35 9 198 200 197
36 9 200 202 199
37 9 201 203 200
38 9 202 204 201
39 9 203 204 201
40 9 203 203 199
41 9 201 198 191
42 9 196 191 183
43 9 199 195 188
18 10 180 179 176
19 10 182 180 178
20 10 186 177 175
21 10 190 155 153
22 10 193 122 120
23 10 194 122 121
24 10 194 157 157
25 10 193 173 172
26 10 188 184 183
27 10 174 175 173
28 10 129 132 129
29 10 67 69 67
30 10 50 52 50
31 10 114 118 115
32 10 180 183 180
33 10 194 197 194
34 10 197 199 196
35 10 199 200 197
36 10 199 201 198
37 10 200 202 198
38 10 202 203 200
39 10 202 202 198
40 10 201 199 193
41 10 200 196 190
42 10 197 195 191
43 10 201 201 198
17 11 176 174 170
18 11 180 178 174
19 11 184 173 169
20 11 187 154 151
21 11 189 111 109
22 11 190 88 87
23 11 193 107 107
24 11 193 161 160
25 11 189 180 179
26 11 185 185 183
27 11 162 164 162
28 11 75 77 75
29 11 6 7 7
30 11 13 14 13
31 11 108 112 110
32 11 180 183 180
33 11 195 197 194
34 11 197 199 196
35 11 198 199 196
36 11 199 200 197
37 11 200 201 198
38 11 201 202 198
39 11 199 197 192
40 11 197 193 187
41 11 187 186 183
42 11 187 187 185
43 11 193 193 191
16 12 168 163 156
17 12 176 174 169
18 12 180 175 170
19 12 184 159 154
20 12 189 135 133
21 12 189 113 113
22 12 189 94 93
23 12 192 106 105
24 12 192 166 165
25 12 187 185 183
26 12 184 186 183
27 12 164 166 163
28 12 97 99 97
29 12 64 66 65
30 12 93 95 94
31 12 163 165 163
32 12 190 193 190
33 12 195 197 194
34 12 197 199 196
35 12 198 200 196
36 12 199 200 197
37 12 200 201 197
38 12 198 197 191
39 12 195 192 186
40 12 168 166 162
41 12 116 117 114
42 12 168 168 166
43 12 185 186 183
44 12 196 196 194
16 13 166 161 154
17 13 169 165 159
18 13 177 173 168
19 13 182 165 161
20 13 187 141 137
21 13 188 117 115
22 13 189 121 120
23 13 190 123 121
24 13 190 171 170
25 13 186 185 183
26 13 186 187 185
27 13 181 183 180
28 13 163 165 163
29 13 163 165 163
30 13 172 174 172
31 13 189 191 188
32 13 194 195 192
33 13 195 197 193
34 13 196 198 194
35 13 197 198 195
36 13 198 199 195
37 13 197 196 191
38 13 196 193 187
39 13 176 175 171
40 13 78 78 77
41 13 73 74 72
42 13 169 169 167
43 13 184 185 182
44 13 189 190 187
17 14 136 131 125
18 14 161 158 152
19 14 176 173 168
20 14 183 167 164
21 14 188 148 145
22 14 189 133 131
23 14 190 132 131
24 14 188 174 171
25 14 186 187 184
26 14 186 188 185
27 14 188 189 187
28 14 188 190 187
29 14 189 191 188
30 14 190 192 189
31 14 193 195 192
32 14 195 196 193
33 14 196 197 194
34 14 196 197 194
35 14 197 197 194
36 14 196 194 190
37 14 195 192 186
38 14 190 189 186
39 14 134 135 133
40 14 43 44 42
41 14 139 140 137
42 14 180 181 178
43 14 181 182 179
44 14 178 179 176
17 15 48 44 40
18 15 103 100 94
19 15 152 150 145
20 15 177 175 171
21 15 183 174 171
22 15 187 158 155
23 15 190 147 144
24 15 187 176 173
25 15 186 186 183
26 15 187 188 185
27 15 188 190 187
28 15 189 191 188
29 15 191 192 189
30 15 191 193 190
31 15 193 194 191
32 15 194 195 191
33 15 196 196 193
34 15 195 196 192
35 15 196 194 190
36 15 195 191 185
37 15 193 191 187
38 15 185 185 182
39 15 142 143 141
40 15 133 134 131
41 15 172 173 170
42 15 182 182 179
43 15 180 181 178
44 15 172 172 170
45 15 183 183 181
18 16 48 45 41
19 16 75 72 68
20 16 144 142 137
21 16 176 175 171
22 16 183 178 174
23 16 187 172 169
24 16 187 181 178
25 16 187 187 184
26 16 187 188 185
27 16 189 190 187
28 16 190 191 188
29 16 191 192 189
30 16 192 193 190
31 16 193 194 191
32 16 194 195 191
33 16 195 196 192
34 16 195 193 188
35 16 195 190 184
36 16 194 192 188
37 16 188 188 185
38 16 184 184 181
39 16 174 174 172
40 16 176 176 173
41 16 180 181 178
42 16 178 178 175
43 16 176 176 174
44 16 171 171 169
45 16 176 176 174
19 17 50 48 45
20 17 47 45 42
21 17 133 132 126
22 17 175 174 169
23 17 183 182 178
24 17 185 185 181
25 17 187 187 184
26 17 188 188 185
27 17 189 190 186
28 17 190 191 188
29 17 191 192 189
30 17 192 193 189
31 17 193 193 190
32 17 193 194 190
33 17 194 192 186
34 17 193 188 182
35 17 193 190 186
36 17 188 187 184
37 17 186 185 182
38 17 183 183 180
39 17 180 180 177
40 17 178 179 176
41 17 177 178 175
42 17 176 176 173
43 17 173 173 170
44 17 168 169 166
45 17 164 164 162
20 18 53 51 48
21 18 50 48 45
22 18 122 120 115
23 18 172 171 166
24 18 184 184 180
25 18 187 187 184
26 18 188 189 185
27 18 189 190 186
28 18 190 190 187
29 18 192 192 189
30 18 192 192 188
31 18 193 193 189
32 18 192 190 185
33 18 192 187 180
34 18 192 188 183
35 18 186 186 182
36 18 184 183 180
37 18 182 182 179
38 18 180 180 177
39 18 178 178 175
40 18 177 178 175
41 18 174 174 171
42 18 172 172 169
43 18 169 170 167
44 18 167 168 165
45 18 150 151 148
46 18 162 163 160
21 19 55 54 51
22 19 50 49 47
23 19 104 103 98
24 19 166 165 160
25 19 184 184 180
26 19 188 188 184
27 19 189 189 186
28 19 190 190 186
29 19 191 191 187
30 19 191 191 187
31 19 191 189 184
32 19 191 185 178
33 19 191 187 182
34 19 185 184 181
35 19 184 184 180
36 19 181 181 178
37 19 179 179 176
38 19 177 178 174
39 19 175 175 172
40 19 172 173 170
41 19 171 172 168
42 19 168 169 165
43 19 167 168 165
44 19 160 161 158
45 19 127 129 127
21 20 55 54 51
22 20 54 53 50
23 20 54 53 50
24 20 87 85 81
25 20 159 158 152
26 20 184 183 179
27 20 188 188 184
28 20 189 190 186
29 20 190 190 185
30 20 190 188 182
31 20 189 183 176
32 20 189 185 179
33 20 185 184 180
34 20 183 182 179
35 20 180 180 177
36 20 178 177 174
37 20 175 175 172
38 20 175 175 172
39 20 173 173 170
40 20 170 170 167
41 20 168 168 165
42 20 165 166 162
43 20 161 162 159
44 20 143 144 142
45 20 57 58 57
22 21 52 51 48
23 21 52 51 49
24 21 51 51 49
25 21 70 68 65
26 21 148 146 140
27 21 182 180 175
28 21 188 186 181
29 21 188 184 179
30 21 187 180 172
31 21 189 184 178
32 21 184 182 178
33 21 181 180 176
34 21 178 177 174
35 21 177 176 173
36 21 175 175 172
37 21 173 173 170
38 21 172 172 169
39 21 169 169 166
40 21 167 167 164
41 21 166 166 163
42 21 161 162 159
43 21 140 142 140
44 21 58 59 58
23 22 54 52 49
24 22 52 51 49
25 22 55 54 52
26 22 54 52 50
27 22 138 133 126
28 22 179 172 164
29 22 183 172 163
30 22 186 179 172
31 22 181 179 174
32 22 181 180 176
33 22 179 178 174
34 22 176 176 172
35 22 175 175 171
36 22 172 172 169
37 22 171 170 167
38 22 168 168 165
39 22 167 166 163
40 22 165 165 161
41 22 161 162 159
42 22 142 143 141
43 22 59 60 59
24 23 49 48 46
25 23 53 53 50
26 23 55 55 53
27 23 49 48 46
28 23 120 109 100
29 23 173 161 151
30 23 179 175 169
31 23 179 177 173
32 23 178 176 173
33 23 175 174 170
34 23 172 172 168
35 23 171 171 168
36 23 168 168 164
37 23 165 165 162
38 23 164 164 160
39 23 163 163 159
40 23 160 160 157
41 23 144 145 142
42 23 60 60 59
26 24 56 55 53
27 24 56 55 53
28 24 51 50 48
29 24 142 135 129
30 24 172 168 162
31 24 176 174 170
32 24 176 174 170
33 24 172 171 167
34 24 170 169 165
35 24 165 165 161
36 24 146 147 144
37 24 143 143 140
38 24 159 159 155
39 24 161 160 157
40 24 143 143 140
41 24 59 60 58
27 25 56 56 54
28 25 53 53 51
29 25 70 68 65
30 25 156 151 145
31 25 171 168 164
32 25 172 170 166
33 25 169 168 164
34 25 163 163 159
35 25 132 132 128
36 25 77 77 75
37 25 120 120 116
38 25 156 156 152
39 25 149 149 146
40 25 60 60 58
28 26 54 53 51
29 26 53 53 50
30 26 105 102 99
31 26 164 160 155
32 26 168 166 161
33 26 165 164 160
34 26 146 146 142
35 26 68 68 66
36 26 63 62 60
37 26 137 137 133
38 26 146 146 142
39 26 57 57 55
29 27 53 52 50
30 27 49 48 47
31 27 125 122 117
32 27 159 156 150
33 27 159 157 153
34 27 124 123 119
35 27 70 69 66
36 27 119 118 113
37 27 141 140 136
38 27 53 53 51
30 28 52 51 49
31 28 68 67 65
32 28 138 133 128
33 28 153 150 145
34 28 135 133 128
35 28 133 131 125
36 28 138 136 131
37 28 112 111 107
31 29 53 52 50
32 29 98 95 92
33 29 142 137 131
34 29 146 143 136
35 29 143 140 134
36 29 119 117 112
33 30 137 132 126
34 30 137 131 125
35 30 120 116 111
34 31 123 115 108
35 31 38 34 31
