33 0 181 177 169
34 0 174 166 155
31 1 189 189 187
32 1 191 191 188
33 1 192 190 185
34 1 188 183 175
35 1 182 175 165
29 2 186 187 184
30 2 193 194 191
31 2 193 194 192
32 2 192 193 191
33 2 187 188 185
34 2 190 189 184
35 2 190 186 180
36 2 186 179 171
28 3 192 193 191
29 3 193 194 192
30 3 193 194 192
31 3 186 187 185
32 3 160 161 159
33 3 131 132 130
34 3 159 160 157
35 3 188 187 184
36 3 192 187 182
37 3 192 182 174
26 4 191 191 189
27 4 192 193 191
28 4 195 196 193
29 4 195 196 194
30 4 190 191 188
31 4 154 155 153
32 4 66 66 65
33 4 22 22 22
34 4 63 64 63
35 4 159 160 158
36 4 191 190 187
37 4 194 189 183
38 4 192 181 173
24 5 190 191 188
25 5 192 193 191
26 5 194 195 193
27 5 195 195 193
28 5 195 196 193
29 5 195 196 194
30 5 192 193 190
31 5 169 170 168
32 5 86 86 84
33 5 10 10 10
34 5 56 56 55
35 5 142 143 141
36 5 188 189 186
37 5 195 193 190
38 5 194 188 183
39 5 193 182 174
22 6 186 187 185
23 6 189 191 189
24 6 193 194 192
25 6 195 195 193
26 6 195 195 193
27 6 195 195 193
28 6 195 195 193
29 6 195 195 193
30 6 194 194 192
31 6 189 189 187
32 6 164 164 162
33 6 128 129 126
34 6 158 159 156
35 6 183 184 182
36 6 194 194 191
37 6 195 195 193
38 6 195 193 189
39 6 195 189 183
40 6 194 183 176
21 7 188 190 188
22 7 190 191 189
23 7 189 191 189
24 7 186 187 185
25 7 188 189 187
26 7 190 191 189
27 7 194 195 192
28 7 194 195 192
29 7 194 194 192
30 7 194 194 192
31 7 193 193 191
32 7 190 191 188
33 7 186 187 184
34 7 190 191 188
35 7 193 194 191
36 7 195 195 193
37 7 196 195 193
38 7 195 195 192
39 7 195 193 189
40 7 194 188 183
41 7 194 184 176
19 8 181 183 182
20 8 189 191 190
21 8 191 193 191
22 8 187 189 187
23 8 163 165 163
24 8 126 128 125
25 8 135 137 135
26 8 157 159 157
27 8 187 188 185
28 8 193 193 191
29 8 193 193 190
30 8 193 193 191
31 8 189 189 187
32 8 187 188 186
33 8 190 191 189
34 8 193 194 191
35 8 194 194 192
36 8 195 195 193
37 8 195 195 193
38 8 195 195 192
39 8 196 195 193
40 8 196 193 190
41 8 195 189 184
42 8 193 183 176
18 9 147 147 144
19 9 175 178 177
20 9 192 195 194
21 9 192 194 192
22 9 173 174 172
23 9 91 92 90
24 9 20 20 20
25 9 27 28 27
26 9 85 87 86
27 9 169 171 168
28 9 191 191 189
29 9 191 192 189
30 9 181 182 179
31 9 150 151 149
32 9 138 140 138
33 9 153 154 153
34 9 180 182 180
35 9 193 194 191
36 9 195 195 193
37 9 195 195 192
38 9 194 194 192
39 9 190 190 188
40 9 190 189 187
41 9 194 191 188
42 9 193 186 181
43 9 193 182 175
18 10 57 58 56
19 10 119 122 121
20 10 178 181 180
21 10 193 195 194
22 10 170 172 169
23 10 85 86 84
24 10 19 19 18
25 10 18 19 18
26 10 96 98 97
27 10 170 171 169
28 10 190 191 188
29 10 187 187 185
30 10 153 153 150
31 10 63 63 62
32 10 21 22 21
33 10 39 40 39
34 10 134 136 134
35 10 185 186 184
36 10 194 194 192
37 10 192 193 190
38 10 178 178 175
39 10 145 146 143
40 10 145 146 144
41 10 169 168 166
42 10 185 181 178
43 10 192 185 179
44 10 192 182 175
18 11 55 55 54
19 11 54 54 53
20 11 122 124 122
21 11 187 189 187
22 11 184 185 183
23 11 151 152 149
24 11 122 122 119
25 11 121 121 119
26 11 151 152 151
27 11 182 183 181
28 11 190 190 188
29 11 188 188 186
30 11 161 161 158
31 11 72 73 70
32 11 1 1 1
33 11 24 25 24
34 11 111 113 110
35 11 178 179 177
36 11 192 193 190
37 11 189 189 186
38 11 148 148 146
39 11 48 48 46
40 11 33 34 33
41 11 85 85 84
42 11 159 157 155
43 11 191 188 184
44 11 192 185 179
45 11 190 179 171
18 12 54 54 52
19 12 49 49 48
20 12 50 50 49
21 12 137 139 138
22 12 189 190 188
23 12 190 190 188
24 12 183 183 180
25 12 181 181 178
26 12 182 183 180
27 12 188 188 186
28 12 189 189 187
29 12 189 189 187
30 12 176 176 173
31 12 141 141 139
32 12 93 93 90
33 12 105 104 100
34 12 153 153 150
35 12 186 186 183
36 12 192 192 190
37 12 188 188 186
38 12 144 144 141
39 12 33 33 31
40 12 4 4 3
41 12 33 33 32
42 12 142 142 140
43 12 188 187 184
44 12 194 190 185
45 12 189 179 172
46 12 179 162 152
19 13 53 53 51
20 13 61 61 60
21 13 29 29 28
22 13 158 160 158
23 13 192 193 191
24 13 193 193 190
25 13 189 189 185
26 13 188 188 185
27 13 190 189 186
28 13 190 190 187
29 13 190 190 187
30 13 186 187 184
31 13 182 183 181
32 13 174 175 172
33 13 174 173 170
34 13 180 180 177
35 13 189 189 186
36 13 192 191 189
37 13 191 191 188
38 13 177 177 174
39 13 124 124 120
40 13 88 87 85
41 13 99 99 97
42 13 157 156 154
43 13 189 188 185
44 13 194 190 186
45 13 184 175 168
46 13 170 155 145
19 14 50 50 49
20 14 59 59 58
21 14 22 22 22
22 14 62 62 60
23 14 166 167 165
24 14 194 194 192
25 14 193 192 189
26 14 189 188 185
27 14 189 189 186
28 14 190 189 186
29 14 189 189 186
30 14 187 187 184
31 14 187 187 185
32 14 187 188 185
33 14 188 189 186
34 14 189 189 186
35 14 190 190 187
36 14 191 191 188
37 14 192 191 188
38 14 191 190 187
39 14 182 181 177
40 14 176 175 172
41 14 174 173 170
42 14 184 183 180
43 14 190 187 184
44 14 175 170 165
45 14 150 142 135
46 14 151 140 132
19 15 49 49 47
20 15 61 61 60
21 15 24 25 24
22 15 28 28 27
23 15 75 75 72
24 15 174 175 173
25 15 193 194 191
26 15 192 191 188
27 15 190 190 186
28 15 188 188 185
29 15 186 186 183
30 15 177 178 175
31 15 172 173 171
32 15 170 171 168
33 15 182 182 180
34 15 188 188 185
35 15 190 190 187
36 15 191 190 187
37 15 191 190 187
38 15 192 191 187
39 15 191 191 187
40 15 192 191 188
41 15 191 190 186
42 15 186 183 179
43 15 156 152 147
44 15 111 107 101
45 15 118 113 106
46 15 141 134 127
19 16 49 49 47
20 16 66 66 64
21 16 23 24 23
22 16 35 35 34
23 16 50 50 48
24 16 108 108 105
25 16 181 181 179
26 16 193 193 191
27 16 191 191 188
28 16 188 188 185
29 16 177 177 174
30 16 140 140 137
31 16 104 105 102
32 16 82 83 81
33 16 141 142 139
34 16 181 181 178
35 16 190 189 186
36 16 190 189 186
37 16 191 190 186
38 16 192 190 187
39 16 192 190 186
40 16 191 189 186
41 16 178 175 170
42 16 130 126 121
43 16 84 81 76
44 16 99 95 89
45 16 127 121 115
19 17 46 45 43
20 17 62 62 59
21 17 22 22 22
22 17 33 33 32
23 17 52 52 50
24 17 58 58 55
25 17 124 123 119
26 17 187 187 184
27 17 192 192 189
28 17 188 187 184
29 17 166 165 162
30 17 82 81 79
31 17 15 15 15
32 17 4 4 3
33 17 58 58 57
34 17 160 159 156
35 17 188 186 183
36 17 190 189 185
37 17 191 189 185
38 17 190 188 184
39 17 188 185 181
40 17 166 163 159
41 17 106 103 98
42 17 62 61 58
43 17 106 103 98
44 17 107 103 97
45 17 149 144 138
19 18 49 47 43
20 18 58 56 53
21 18 21 22 21
22 18 30 31 30
23 18 50 50 48
24 18 58 58 55
25 18 57 56 53
26 18 137 136 133
27 18 185 185 182
28 18 188 188 184
29 18 171 170 166
30 18 99 97 94
31 18 12 12 11
32 18 6 6 6
33 18 61 61 59
34 18 159 159 155
35 18 186 185 181
36 18 189 187 183
37 18 189 187 183
38 18 181 179 174
39 18 153 151 147
40 18 110 108 105
41 18 82 81 78
42 18 104 102 98
43 18 111 108 102
44 18 126 122 116
20 19 45 43 39
21 19 29 27 25
22 19 33 33 32
23 19 52 52 50
24 19 59 58 56
25 19 55 54 52
26 19 48 47 44
27 19 151 149 145
28 19 185 184 180
29 19 182 180 176
30 19 159 157 153
31 19 109 107 103
32 19 83 82 77
33 19 124 122 117
34 19 173 171 166
35 19 187 185 180
36 19 185 183 179
37 19 170 169 165
38 19 143 142 138
39 19 122 122 119
40 19 107 106 103
41 19 111 110 106
42 19 108 106 102
43 19 104 100 95
44 19 46 45 41
20 20 47 44 41
21 20 38 36 33
22 20 34 34 32
23 20 51 51 49
24 20 60 60 57
25 20 55 55 52
26 20 40 40 37
27 20 57 56 53
28 20 155 153 149
29 20 187 185 180
30 20 185 183 179
31 20 173 171 166
32 20 166 164 159
33 20 178 176 171
34 20 185 183 178
35 20 177 176 171
36 20 152 152 148
37 20 128 128 125
38 20 125 125 121
39 20 119 118 115
40 20 112 111 107
41 20 95 94 90
42 20 95 92 87
43 20 106 101 96
21 21 46 44 40
22 21 44 42 39
23 21 53 52 50
24 21 60 60 57
25 21 56 56 53
26 21 43 43 41
27 21 19 19 18
28 21 63 61 57
29 21 164 161 157
30 21 187 185 180
31 21 186 184 180
32 21 184 182 177
33 21 183 182 177
34 21 165 164 160
35 21 124 125 122
36 21 113 113 110
37 21 122 122 119
38 21 119 118 115
39 21 110 109 106
40 21 81 81 77
41 21 75 72 68
42 21 92 85 80
43 21 115 106 100
22 22 52 50 46
23 22 57 56 53
24 22 61 61 58
25 22 55 55 52
26 22 40 40 38
27 22 24 24 23
28 22 16 15 14
29 22 91 88 84
30 22 168 165 161
31 22 185 183 179
32 22 177 176 171
33 22 143 142 139
34 22 80 81 78
35 22 97 97 95
36 22 119 119 116
37 22 121 121 118
38 22 111 110 107
39 22 83 83 80
40 22 62 59 56
41 22 84 77 73
42 22 95 87 83
23 23 59 57 53
24 23 60 59 56
25 23 56 55 53
26 23 38 39 37
27 23 21 21 19
28 23 21 21 20
29 23 30 29 27
30 23 99 95 90
31 23 161 160 156
32 23 124 125 123
33 23 61 63 61
34 23 92 93 91
35 23 119 119 117
36 23 121 120 117
37 23 115 115 112
38 23 100 100 97
39 23 75 71 68
40 23 71 65 61
41 23 40 36 33
24 24 58 56 53
25 24 53 52 50
26 24 39 39 37
27 24 21 21 20
28 24 25 25 23
29 24 36 35 33
30 24 64 60 56
31 24 120 121 118
32 24 95 97 95
33 24 105 107 105
34 24 118 119 116
35 24 118 118 115
36 24 114 114 111
37 24 114 113 110
38 24 92 89 86
39 24 67 63 60
40 24 51 46 43
24 25 55 52 49
25 25 50 48 45
26 25 36 35 33
27 25 21 21 21
28 25 23 23 21
29 25 39 38 36
30 25 84 80 75
31 25 124 126 123
32 25 119 121 118
33 25 118 119 116
34 25 108 108 105
35 25 108 107 104
36 25 113 111 107
37 25 98 95 91
38 25 59 55 53
25 26 48 46 43
26 26 36 34 32
27 26 20 19 18
28 26 28 28 27
29 26 38 37 35
30 26 106 104 100
31 26 124 125 122
32 26 113 114 111
33 26 83 83 81
34 26 91 91 88
35 26 105 102 98
36 26 96 92 89
37 26 62 58 55
26 27 37 35 32
27 27 27 25 23
28 27 31 30 29
29 27 43 41 39
30 27 117 117 114
31 27 108 109 106
32 27 69 69 67
33 27 69 68 66
34 27 93 90 86
35 27 90 85 81
27 28 34 31 29
28 28 34 32 30
29 28 50 48 45
30 28 112 113 110
31 28 81 81 79
32 28 80 79 77
33 28 78 76 73
34 28 48 46 44
28 29 44 40 37
29 29 70 65 61
30 29 108 108 105
31 29 90 89 86
32 29 67 66 63
33 29 50 47 45
28 30 43 38 35
29 30 86 79 73
30 30 99 97 93
31 30 55 54 51
29 31 116 107 100
30 31 54 52 49
