33 0 182 177 169
34 0 174 166 155
31 1 189 189 187
32 1 191 191 188
33 1 192 190 185
34 1 188 183 175
35 1 182 176 166
29 2 186 186 183
30 2 192 193 190
31 2 193 194 192
32 2 193 193 191
33 2 188 188 185
34 2 190 188 184
35 2 190 186 180
36 2 186 179 172
28 3 192 193 191
29 3 193 194 192
30 3 194 195 192
31 3 188 189 187
32 3 164 165 163
33 3 133 134 132
34 3 155 156 153
35 3 187 186 183
36 3 192 187 182
37 3 192 182 174
26 4 190 191 189
27 4 192 193 191
28 4 195 196 193
29 4 196 197 194
30 4 192 193 190
31 4 162 163 161
32 4 78 79 77
33 4 22 22 22
34 4 54 55 54
35 4 152 153 151
36 4 190 189 186
37 4 194 189 184
38 4 192 182 175
24 5 190 190 188
25 5 193 193 191
26 5 195 196 193
27 5 195 196 193
28 5 196 196 194
29 5 196 196 194
30 5 193 194 192
31 5 176 176 174
32 5 103 104 101
33 5 13 13 13
34 5 43 43 42
35 5 131 132 129
36 5 185 185 183
37 5 194 193 190
38 5 193 188 183
39 5 193 182 175
22 6 185 187 184
23 6 189 191 189
24 6 193 194 192
25 6 195 195 193
26 6 195 195 193
27 6 195 195 193
28 6 195 196 193
29 6 195 195 193
30 6 194 195 192
31 6 191 191 189
32 6 170 171 169
33 6 128 129 127
34 6 152 153 150
35 6 180 181 179
36 6 193 193 190
37 6 195 195 192
38 6 194 193 190
39 6 195 189 184
40 6 194 183 176
21 7 189 191 189
22 7 190 192 190
23 7 190 192 190
24 7 187 188 186
25 7 187 188 186
26 7 190 191 189
27 7 194 194 192
28 7 194 195 193
29 7 194 194 192
30 7 194 195 192
31 7 193 194 191
32 7 191 192 189
33 7 186 187 184
34 7 189 190 187
35 7 193 193 191
36 7 195 195 192
37 7 195 195 193
38 7 195 194 192
39 7 194 193 189
40 7 194 188 183
41 7 194 183 176
19 8 177 179 177
20 8 188 190 189
21 8 192 194 192
22 8 190 192 190
23 8 170 172 170
24 8 131 133 131
25 8 128 130 129
26 8 149 152 150
27 8 182 183 181
28 8 192 193 190
29 8 193 193 191
30 8 193 194 191
31 8 190 190 188
32 8 187 188 186
33 8 190 191 189
34 8 192 193 191
35 8 193 194 191
36 8 195 195 192
37 8 195 195 192
38 8 195 195 192
39 8 195 195 192
40 8 195 193 190
41 8 194 188 183
42 8 193 182 175
19 9 171 173 171
20 9 191 194 193
21 9 194 196 194
22 9 182 184 182
23 9 116 118 116
24 9 27 28 27
25 9 19 20 19
26 9 60 62 61
27 9 156 157 155
28 9 189 189 187
29 9 192 193 190
30 9 185 186 184
31 9 159 160 158
32 9 136 137 135
33 9 150 151 150
34 9 174 176 174
35 9 192 193 190
36 9 195 195 193
37 9 195 195 192
38 9 194 194 192
39 9 191 191 188
40 9 189 189 186
41 9 193 191 188
42 9 192 186 181
43 9 192 182 175
19 10 93 94 93
20 10 168 171 170
21 10 194 197 195
22 10 181 183 181
23 10 113 115 112
24 10 32 33 32
25 10 10 10 10
26 10 68 70 69
27 10 157 159 157
28 10 188 189 187
29 10 189 190 187
30 10 167 168 165
31 10 89 89 87
32 10 21 21 20
33 10 31 32 31
34 10 113 114 113
35 10 179 180 178
36 10 193 194 191
37 10 193 193 191
38 10 183 184 181
39 10 152 152 149
40 10 143 144 142
41 10 165 165 163
42 10 182 179 176
43 10 191 184 179
44 10 192 181 174
19 11 55 56 54
20 11 100 102 101
21 11 178 181 180
22 11 189 191 189
23 11 163 164 161
24 11 131 132 129
25 11 117 118 115
26 11 141 142 141
27 11 176 177 176
28 11 189 190 187
29 11 190 190 188
30 11 174 174 171
31 11 104 104 101
32 11 12 12 12
33 11 11 11 11
34 11 84 85 83
35 11 167 168 166
36 11 191 192 189
37 11 191 191 189
38 11 164 164 162
39 11 68 68 66
40 11 32 33 32
41 11 72 73 72
42 11 147 145 144
43 11 188 185 182
44 11 192 185 180
45 11 190 178 170
19 12 52 52 51
20 12 67 67 66
21 12 108 110 108
22 12 181 183 181
23 12 192 193 191
24 12 185 185 183
25 12 182 182 179
26 12 182 182 179
27 12 187 187 185
28 12 189 189 187
29 12 190 190 188
30 12 182 183 180
31 12 154 154 151
32 12 107 107 104
33 12 99 98 95
34 12 138 138 135
35 12 180 180 177
36 12 192 192 189
37 12 191 191 188
38 12 162 162 159
39 12 60 59 57
40 12 5 5 5
41 12 18 18 18
42 12 121 121 119
43 12 184 183 180
44 12 194 190 185
45 12 190 180 174
46 12 183 168 158
19 13 55 55 54
20 13 58 59 57
21 13 23 23 22
22 13 123 124 122
23 13 188 189 188
24 13 195 195 192
25 13 191 190 187
26 13 189 188 185
27 13 190 189 186
28 13 190 190 187
29 13 190 190 187
30 13 187 188 185
31 13 184 185 182
32 13 176 176 174
33 13 173 173 170
34 13 176 176 174
35 13 187 187 184
36 13 192 191 189
37 13 192 191 189
38 13 183 183 180
39 13 142 142 138
40 13 87 86 83
41 13 92 93 90
42 13 141 141 139
43 13 185 184 182
44 13 193 190 187
45 13 187 179 173
46 13 173 158 149
19 14 52 52 50
20 14 64 64 63
21 14 23 23 23
22 14 28 28 27
23 14 142 143 141
24 14 190 191 189
25 14 194 194 191
26 14 190 190 186
27 14 189 189 186
28 14 190 190 187
29 14 189 189 186
30 14 187 188 185
31 14 187 188 185
32 14 187 188 185
33 14 188 188 186
34 14 189 189 186
35 14 190 190 187
36 14 191 190 188
37 14 192 191 188
38 14 192 191 188
39 14 184 184 180
40 14 176 175 171
41 14 173 172 169
42 14 180 179 176
43 14 189 187 184
44 14 181 177 172
45 14 150 143 137
46 14 156 146 139
19 15 50 50 49
20 15 61 62 60
21 15 25 26 25
22 15 24 24 24
23 15 47 47 45
24 15 159 160 158
25 15 192 192 190
26 15 193 193 190
27 15 191 191 187
28 15 189 188 186
29 15 188 188 185
30 15 181 181 178
31 15 174 174 172
32 15 171 171 169
33 15 177 177 175
34 15 187 187 184
35 15 190 190 187
36 15 191 190 187
37 15 191 190 187
38 15 192 191 187
39 15 191 190 187
40 15 192 191 188
41 15 191 190 186
42 15 188 186 182
43 15 168 164 160
44 15 120 114 109
45 15 100 95 89
46 15 141 134 127
19 16 50 50 49
20 16 55 55 53
21 16 21 22 21
22 16 34 35 34
23 16 48 48 46
24 16 71 70 67
25 16 165 165 163
26 16 193 193 191
27 16 193 192 189
28 16 190 189 186
29 16 184 184 181
30 16 158 158 154
31 16 116 116 114
32 16 85 86 84
33 16 115 116 113
34 16 172 172 169
35 16 188 188 185
36 16 190 189 186
37 16 191 190 186
38 16 192 190 186
39 16 191 190 186
40 16 192 190 186
41 16 183 180 176
42 16 143 139 134
43 16 84 82 77
44 16 97 93 88
45 16 113 107 101
19 17 47 46 44
20 17 52 53 51
21 17 21 21 21
22 17 31 31 30
23 17 52 52 50
24 17 58 58 55
25 17 81 80 76
26 17 170 170 168
27 17 193 193 190
28 17 190 190 187
29 17 180 179 176
30 17 125 125 122
31 17 32 32 31
32 17 6 6 5
33 17 20 20 19
34 17 130 130 127
35 17 183 182 178
36 17 190 188 184
37 17 191 189 185
38 17 190 188 184
39 17 189 186 182
40 17 178 175 171
41 17 124 120 115
42 17 67 65 62
43 17 101 98 93
44 17 109 104 98
45 17 138 134 127
19 18 48 46 43
20 18 53 51 48
21 18 20 21 20
22 18 30 31 30
23 18 49 49 47
24 18 58 58 56
25 18 58 57 54
26 18 98 97 93
27 18 175 175 172
28 18 190 190 187
29 18 183 182 179
30 18 138 136 133
31 18 42 41 40
32 18 6 6 5
33 18 22 22 22
34 18 127 127 124
35 18 181 180 176
36 18 189 187 182
37 18 189 187 182
38 18 183 181 177
39 18 165 162 158
40 18 114 113 109
41 18 80 79 76
42 18 99 97 93
43 18 108 105 99
44 18 122 118 111
19 19 51 48 45
20 19 41 39 36
21 19 25 24 22
22 19 35 35 34
23 19 52 52 50
24 19 59 58 56
25 19 56 56 53
26 19 51 50 47
27 19 109 108 103
28 19 177 176 173
29 19 186 185 181
30 19 172 170 166
31 19 135 133 129
32 19 87 85 81
33 19 99 98 93
34 19 157 154 150
35 19 184 182 178
36 19 186 183 179
37 19 178 176 172
38 19 153 152 148
39 19 128 128 124
40 19 106 106 103
41 19 109 108 104
42 19 107 104 100
43 19 101 97 92
44 19 144 140 134
20 20 46 44 40
21 20 35 33 30
22 20 34 34 32
23 20 53 53 51
24 20 60 60 58
25 20 56 56 54
26 20 46 46 43
27 20 29 29 27
28 20 120 118 114
29 20 181 179 175
30 20 187 185 181
31 20 180 178 173
32 20 166 164 159
33 20 173 170 165
34 20 183 181 176
35 20 182 180 175
36 20 163 162 158
37 20 133 133 129
38 20 123 123 119
39 20 119 118 115
40 20 110 109 106
41 20 93 92 88
42 20 93 89 84
43 20 111 106 101
21 21 46 43 40
22 21 45 43 41
23 21 54 54 52
24 21 60 60 58
25 21 57 57 55
26 21 48 48 46
27 21 24 24 22
28 21 20 20 18
29 21 133 130 126
30 21 182 179 175
31 21 188 186 181
32 21 185 182 178
33 21 185 183 178
34 21 173 172 167
35 21 136 136 132
36 21 116 117 114
37 21 119 118 115
38 21 119 119 115
39 21 111 110 107
40 21 80 79 76
41 21 81 77 74
42 21 95 88 83
43 21 111 106 100
22 22 53 51 48
23 22 58 57 54
24 22 61 61 59
25 22 56 56 53
26 22 43 43 41
27 22 28 28 27
28 22 13 13 12
29 22 29 28 26
30 22 144 141 136
31 22 181 179 175
32 22 183 182 177
33 22 164 163 159
34 22 107 108 105
35 22 86 87 85
36 22 115 115 112
37 22 118 118 115
38 22 111 110 107
39 22 79 78 75
40 22 67 64 61
41 22 75 70 66
42 22 45 42 40
23 23 59 57 53
24 23 60 59 57
25 23 56 56 54
26 23 41 41 39
27 23 20 20 19
28 23 22 22 21
29 23 23 23 21
30 23 61 57 53
31 23 141 138 133
32 23 145 145 142
33 23 82 83 80
34 23 82 83 81
35 23 115 115 113
36 23 118 117 114
37 23 116 116 113
38 23 95 94 91
39 23 73 69 66
40 23 71 65 62
41 23 47 42 39
23 24 57 54 50
24 24 59 57 54
25 24 54 53 50
26 24 41 41 39
27 24 22 22 21
28 24 21 21 20
29 24 35 34 32
30 24 43 41 38
31 24 114 115 112
32 24 100 101 99
33 24 99 100 98
34 24 114 115 112
35 24 115 115 113
36 24 114 114 111
37 24 109 108 105
38 24 86 83 80
39 24 76 72 68
24 25 56 54 50
25 25 51 49 46
26 25 35 35 33
27 25 23 23 22
28 25 20 20 19
29 25 37 36 34
30 25 65 63 59
31 25 122 123 121
32 25 119 120 117
33 25 117 118 115
34 25 105 105 102
35 25 107 106 104
36 25 112 110 106
37 25 94 91 87
38 25 58 56 54
25 26 48 45 42
26 26 36 34 32
27 26 18 17 16
28 26 28 28 27
29 26 38 37 35
30 26 87 84 79
31 26 125 126 123
32 26 114 114 112
33 26 83 83 81
34 26 92 91 88
35 26 99 96 93
36 26 83 80 77
37 26 62 58 55
26 27 37 35 32
27 27 25 23 21
28 27 30 29 28
29 27 44 43 40
30 27 101 99 95
31 27 110 111 108
32 27 73 73 71
33 27 73 72 70
34 27 87 85 82
35 27 93 87 83
27 28 35 32 29
28 28 34 32 30
29 28 47 45 43
30 28 109 108 105
31 28 84 84 82
32 28 84 83 81
33 28 73 72 69
34 28 50 48 46
27 29 45 41 37
28 29 45 42 38
29 29 68 64 59
30 29 108 108 105
31 29 89 88 84
32 29 72 71 68
33 29 51 49 47
28 30 45 40 36
29 30 93 86 80
30 30 93 91 88
31 30 56 55 53
29 31 146 138 132
30 31 48 44 41
