29 0 184 188 186
30 0 189 192 190
28 1 187 190 188
29 1 192 194 192
30 1 194 195 193
31 1 194 196 194
32 1 193 194 192
27 2 190 192 190
28 2 193 193 191
29 2 199 191 188
30 2 202 191 189
31 2 198 195 193
32 2 196 196 194
33 2 194 196 193
34 2 194 196 194
26 3 189 191 189
27 3 193 193 191
28 3 197 193 191
29 3 205 179 177
30 3 209 165 163
31 3 206 181 179
32 3 201 190 189
33 3 197 194 192
34 3 197 197 195
35 3 197 198 196
36 3 196 197 195
25 4 189 191 189
26 4 193 193 191
27 4 197 189 187
28 4 202 182 180
29 4 203 183 182
30 4 208 167 167
31 4 211 147 147
32 4 209 164 163
33 4 207 177 176
34 4 203 187 185
35 4 201 196 194
36 4 198 198 196
37 4 198 199 197
24 5 189 191 189
25 5 192 192 190
26 5 198 190 188
27 5 202 174 173
28 5 206 158 158
29 5 207 161 161
30 5 206 161 163
31 5 209 156 158
32 5 210 139 139
33 5 210 140 139
34 5 209 157 155
35 5 207 182 180
36 5 201 197 195
37 5 198 199 197
38 5 197 199 197
39 5 198 200 197
23 6 188 190 188
24 6 192 192 190
25 6 196 191 189
26 6 201 177 175
27 6 204 156 156
28 6 204 169 171
29 6 205 168 170
30 6 206 157 158
31 6 206 164 164
32 6 205 174 173
33 6 204 183 181
34 6 202 187 186
35 6 202 193 190
36 6 199 197 195
37 6 197 199 197
38 6 197 200 197
39 6 199 201 199
40 6 200 202 199
41 6 199 201 198
22 7 188 189 187
23 7 191 190 188
24 7 195 188 186
25 7 198 177 175
26 7 202 153 153
27 7 204 147 147
28 7 204 165 166
29 7 203 171 172
30 7 201 181 181
31 7 198 188 187
32 7 196 191 189
33 7 194 195 192
34 7 195 196 193
35 7 196 198 195
36 7 196 198 196
37 7 197 199 197
38 7 198 200 197
39 7 198 200 198
40 7 199 201 198
41 7 201 202 200
42 7 201 202 200
43 7 199 200 197
21 8 186 187 185
22 8 190 190 188
23 8 193 186 183
24 8 197 170 168
25 8 199 162 162
26 8 200 157 157
27 8 202 143 142
28 8 200 173 173
29 8 196 185 184
30 8 193 189 188
31 8 189 190 188
32 8 187 189 187
33 8 191 193 191
34 8 193 196 193
35 8 195 197 194
36 8 196 198 196
37 8 197 199 196
38 8 198 200 197
39 8 199 201 198
40 8 200 201 198
41 8 201 202 199
42 8 201 202 199
43 8 201 201 197
44 8 196 192 186
20 9 185 186 183
21 9 188 187 185
22 9 192 186 183
23 9 194 172 170
24 9 198 145 144
25 9 198 161 161
26 9 196 174 174
27 9 198 174 173
28 9 195 184 183
29 9 189 187 186
30 9 177 178 176
31 9 161 163 161
32 9 149 152 149
33 9 164 167 164
34 9 186 189 186
35 9 194 196 194
36 9 197 198 196
37 9 197 199 196
38 9 198 200 197
39 9 199 200 197
40 9 199 201 198
41 9 200 202 199
42 9 200 201 197
43 9 200 198 193
44 9 190 185 177
45 9 176 168 158
19 10 185 184 181
20 10 187 186 183
21 10 190 184 182
22 10 193 167 164
23 10 193 129 127
24 10 195 106 105
25 10 198 134 134
26 10 197 162 162
27 10 194 177 175
28 10 191 189 187
29 10 179 180 178
30 10 136 139 137
31 10 73 76 73
32 10 48 49 48
33 10 82 85 84
34 10 162 166 163
35 10 192 194 191
36 10 196 198 195
37 10 197 198 196
38 10 198 200 197
39 10 198 199 196
40 10 199 200 197
41 10 199 201 198
42 10 199 199 195
43 10 196 193 187
44 10 181 176 168
45 10 171 166 158
18 11 182 181 177
19 11 185 184 180
20 11 188 180 177
21 11 190 165 161
22 11 191 134 132
23 11 193 97 95
24 11 193 93 92
25 11 195 114 114
26 11 196 165 165
27 11 192 184 182
28 11 188 189 186
29 11 176 178 175
30 11 110 113 110
31 11 17 18 17
32 11 3 3 3
33 11 42 44 43
34 11 149 152 150
35 11 189 192 189
36 11 195 197 195
37 11 197 199 196
38 11 198 200 197
39 11 197 199 196
40 11 198 200 196
41 11 198 199 195
42 11 196 194 189
43 11 187 184 177
44 11 147 144 137
45 11 154 151 145
17 12 172 166 160
18 12 180 177 172
19 12 184 182 177
20 12 187 175 170
21 12 190 150 146
22 12 191 133 132
23 12 192 113 114
24 12 191 99 99
25 12 193 102 102
26 12 195 162 162
27 12 191 186 185
28 12 188 189 187
29 12 181 183 180
30 12 138 140 138
31 12 73 75 74
32 12 62 64 63
33 12 107 110 108
34 12 175 178 175
35 12 193 195 193
36 12 196 197 194
37 12 197 199 196
38 12 197 198 195
39 12 198 200 197
40 12 197 198 195
41 12 197 196 190
42 12 186 183 176
43 12 155 153 149
44 12 134 132 127
45 12 156 153 148
17 13 150 140 132
18 13 163 158 151
19 13 179 176 170
20 13 183 177 172
21 13 186 167 163
22 13 191 145 142
23 13 191 119 117
24 13 192 127 126
25 13 192 119 118
26 13 193 161 159
27 13 191 187 185
28 13 189 190 188
29 13 189 190 187
30 13 178 180 177
31 13 163 166 163
32 13 165 168 166
33 13 176 178 176
34 13 191 193 190
35 13 194 196 192
36 13 195 197 194
37 13 196 198 194
38 13 197 198 195
39 13 197 198 195
40 13 196 196 191
41 13 189 186 180
42 13 150 147 142
43 13 147 147 144
44 13 138 137 132
17 14 47 42 39
18 14 81 75 69
19 14 134 130 123
20 14 170 168 162
21 14 182 179 174
22 14 185 173 170
23 14 190 158 155
24 14 192 143 141
25 14 192 128 126
26 14 191 155 153
27 14 190 185 183
28 14 190 190 188
29 14 190 191 189
30 14 190 191 188
31 14 190 192 189
32 14 191 193 190
33 14 193 194 191
34 14 194 195 192
35 14 194 196 193
36 14 195 196 193
37 14 196 197 194
38 14 196 197 194
39 14 195 195 191
40 14 193 190 184
41 14 169 166 161
42 14 135 135 132
43 14 161 161 158
44 14 146 145 141
18 15 51 48 44
19 15 45 43 40
20 15 95 91 86
21 15 156 154 148
22 15 178 176 173
23 15 185 180 177
24 15 188 172 169
25 15 191 153 150
26 15 192 158 155
27 15 190 184 182
28 15 189 189 187
29 15 190 191 188
30 15 190 191 188
31 15 191 193 190
32 15 192 193 190
33 15 193 195 191
34 15 193 195 191
35 15 195 196 193
36 15 195 196 193
37 15 195 196 192
38 15 196 195 191
39 15 194 191 185
40 15 189 186 181
41 15 145 145 142
42 15 159 160 157
43 15 160 160 157
44 15 147 146 141
18 16 54 51 48
19 16 48 46 43
20 16 28 27 25
21 16 46 44 41
22 16 131 128 123
23 16 173 171 167
24 16 184 182 179
25 16 188 180 176
26 16 190 175 171
27 16 189 185 182
28 16 190 190 187
29 16 190 191 188
30 16 191 192 189
31 16 192 193 190
32 16 193 194 191
33 16 194 195 192
34 16 194 195 192
35 16 195 196 192
36 16 195 195 192
37 16 195 195 191
38 16 194 192 186
39 16 192 188 182
40 16 175 174 171
41 16 162 162 159
42 16 165 165 162
43 16 149 148 145
44 16 148 146 142
18 17 58 56 53
19 17 56 54 51
20 17 44 43 41
21 17 20 20 19
22 17 25 24 23
23 17 98 95 90
24 17 161 159 153
25 17 182 181 177
26 17 186 185 182
27 17 188 188 185
28 17 189 190 187
29 17 190 191 187
30 17 191 192 188
31 17 191 192 189
32 17 192 193 190
33 17 193 194 191
34 17 194 194 191
35 17 194 195 191
36 17 194 194 190
37 17 194 191 186
38 17 192 188 182
39 17 184 183 179
40 17 173 173 170
41 17 167 168 165
42 17 161 161 158
43 17 137 136 132
44 17 133 131 127
19 18 58 57 55
20 18 58 58 55
21 18 47 46 44
22 18 32 32 30
23 18 42 42 40
24 18 67 65 61
25 18 135 132 127
26 18 176 175 171
27 18 186 186 182
28 18 188 188 185
29 18 191 191 188
30 18 191 191 188
31 18 192 193 189
32 18 192 193 190
33 18 193 194 190
34 18 194 194 190
35 18 194 194 190
36 18 193 191 186
37 18 192 187 180
38 18 185 182 178
39 18 175 174 171
40 18 170 170 167
41 18 164 164 161
42 18 154 155 151
43 18 121 120 117
44 18 153 152 148
19 19 58 58 56
20 19 60 60 57
21 19 58 58 56
22 19 53 53 51
23 19 52 51 49
24 19 55 55 53
25 19 56 55 52
26 19 104 101 96
27 19 162 160 154
28 19 184 183 179
29 19 189 189 185
30 19 190 190 187
31 19 192 192 188
32 19 192 193 189
33 19 193 193 189
34 19 192 192 188
35 19 193 191 186
36 19 190 185 178
37 19 187 184 179
38 19 178 177 174
39 19 171 171 168
40 19 164 165 161
41 19 159 159 156
42 19 141 141 138
43 19 90 90 88
19 20 57 58 56
20 20 58 58 56
21 20 51 51 50
22 20 51 51 49
23 20 56 56 54
24 20 59 59 56
25 20 58 57 55
26 20 58 57 54
27 20 70 68 64
28 20 136 133 128
29 20 178 176 171
30 20 188 188 183
31 20 190 190 186
32 20 191 191 187
33 20 192 192 188
34 20 192 190 185
35 20 190 185 178
36 20 189 184 178
37 20 177 176 172
38 20 172 172 168
39 20 167 167 164
40 20 160 160 157
41 20 148 149 146
42 20 115 115 113
20 21 54 55 53
21 21 47 47 46
22 21 30 30 29
23 21 44 44 43
24 21 58 58 56
25 21 60 60 58
26 21 59 59 57
27 21 56 56 53
28 21 46 45 43
29 21 91 88 83
30 21 159 156 151
31 21 184 183 177
32 21 189 188 183
33 21 190 188 183
34 21 188 182 176
35 21 188 181 174
36 21 178 176 172
37 21 172 172 168
38 21 167 167 164
39 21 161 160 157
40 21 154 154 151
41 21 121 121 119
42 21 57 58 56
20 22 50 51 49
21 22 49 49 48
22 22 36 36 35
23 22 30 30 29
24 22 49 49 48
25 22 60 60 58
26 22 61 60 58
27 22 59 59 57
28 22 49 48 46
29 22 27 27 26
30 22 38 36 34
31 22 131 126 120
32 22 175 170 163
33 22 184 176 168
34 22 184 174 166
35 22 181 177 173
36 22 171 171 167
37 22 167 166 163
38 22 161 161 158
39 22 156 156 153
40 22 136 136 133
41 22 58 58 56
22 23 46 46 45
23 23 41 42 40
24 23 47 48 47
25 23 58 59 57
26 23 62 62 60
27 23 61 60 58
28 23 59 58 56
29 23 46 46 44
30 23 23 23 22
31 23 24 23 22
32 23 96 89 83
33 23 163 151 142
34 23 178 172 165
35 23 173 172 168
36 23 167 166 163
37 23 158 158 155
38 23 152 152 149
39 23 141 141 138
40 23 56 56 55
23 24 47 47 46
24 24 54 55 53
25 24 59 60 59
26 24 62 62 60
27 24 62 62 60
28 24 61 61 59
29 24 59 58 56
30 24 50 50 48
31 24 36 36 34
32 24 51 49 46
33 24 152 144 137
34 24 169 165 160
35 24 168 167 163
36 24 153 153 149
37 24 138 138 135
38 24 144 143 140
39 24 115 115 113
25 25 59 60 58
26 25 62 63 61
27 25 62 63 61
28 25 59 59 57
29 25 54 53 52
30 25 58 58 56
31 25 58 57 55
32 25 60 58 56
33 25 154 148 142
34 25 165 162 158
35 25 158 157 153
36 25 118 117 114
37 25 128 127 124
38 25 119 118 116
39 25 54 53 52
26 26 56 57 55
27 26 60 60 58
28 26 57 57 55
29 26 41 42 40
30 26 38 38 37
31 26 53 53 51
32 26 65 64 62
33 26 153 147 142
34 26 157 154 149
35 26 130 129 124
36 26 102 101 98
37 26 118 117 114
38 26 49 49 47
28 27 57 58 56
29 27 46 47 45
30 27 30 30 29
31 27 30 30 29
32 27 56 56 54
33 27 149 143 138
34 27 147 143 138
35 27 108 106 101
36 27 109 108 104
37 27 41 40 39
29 28 47 48 46
30 28 43 44 42
31 28 35 35 34
32 28 44 45 43
33 28 138 134 129
34 28 136 132 127
35 28 121 117 113
36 28 92 90 87
31 29 48 49 47
32 29 52 52 51
33 29 128 124 120
34 29 133 128 122
35 29 101 98 93
36 29 46 44 42
32 30 53 52 50
33 30 133 130 124
34 30 113 109 104
35 30 44 42 39
34 31 52 48 44
