29 1 156 144 134
30 1 161 151 144
31 1 171 164 158
32 1 176 171 167
28 2 167 159 149
29 2 168 161 152
30 2 173 168 161
31 2 176 171 166
32 2 178 173 168
33 2 178 174 169
27 3 173 164 155
28 3 175 169 161
29 3 177 173 166
30 3 179 176 169
31 3 179 175 169
32 3 177 174 168
33 3 177 174 169
34 3 180 177 173
35 3 182 180 177
27 4 179 174 166
28 4 182 178 172
29 4 185 182 177
30 4 184 181 176
31 4 182 179 174
32 4 180 178 172
33 4 179 176 171
34 4 179 177 173
35 4 182 181 177
36 4 184 183 180
37 4 185 183 182
26 5 182 177 169
27 5 185 181 175
28 5 188 186 181
29 5 188 186 182
30 5 187 185 181
31 5 186 184 180
32 5 184 182 177
33 5 183 181 176
34 5 182 181 176
35 5 181 181 177
36 5 183 182 179
37 5 183 183 180
38 5 183 183 181
39 5 182 183 181
25 6 184 178 171
26 6 186 183 177
27 6 189 187 183
28 6 190 189 184
29 6 189 188 184
30 6 189 188 184
31 6 188 188 184
32 6 188 187 183
33 6 187 186 183
34 6 185 185 181
35 6 184 184 180
36 6 183 183 179
37 6 183 183 179
38 6 183 183 180
39 6 184 185 182
40 6 184 185 183
24 7 183 175 167
25 7 187 183 177
26 7 188 186 182
27 7 179 179 175
28 7 169 168 164
29 7 174 173 169
30 7 186 185 182
31 7 190 190 187
32 7 189 189 187
33 7 185 185 182
34 7 178 179 176
35 7 180 180 177
36 7 185 185 182
37 7 185 185 182
38 7 184 184 181
39 7 183 183 180
40 7 181 181 179
41 7 182 183 182
42 7 181 183 182
23 8 182 169 156
24 8 186 175 165
25 8 192 186 181
26 8 188 187 183
27 8 157 157 154
28 8 83 82 80
29 8 85 85 81
30 8 142 142 138
31 8 181 181 178
32 8 189 190 187
33 8 177 177 174
34 8 128 128 126
35 8 117 117 114
36 8 158 159 156
37 8 182 182 180
38 8 185 186 183
39 8 175 176 173
40 8 149 150 146
41 8 161 162 160
42 8 176 177 176
43 8 182 184 183
44 8 180 182 181
23 9 133 125 112
24 9 174 167 158
25 9 193 187 181
26 9 194 190 186
27 9 175 173 170
28 9 108 108 105
29 9 39 39 39
30 9 57 57 56
31 9 155 156 153
32 9 189 190 187
33 9 183 184 181
34 9 132 133 130
35 9 47 48 47
36 9 63 63 61
37 9 150 151 148
38 9 184 185 182
39 9 172 173 171
40 9 100 101 100
41 9 61 62 60
42 9 129 131 129
43 9 173 175 173
44 9 183 185 183
45 9 178 180 179
22 10 62 57 50
23 10 68 64 58
24 10 75 73 69
25 10 141 140 135
26 10 184 182 178
27 10 193 190 186
28 10 178 175 170
29 10 151 150 147
30 10 135 135 132
31 10 167 167 164
32 10 192 192 190
33 10 194 194 191
34 10 182 182 180
35 10 152 153 151
36 10 115 116 114
37 10 145 147 145
38 10 187 188 186
39 10 187 188 186
40 10 163 164 163
41 10 108 110 109
42 10 80 82 81
43 10 157 159 157
44 10 184 186 184
45 10 183 184 183
46 10 169 170 168
22 11 60 56 51
23 11 63 61 57
24 11 55 55 53
25 11 54 55 53
26 11 81 81 79
27 11 160 160 157
28 11 187 185 181
29 11 194 191 187
30 11 191 189 186
31 11 195 194 191
32 11 197 197 194
33 11 197 197 195
34 11 196 196 193
35 11 191 191 189
36 11 185 186 183
37 11 186 187 185
38 11 194 194 192
39 11 193 193 191
40 11 190 191 189
41 11 180 181 179
42 11 170 171 169
43 11 178 180 178
44 11 185 187 185
45 11 186 188 186
21 12 59 55 50
22 12 64 61 56
23 12 61 60 57
24 12 34 34 33
25 12 20 21 20
26 12 18 18 18
27 12 50 51 49
28 12 119 120 117
29 12 174 173 169
30 12 195 193 190
31 12 200 197 193
32 12 200 198 195
33 12 199 198 195
34 12 199 199 196
35 12 198 198 195
36 12 197 197 194
37 12 197 197 194
38 12 196 196 194
39 12 196 197 194
40 12 194 195 192
41 12 194 195 193
42 12 193 194 192
43 12 192 193 191
44 12 192 193 191
45 12 188 189 188
21 13 60 56 51
22 13 61 59 56
23 13 51 51 50
24 13 18 18 18
27 13 21 21 20
28 13 56 57 55
29 13 83 83 81
30 13 134 135 132
31 13 182 181 178
32 13 197 195 191
33 13 199 197 193
34 13 199 198 195
35 13 199 198 195
36 13 198 198 196
37 13 198 198 195
38 13 197 198 195
39 13 197 198 195
40 13 196 197 194
41 13 195 196 194
42 13 196 196 194
43 13 195 196 193
44 13 193 194 192
20 14 59 55 50
21 14 61 58 53
22 14 61 60 57
23 14 55 55 53
24 14 30 31 30
25 14 8 8 8
27 14 14 15 14
28 14 51 51 50
29 14 70 71 69
30 14 73 73 71
31 14 84 84 82
32 14 154 155 152
33 14 189 188 184
34 14 200 197 193
35 14 200 198 194
36 14 199 199 196
37 14 199 199 196
38 14 199 199 197
39 14 198 199 196
40 14 198 199 196
41 14 197 198 195
42 14 198 198 196
43 14 196 197 195
44 14 194 195 193
20 15 59 55 50
21 15 62 59 55
22 15 61 60 57
23 15 60 60 58
24 15 50 51 49
25 15 33 33 32
26 15 22 22 21
27 15 31 31 30
28 15 52 52 50
29 15 63 63 61
30 15 64 64 62
31 15 65 65 63
32 15 65 65 63
33 15 90 91 88
34 15 164 163 160
35 15 194 192 188
36 15 200 198 194
37 15 200 198 195
38 15 200 200 197
39 15 199 200 197
40 15 200 200 198
41 15 199 200 197
42 15 200 200 198
43 15 198 199 197
19 16 58 52 47
20 16 60 56 51
21 16 61 59 56
22 16 61 61 59
23 16 62 61 59
24 16 60 60 58
25 16 55 56 54
26 16 52 53 51
27 16 55 55 53
28 16 60 60 58
29 16 61 61 59
30 16 62 62 60
31 16 61 62 60
32 16 64 65 63
33 16 70 71 68
34 16 70 70 68
35 16 129 130 127
36 16 176 175 172
37 16 196 194 190
38 16 200 198 194
39 16 200 199 196
40 16 201 201 198
41 16 201 201 198
42 16 200 200 198
43 16 198 199 197
19 17 58 53 49
20 17 59 56 52
21 17 60 59 56
22 17 61 60 58
23 17 61 61 58
24 17 61 61 58
25 17 61 61 59
26 17 60 60 58
27 17 60 61 58
28 17 61 62 59
29 17 60 61 58
30 17 61 61 59
31 17 63 63 61
32 17 63 63 61
33 17 64 64 62
34 17 72 72 70
35 17 74 74 72
36 17 84 84 82
37 17 135 136 133
38 17 183 182 178
39 17 198 196 192
40 17 200 198 194
41 17 201 200 196
42 17 200 200 197
43 17 199 199 197
19 18 58 54 49
20 18 60 58 54
21 18 61 60 57
22 18 61 60 58
23 18 60 60 57
24 18 60 60 58
25 18 61 60 58
26 18 60 60 58
27 18 61 61 58
28 18 59 60 57
29 18 61 61 59
30 18 62 62 60
31 18 61 61 59
32 18 62 62 60
33 18 65 66 63
34 18 66 66 64
35 18 67 67 65
36 18 71 71 69
37 18 72 72 70
38 18 82 82 80
39 18 160 161 158
40 18 188 187 183
41 18 196 194 190
42 18 196 194 189
18 19 57 52 47
19 19 58 54 50
20 19 62 60 57
21 19 61 60 57
22 19 60 60 57
23 19 60 60 57
24 19 60 59 57
25 19 59 59 57
26 19 60 60 58
27 19 60 59 57
28 19 59 60 57
29 19 61 61 59
30 19 60 60 58
31 19 61 61 59
32 19 62 62 60
33 19 61 62 59
34 19 62 63 60
35 19 64 64 62
36 19 65 65 62
37 19 64 64 62
38 19 68 68 66
39 19 67 68 66
40 19 123 126 124
41 19 167 169 168
42 19 187 182 174
18 20 57 52 46
19 20 58 55 51
20 20 61 59 57
21 20 60 59 57
22 20 60 59 57
23 20 59 59 57
24 20 60 60 57
25 20 59 58 56
26 20 59 59 56
27 20 59 59 57
28 20 59 60 57
29 20 59 60 57
30 20 60 60 58
31 20 60 60 58
32 20 59 59 57
33 20 61 61 58
34 20 61 61 59
35 20 61 62 59
36 20 61 61 59
37 20 62 62 59
38 20 63 64 61
39 20 79 80 78
40 20 146 149 148
41 20 92 96 95
17 21 55 47 41
18 21 57 51 45
19 21 65 61 57
20 21 59 58 55
21 21 60 59 56
22 21 59 58 56
23 21 59 59 56
24 21 59 59 56
25 21 59 59 56
26 21 59 58 56
27 21 59 58 56
28 21 59 59 57
29 21 59 59 57
30 21 59 59 57
31 21 59 59 57
32 21 59 59 57
33 21 59 59 57
34 21 59 59 56
35 21 60 59 57
36 21 60 60 58
37 21 62 62 60
38 21 64 64 62
39 21 134 136 134
40 21 101 104 103
41 21 65 67 67
17 22 48 38 32
18 22 53 46 41
19 22 57 54 50
20 22 59 57 54
21 22 59 58 55
22 22 59 58 55
23 22 59 59 56
24 22 59 59 56
25 22 58 58 55
26 22 58 58 56
27 22 59 58 56
28 22 59 58 56
29 22 59 59 57
30 22 58 58 56
31 22 58 58 56
32 22 59 59 57
33 22 58 58 56
34 22 59 59 57
35 22 60 60 58
36 22 61 60 58
37 22 62 62 60
38 22 105 106 104
39 22 133 135 134
40 22 65 67 66
18 23 47 41 36
19 23 52 48 44
20 23 55 53 49
21 23 57 55 53
22 23 58 57 54
23 23 59 58 55
24 23 58 57 55
25 23 58 57 55
26 23 58 58 55
27 23 57 57 55
28 23 58 58 56
29 23 58 58 56
30 23 58 58 56
31 23 57 57 55
32 23 58 58 56
33 23 58 57 55
34 23 59 58 56
35 23 60 59 57
36 23 60 60 58
37 23 77 77 75
38 23 149 151 149
39 23 64 66 65
20 24 50 47 44
21 24 53 51 47
22 24 55 53 51
23 24 58 56 53
24 24 58 57 54
25 24 58 57 54
26 24 57 57 54
27 24 57 57 54
28 24 57 57 55
29 24 53 53 52
30 24 49 49 48
31 24 49 49 47
32 24 53 53 51
33 24 57 56 54
34 24 58 58 56
35 24 60 60 57
36 24 63 63 60
37 24 136 137 135
38 24 107 109 108
39 24 64 66 65
21 25 47 44 40
22 25 51 48 45
23 25 53 51 48
24 25 56 54 51
25 25 57 56 53
26 25 58 57 54
27 25 57 56 54
28 25 55 54 52
29 25 38 38 37
30 25 21 21 21
31 25 19 19 18
32 25 30 30 28
33 25 49 49 47
34 25 57 57 55
35 25 60 59 56
36 25 111 111 109
37 25 127 129 127
38 25 64 65 64
23 26 48 45 42
24 26 52 50 46
25 26 53 51 48
26 26 55 54 51
27 26 56 55 52
28 26 52 52 49
29 26 32 32 31
30 26 7 7 7
31 26 1 1 0
32 26 10 10 9
33 26 35 35 34
34 26 55 55 52
35 26 81 81 78
36 26 142 143 141
37 26 64 65 63
25 27 49 46 43
26 27 51 48 45
27 27 53 51 48
28 27 54 53 50
29 27 42 41 39
30 27 15 15 14
31 27 3 3 3
32 27 8 8 7
33 27 28 28 26
34 27 60 60 57
35 27 133 133 131
36 27 106 107 105
37 27 63 64 63
27 28 49 46 42
28 28 50 47 44
29 28 48 47 44
30 28 39 38 36
31 28 29 28 26
32 28 32 31 29
33 28 42 41 38
34 28 104 103 99
35 28 121 122 119
36 28 63 64 62
28 29 44 41 38
29 29 47 44 40
30 29 49 47 44
31 29 49 47 43
32 29 51 49 46
33 29 76 74 70
34 29 128 127 122
35 29 60 59 57
30 30 44 40 37
31 30 46 43 39
32 30 55 52 48
33 30 117 114 108
34 30 94 92 87
35 30 57 56 53
32 31 74 68 62
33 31 115 110 104
34 31 54 52 49
