32 0 183 179 172
33 0 180 172 162
34 0 175 166 154
31 1 190 190 187
32 1 191 190 186
33 1 191 187 181
34 1 188 182 173
35 1 179 171 161
29 2 189 190 188
30 2 192 193 191
31 2 192 192 190
32 2 188 188 186
33 2 189 189 185
34 2 193 190 185
35 2 191 185 177
27 3 188 188 186
28 3 190 191 189
29 3 191 192 190
30 3 185 186 184
31 3 161 162 160
32 3 129 130 128
33 3 153 154 151
34 3 189 189 186
35 3 195 191 186
36 3 195 185 178
25 4 186 187 184
26 4 190 191 188
27 4 191 192 190
28 4 193 194 192
29 4 186 187 185
30 4 144 145 143
31 4 61 62 60
32 4 20 20 20
33 4 64 65 64
34 4 165 166 163
35 4 195 194 191
36 4 196 191 186
37 4 195 185 177
23 5 183 183 181
24 5 188 189 186
25 5 190 190 188
26 5 192 193 190
27 5 192 193 190
28 5 193 194 191
29 5 188 189 186
30 5 147 148 145
31 5 37 37 36
32 5 29 30 29
33 5 100 101 99
34 5 168 169 166
35 5 195 194 192
36 5 198 196 193
37 5 196 190 185
38 5 196 185 177
22 6 185 186 184
23 6 188 188 186
24 6 191 191 189
25 6 192 193 190
26 6 192 192 190
27 6 192 193 190
28 6 193 193 191
29 6 191 192 190
30 6 180 180 178
31 6 138 139 136
32 6 146 147 144
33 6 176 177 175
34 6 191 191 189
35 6 197 196 194
36 6 198 197 194
37 6 198 195 191
38 6 197 189 183
39 6 197 185 176
20 7 182 184 182
21 7 185 187 184
22 7 185 186 184
23 7 185 186 184
24 7 188 189 187
25 7 190 191 188
26 7 191 192 189
27 7 192 192 190
28 7 192 192 190
29 7 191 192 189
30 7 191 192 190
31 7 187 188 185
32 7 189 189 187
33 7 193 193 191
34 7 195 195 193
35 7 197 197 195
36 7 198 197 195
37 7 198 197 195
38 7 198 194 190
39 7 197 190 185
40 7 196 182 174
18 8 177 179 178
19 8 184 186 184
20 8 185 187 185
21 8 177 179 177
22 8 154 156 154
23 8 140 142 140
24 8 157 159 157
25 8 181 182 180
26 8 190 190 188
27 8 191 192 189
28 8 190 190 188
29 8 187 188 186
30 8 188 188 186
31 8 189 190 188
32 8 192 193 191
33 8 194 195 192
34 8 195 196 193
35 8 196 196 194
36 8 197 197 195
37 8 198 198 195
38 8 198 197 194
39 8 199 194 190
40 8 198 189 183
17 9 169 172 171
18 9 182 184 183
19 9 188 190 188
20 9 181 182 180
21 9 130 132 130
22 9 54 55 54
23 9 30 31 30
24 9 79 81 80
25 9 163 164 162
26 9 188 188 186
27 9 189 190 187
28 9 177 178 176
29 9 148 149 146
30 9 138 139 138
31 9 154 155 154
32 9 184 185 183
33 9 194 194 192
34 9 195 195 193
35 9 195 196 193
36 9 195 195 192
37 9 190 190 188
38 9 190 190 188
39 9 195 194 191
40 9 197 192 187
41 9 198 188 181
17 10 46 45 44
18 10 180 184 183
19 10 187 190 188
20 10 172 174 172
21 10 98 100 98
22 10 13 13 13
23 10 17 17 17
24 10 99 101 100
25 10 169 171 168
26 10 187 188 185
27 10 180 181 178
28 10 137 137 134
29 10 50 51 49
30 10 21 22 22
31 10 52 53 52
32 10 154 156 154
33 10 190 191 189
34 10 194 195 192
35 10 190 191 188
36 10 166 167 164
37 10 133 134 132
38 10 138 139 137
39 10 168 168 166
40 10 188 185 182
41 10 197 191 186
42 10 196 186 179
18 11 141 145 144
19 11 181 184 182
20 11 178 179 177
21 11 135 136 133
22 11 101 102 99
23 11 111 112 111
24 11 153 154 153
25 11 181 182 180
26 11 188 188 186
27 11 180 180 178
28 11 129 129 126
29 11 21 21 21
30 11 9 9 8
31 11 65 67 65
32 11 151 153 150
33 11 189 190 187
34 11 193 193 191
35 11 178 178 176
36 11 106 106 103
37 11 26 26 26
38 11 26 26 26
39 11 100 100 99
40 11 176 174 172
41 11 197 193 190
42 11 197 189 183
43 11 195 182 174
19 12 161 164 163
20 12 185 187 185
21 12 181 182 179
22 12 174 174 171
23 12 175 175 172
24 12 180 180 177
25 12 186 186 184
26 12 187 187 185
27 12 181 182 179
28 12 155 155 153
29 12 105 105 103
30 12 97 95 92
31 12 134 134 131
32 12 177 177 175
33 12 191 191 188
34 12 192 192 190
35 12 171 171 168
36 12 75 75 73
37 12 9 9 9
38 12 15 15 15
39 12 90 90 89
40 12 176 175 173
41 12 197 195 192
42 12 198 192 187
43 12 194 182 174
44 12 186 168 157
19 13 94 97 96
20 13 173 175 173
21 13 189 189 187
22 13 188 187 184
23 13 185 184 181
24 13 186 186 182
25 13 186 186 183
26 13 186 186 183
27 13 185 186 183
28 13 181 182 179
29 13 175 175 172
30 13 172 172 169
31 13 177 177 175
32 13 188 187 185
33 13 191 191 188
34 13 192 191 189
35 13 185 184 181
36 13 142 141 138
37 13 95 95 92
38 13 100 100 98
39 13 143 143 140
40 13 186 186 183
41 13 196 194 191
42 13 194 189 184
43 13 183 172 164
44 13 178 165 155
20 14 136 138 137
21 14 182 182 180
22 14 189 189 186
23 14 186 186 183
24 14 186 185 182
25 14 187 186 183
26 14 185 185 182
27 14 185 185 182
28 14 185 185 183
29 14 185 186 183
30 14 186 186 184
31 14 189 189 186
32 14 190 190 187
33 14 192 191 189
34 14 192 192 189
35 14 192 192 188
36 14 185 185 181
37 14 179 179 175
38 14 178 177 174
39 14 186 185 181
40 14 194 192 189
41 14 188 184 180
42 14 163 157 151
43 14 146 139 132
44 14 176 169 161
20 15 42 42 40
21 15 153 154 152
22 15 188 189 186
23 15 188 188 185
24 15 186 185 182
25 15 185 184 182
26 15 181 181 178
27 15 174 174 171
28 15 169 169 167
29 15 170 170 168
30 15 183 183 180
31 15 188 188 185
32 15 189 189 186
33 15 191 190 187
34 15 192 191 187
35 15 193 192 189
36 15 193 193 189
37 15 193 192 189
38 15 193 192 189
39 15 189 187 183
40 15 175 171 167
41 15 124 119 114
42 15 106 102 97
43 15 140 135 129
44 15 172 166 160
21 16 94 95 94
22 16 170 170 168
23 16 190 190 187
24 16 187 187 184
25 16 184 183 180
26 16 165 165 162
27 16 124 124 121
28 16 93 93 91
29 16 93 94 92
30 16 161 162 159
31 16 186 185 183
32 16 189 188 185
33 16 191 190 186
34 16 192 190 187
35 16 193 192 188
36 16 193 191 188
37 16 193 191 187
38 16 183 181 176
39 16 144 140 135
40 16 74 72 67
41 16 34 33 31
42 16 83 81 77
43 16 138 134 128
44 16 167 162 155
21 17 45 44 44
22 17 123 124 122
23 17 184 185 182
24 17 187 187 184
25 17 179 178 175
26 17 131 130 127
27 17 45 45 43
28 17 8 8 7
29 17 15 15 14
30 17 125 125 122
31 17 181 180 176
32 17 189 187 183
33 17 190 189 185
34 17 191 189 185
35 17 192 190 186
36 17 188 186 182
37 17 171 169 165
38 17 122 120 115
39 17 42 41 38
40 17 17 17 16
41 17 68 68 65
42 17 112 109 104
43 17 132 129 123
44 17 166 161 154
22 18 42 42 40
23 18 154 154 151
24 18 187 186 183
25 18 178 177 174
26 18 128 127 124
27 18 26 25 24
28 18 6 6 5
29 18 38 38 37
30 18 141 141 137
31 18 183 181 177
32 18 188 186 181
33 18 190 188 184
34 18 189 187 183
35 18 179 177 174
36 18 153 152 148
37 18 129 128 125
38 18 89 88 85
39 18 59 59 57
40 18 84 83 81
41 18 112 112 107
42 18 116 114 108
43 18 132 130 123
44 18 158 154 147
22 19 41 40 39
23 19 84 83 81
24 19 170 170 166
25 19 180 179 175
26 19 163 161 157
27 19 113 112 107
28 19 84 82 78
29 19 121 119 114
30 19 169 167 162
31 19 185 183 178
32 19 188 186 182
33 19 183 183 179
34 19 162 162 158
35 19 136 136 132
36 19 128 127 124
37 19 126 125 122
38 19 114 114 111
39 19 114 113 110
40 19 117 117 113
41 19 119 118 113
42 19 118 116 111
43 19 123 121 115
44 19 152 148 141
23 20 47 46 46
24 20 130 129 125
25 20 181 179 174
26 20 182 180 176
27 20 171 169 164
28 20 166 164 159
29 20 177 174 169
30 20 185 183 178
31 20 183 182 178
32 20 165 165 162
33 20 135 136 132
34 20 132 132 128
35 20 129 129 125
36 20 127 127 124
37 20 127 127 124
38 20 124 123 120
39 20 123 123 119
40 20 118 117 113
41 20 113 112 107
42 20 101 100 96
43 20 112 110 106
44 20 140 135 129
23 21 45 45 44
24 21 55 54 52
25 21 158 156 152
26 21 185 183 179
27 21 183 181 176
28 21 183 181 176
29 21 182 181 177
30 21 170 170 166
31 21 126 127 123
32 21 91 92 89
33 21 115 116 113
34 21 128 128 125
35 21 128 127 124
36 21 127 126 123
37 21 125 125 121
38 21 124 123 120
39 21 118 117 114
40 21 102 101 97
41 21 62 61 58
42 21 56 55 53
43 21 104 100 96
44 21 132 123 116
45 21 153 147 140
24 22 42 42 41
25 22 103 101 98
26 22 172 170 166
27 22 184 183 179
28 22 179 179 176
29 22 148 149 147
30 22 82 83 81
31 22 23 23 22
32 22 64 65 64
33 22 116 117 115
34 22 127 127 124
35 22 126 126 122
36 22 125 124 121
37 22 123 123 120
38 22 120 119 116
39 22 104 103 100
40 22 54 53 50
41 22 30 29 28
42 22 79 75 71
43 22 100 93 88
44 22 117 105 97
45 22 151 135 125
25 23 39 39 38
26 23 130 130 127
27 23 160 161 158
28 23 127 128 125
29 23 64 65 63
30 23 20 21 21
31 23 59 61 60
32 23 108 109 108
33 23 125 125 123
34 23 126 125 123
35 23 125 125 122
36 23 122 121 118
37 23 122 122 119
38 23 116 115 113
39 23 87 87 84
40 23 65 63 61
41 23 77 72 68
42 23 84 78 73
43 23 106 95 88
25 24 48 47 47
26 24 42 42 41
27 24 130 131 129
28 24 115 117 115
29 24 85 87 86
30 24 96 98 97
31 24 113 114 112
32 24 124 125 122
33 24 124 124 121
34 24 123 123 120
35 24 122 121 118
36 24 121 120 117
37 24 120 119 116
38 24 118 117 114
39 24 105 102 98
40 24 91 86 82
41 24 75 69 65
42 24 53 47 43
26 25 42 40 39
27 25 114 116 113
28 25 126 128 126
29 25 122 124 121
30 25 124 125 122
31 25 124 124 122
32 25 121 122 119
33 25 114 114 111
34 25 110 111 108
35 25 118 118 115
36 25 119 118 115
37 25 117 115 112
38 25 109 105 101
39 25 102 97 92
40 25 59 55 52
26 26 44 44 44
27 26 49 49 48
28 26 127 128 125
29 26 127 128 125
30 26 124 125 122
31 26 115 115 113
32 26 87 87 85
33 26 61 62 60
34 26 86 86 84
35 26 114 113 110
36 26 115 112 108
37 26 101 97 93
38 26 101 95 89
27 27 41 41 41
28 27 121 121 118
29 27 125 126 123
30 27 116 117 114
31 27 70 70 68
32 27 30 30 29
33 27 53 54 53
34 27 100 99 96
35 27 103 99 95
36 27 86 82 78
37 27 62 57 53
28 28 62 62 60
29 28 122 122 120
30 28 99 100 97
31 28 61 62 60
32 28 72 72 69
33 28 85 83 80
34 28 93 91 87
35 28 58 56 53
28 29 48 47 45
29 29 128 128 126
30 29 112 111 109
31 29 102 101 97
32 29 82 81 77
33 29 85 82 78
29 30 107 107 105
30 30 104 101 97
31 30 103 99 93
32 30 58 55 51
30 31 50 49 48
