34 0 167 160 151
33 1 190 189 185
34 1 184 181 174
35 1 177 171 162
31 2 191 192 190
32 2 194 195 193
33 2 193 194 192
34 2 189 189 185
35 2 184 181 175
36 2 180 174 167
30 3 195 196 194
31 3 196 197 195
32 3 195 196 194
33 3 186 187 185
34 3 157 158 156
35 3 163 163 159
36 3 180 177 172
37 3 184 176 170
29 4 197 198 196
30 4 198 199 197
31 4 198 199 196
32 4 195 196 193
33 4 170 171 169
34 4 81 82 80
35 4 78 80 78
36 4 155 155 152
37 4 183 178 174
38 4 186 176 170
28 5 199 200 198
29 5 200 201 199
30 5 199 200 198
31 5 199 199 196
32 5 196 196 194
33 5 184 185 183
34 5 135 136 134
35 5 38 38 37
36 5 90 90 88
37 5 170 169 166
38 5 186 182 177
39 5 185 176 169
26 6 193 195 192
27 6 198 199 197
28 6 200 201 199
29 6 199 200 198
30 6 199 200 197
31 6 198 199 196
32 6 197 197 195
33 6 194 195 193
34 6 180 181 178
35 6 138 138 136
36 6 136 137 135
37 6 178 179 177
38 6 188 187 184
39 6 188 183 179
40 6 186 176 169
25 7 194 196 195
26 7 198 200 199
27 7 199 201 199
28 7 195 197 195
29 7 186 187 185
30 7 190 192 189
31 7 195 196 194
32 7 197 197 195
33 7 195 196 193
34 7 193 193 191
35 7 186 186 184
36 7 184 185 182
37 7 189 189 186
38 7 189 189 187
39 7 188 187 184
40 7 186 181 176
41 7 185 176 169
24 8 172 174 172
25 8 192 194 193
26 8 199 201 200
27 8 198 199 198
28 8 167 169 167
29 8 112 114 112
30 8 135 137 135
31 8 172 173 171
32 8 192 193 190
33 8 196 196 193
34 8 193 194 191
35 8 189 190 187
36 8 189 190 187
37 8 190 190 188
38 8 190 190 187
39 8 189 189 186
40 8 188 187 184
41 8 186 181 176
42 8 183 174 168
23 9 62 63 62
24 9 119 121 120
25 9 179 182 181
26 9 200 203 202
27 9 198 200 198
28 9 158 160 157
29 9 51 52 50
30 9 27 28 28
31 9 116 118 116
32 9 181 182 179
33 9 194 194 192
34 9 186 187 185
35 9 156 157 155
36 9 156 157 155
37 9 176 177 175
38 9 189 189 187
39 9 189 189 187
40 9 188 188 185
41 9 185 184 181
42 9 182 177 172
43 9 181 172 165
22 10 63 64 63
23 10 94 95 93
24 10 125 126 124
25 10 106 108 107
26 10 180 183 183
27 10 199 201 200
28 10 179 181 179
29 10 105 107 104
30 10 37 38 36
31 10 85 87 85
32 10 171 172 170
33 10 192 193 190
34 10 178 178 176
35 10 107 107 105
36 10 45 46 45
37 10 118 119 117
38 10 174 175 173
39 10 188 188 186
40 10 184 184 181
41 10 162 162 160
42 10 163 162 159
43 10 174 168 164
44 10 177 166 160
22 11 90 91 89
23 11 135 136 134
24 11 66 67 65
25 11 50 51 50
26 11 104 107 106
27 11 179 182 181
28 11 195 197 196
29 11 174 176 173
30 11 146 147 144
31 11 147 148 146
32 11 178 179 177
33 11 192 193 191
34 11 187 187 184
35 11 146 146 143
36 11 53 53 51
37 11 36 38 37
38 11 144 146 143
39 11 184 184 182
40 11 178 178 176
41 11 116 117 114
42 11 82 83 81
43 11 137 134 131
44 11 171 164 159
45 11 178 168 162
21 12 86 87 84
22 12 136 138 135
23 12 87 88 86
24 12 29 30 29
25 12 19 19 19
26 12 35 36 34
27 12 100 102 100
28 12 179 181 180
29 12 198 200 198
30 12 193 193 191
31 12 189 189 186
32 12 190 190 188
33 12 192 193 190
34 12 192 192 189
35 12 175 176 173
36 12 134 134 132
37 12 100 100 97
38 12 148 149 146
39 12 184 184 181
40 12 182 182 179
41 12 135 135 132
42 12 29 29 28
43 12 70 70 68
44 12 159 156 153
45 12 176 170 165
46 12 173 162 154
20 13 63 64 62
21 13 131 132 129
22 13 102 104 101
23 13 47 48 47
24 13 15 16 15
26 13 8 8 7
27 13 36 35 34
28 13 103 105 103
29 13 180 182 181
30 13 199 200 199
31 13 198 197 195
32 13 194 194 190
33 13 193 192 189
34 13 192 192 189
35 13 188 188 186
36 13 181 181 179
37 13 172 172 169
38 13 175 175 172
39 13 186 186 183
40 13 187 186 184
41 13 171 171 168
42 13 119 119 116
43 13 78 78 76
44 13 146 145 143
45 13 177 174 170
46 13 175 166 160
47 13 165 151 142
19 14 63 64 62
20 14 125 126 123
21 14 108 109 106
22 14 54 55 53
23 14 46 47 46
24 14 27 28 28
25 14 7 8 8
27 14 19 19 18
28 14 50 50 48
29 14 103 105 102
30 14 179 181 179
31 14 199 200 198
32 14 197 197 194
33 14 194 194 191
34 14 192 192 189
35 14 191 191 188
36 14 188 188 186
37 14 186 187 184
38 14 186 187 184
39 14 187 187 184
40 14 188 187 185
41 14 186 185 182
42 14 174 173 170
43 14 161 161 157
44 14 167 166 163
45 14 179 177 173
46 14 178 173 168
47 14 175 165 158
18 15 63 64 62
19 15 103 104 101
20 15 116 117 115
21 15 53 53 52
22 15 20 21 20
23 15 27 28 27
24 15 33 35 34
25 15 25 26 26
26 15 13 13 13
27 15 27 27 26
28 15 50 50 48
29 15 59 59 56
30 15 100 100 98
31 15 178 179 177
32 15 198 198 196
33 15 196 196 193
34 15 192 192 189
35 15 191 190 188
36 15 182 183 180
37 15 173 174 171
38 15 174 174 171
39 15 183 183 181
40 15 187 187 184
41 15 187 186 183
42 15 186 185 181
43 15 184 183 179
44 15 182 181 177
45 15 180 178 174
46 15 178 175 171
17 16 62 62 60
18 16 96 97 94
19 16 124 125 122
20 16 63 64 62
21 16 29 30 29
22 16 4 4 4
23 16 4 4 4
24 16 24 25 25
25 16 41 43 42
26 16 43 44 42
27 16 48 48 47
28 16 55 55 53
29 16 59 58 56
30 16 60 59 56
31 16 102 102 99
32 16 177 177 175
33 16 198 198 196
34 16 195 195 192
35 16 190 190 187
36 16 169 168 165
37 16 118 118 116
38 16 109 110 108
39 16 160 160 158
40 16 183 182 179
41 16 187 185 182
42 16 186 184 180
43 16 185 183 179
44 16 183 181 177
45 16 182 179 175
17 17 84 83 79
18 17 121 122 119
19 17 67 67 65
20 17 45 46 44
21 17 34 35 34
22 17 14 15 15
23 17 1 2 2
24 17 14 14 13
25 17 44 44 43
26 17 57 58 55
27 17 58 58 56
28 17 59 58 56
29 17 58 58 55
30 17 59 58 55
31 17 58 57 54
32 17 98 97 93
33 17 174 174 171
34 17 195 195 193
35 17 192 191 189
36 17 167 167 163
37 17 77 77 74
38 17 14 14 14
39 17 100 99 97
40 17 169 168 164
41 17 185 184 180
42 17 185 183 179
43 17 184 182 177
44 17 182 180 176
16 18 54 50 45
17 18 111 107 100
18 18 77 77 74
19 18 23 24 23
20 18 15 15 14
21 18 23 24 23
22 18 28 30 29
23 18 21 21 21
24 18 26 26 25
25 18 48 49 47
26 18 59 59 56
27 18 59 59 57
28 18 59 58 56
29 18 59 59 56
30 18 58 57 54
31 18 58 57 53
32 18 57 55 52
33 18 97 96 91
34 18 173 172 169
35 18 193 192 190
36 18 180 179 176
37 18 128 127 123
38 18 47 46 44
39 18 56 56 54
40 18 154 153 149
41 18 183 181 177
42 18 185 183 178
43 18 184 181 176
44 18 183 181 176
16 19 48 44 38
17 19 78 74 67
18 19 52 50 47
19 19 23 22 21
20 19 1 2 1
21 19 8 9 8
22 19 34 34 34
23 19 49 49 48
24 19 52 52 50
25 19 56 56 53
26 19 60 60 57
27 19 60 59 57
28 19 59 58 56
29 19 59 59 56
30 19 57 57 54
31 19 55 54 51
32 19 50 49 46
33 19 47 46 43
34 19 93 92 87
35 19 170 169 165
36 19 187 186 182
37 19 171 170 166
38 19 138 136 131
39 19 108 106 102
40 19 159 157 152
41 19 183 181 176
42 19 184 181 176
43 19 183 181 176
17 20 57 53 47
18 20 53 51 46
19 20 39 37 34
20 20 17 17 16
21 20 7 8 7
22 20 33 33 32
23 20 56 56 54
24 20 61 61 59
25 20 60 59 57
26 20 60 60 57
27 20 60 60 57
28 20 59 59 56
29 20 58 58 55
30 20 57 57 54
31 20 48 48 45
32 20 29 29 27
33 20 19 18 17
34 20 30 29 27
35 20 87 86 81
36 20 166 165 160
37 20 186 184 180
38 20 180 179 174
39 20 173 170 165
40 20 180 178 173
41 20 183 181 176
42 20 183 180 175
18 21 51 47 42
19 21 50 47 42
20 21 43 42 39
21 21 37 37 36
22 21 46 46 44
23 21 58 58 56
24 21 61 61 59
25 21 61 61 59
26 21 60 60 58
27 21 59 59 57
28 21 58 58 56
29 21 57 56 54
30 21 54 54 51
31 21 43 43 41
32 21 15 15 14
33 21 1 1 1
34 21 6 6 5
35 21 27 26 24
36 21 89 87 82
37 21 163 161 156
38 21 186 183 179
39 21 185 183 178
40 21 184 182 177
41 21 183 181 175
20 22 57 54 50
21 22 58 56 53
22 22 59 58 56
23 22 62 61 59
24 22 62 62 59
25 22 61 61 58
26 22 60 60 58
27 22 59 59 57
28 22 54 54 52
29 22 46 46 44
30 22 39 39 37
31 22 37 37 35
32 22 24 24 23
33 22 6 6 6
35 22 13 12 11
36 22 38 37 34
37 22 85 82 77
38 22 157 153 148
39 22 181 178 173
40 22 184 181 176
41 22 183 181 175
21 23 59 56 52
22 23 61 59 56
23 23 62 61 59
24 23 61 61 59
25 23 61 61 58
26 23 61 61 58
27 23 58 58 56
28 23 50 50 48
29 23 25 25 23
30 23 11 11 10
31 23 20 20 19
32 23 30 30 29
33 23 24 25 23
34 23 14 13 13
35 23 20 19 18
36 23 41 39 36
37 23 51 48 45
38 23 84 78 72
39 23 146 139 133
40 23 180 177 173
22 24 59 56 52
23 24 61 59 56
24 24 61 61 58
25 24 60 60 58
26 24 57 57 55
27 24 55 55 53
28 24 47 47 45
29 24 21 21 21
30 24 2 2 2
31 24 3 3 3
32 24 23 23 22
33 24 40 39 37
34 24 40 39 37
35 24 44 42 40
36 24 49 46 43
37 24 53 50 46
38 24 48 44 41
39 24 46 41 37
23 25 59 55 51
24 25 60 59 55
25 25 58 57 55
26 25 43 43 41
27 25 32 32 30
28 25 35 35 33
29 25 31 32 31
30 25 18 18 17
31 25 4 4 4
32 25 17 17 16
33 25 44 43 40
34 25 52 51 47
35 25 51 49 46
36 25 51 48 44
37 25 48 45 41
38 25 46 42 39
24 26 58 55 51
25 26 54 52 49
26 26 29 28 27
27 26 5 5 4
28 26 9 9 8
29 26 28 28 27
30 26 39 39 37
31 26 30 29 28
32 26 36 36 34
33 26 49 48 45
34 26 60 58 54
35 26 51 49 45
36 26 49 46 42
25 27 52 49 45
26 27 34 31 29
27 27 9 9 8
28 27 2 2 2
29 27 19 18 18
30 27 46 46 44
31 27 52 51 48
32 27 53 52 49
33 27 59 57 53
34 27 54 51 47
35 27 52 49 45
26 28 41 37 33
27 28 31 28 25
28 28 21 20 19
29 28 27 26 25
30 28 49 48 46
31 28 61 59 56
32 28 54 52 49
33 28 52 50 46
34 28 50 47 43
27 29 49 44 40
28 29 49 46 42
29 29 51 49 46
30 29 65 62 58
31 29 54 51 48
32 29 53 50 46
28 30 53 47 42
29 30 60 53 48
30 30 53 50 46
31 30 54 51 48
29 31 49 40 35
30 31 51 45 40
