34 0 166 159 150
33 1 183 182 179
34 1 183 179 173
35 1 174 168 159
32 2 182 183 181
33 2 193 193 191
34 2 190 190 187
35 2 183 180 174
36 2 178 171 164
31 3 169 170 168
32 3 194 195 193
33 3 192 193 191
34 3 171 172 170
35 3 162 162 158
36 3 178 175 169
37 3 182 172 165
29 4 166 166 164
30 4 167 167 165
31 4 195 195 193
32 4 198 199 197
33 4 190 191 189
34 4 138 139 137
35 4 73 74 72
36 4 152 151 147
37 4 181 176 171
38 4 183 174 167
28 5 119 118 116
29 5 164 164 162
30 5 194 195 193
31 5 200 201 199
32 5 198 199 196
33 5 195 195 193
34 5 172 173 171
35 5 91 91 89
36 5 75 76 74
37 5 164 162 159
38 5 183 179 174
39 5 183 174 167
27 6 105 104 102
28 6 156 156 154
29 6 191 192 190
30 6 201 202 200
31 6 200 201 198
32 6 199 199 197
33 6 197 198 196
34 6 192 192 190
35 6 166 166 164
36 6 120 120 118
37 6 167 168 166
38 6 185 184 181
39 6 185 179 174
40 6 183 172 165
26 7 118 117 115
27 7 147 147 145
28 7 190 191 190
29 7 200 202 200
30 7 194 196 194
31 7 188 190 188
32 7 194 195 192
33 7 197 197 195
34 7 195 195 193
35 7 191 191 189
36 7 181 182 179
37 7 185 186 183
38 7 187 187 184
39 7 185 183 180
40 7 182 177 172
41 7 181 170 163
25 8 116 115 113
26 8 139 138 136
27 8 181 182 181
28 8 200 202 200
29 8 198 200 198
30 8 161 163 161
31 8 114 116 114
32 8 154 156 154
33 8 189 190 187
34 8 195 196 193
35 8 193 193 191
36 8 189 190 187
37 8 188 189 187
38 8 188 188 186
39 8 187 187 184
40 8 184 183 179
41 8 182 176 171
42 8 179 168 160
24 9 103 102 100
25 9 137 136 134
26 9 147 146 144
27 9 176 179 178
28 9 199 202 201
29 9 200 202 200
30 9 163 165 163
31 9 49 50 49
32 9 59 61 59
33 9 159 161 158
34 9 192 192 190
35 9 188 189 186
36 9 160 161 159
37 9 163 165 163
38 9 182 183 181
39 9 187 187 185
40 9 185 185 182
41 9 182 180 176
42 9 178 172 168
43 9 176 165 158
23 10 107 105 103
24 10 123 121 119
25 10 149 148 146
26 10 135 136 134
27 10 82 83 82
28 10 176 179 178
29 10 199 202 201
30 10 185 187 185
31 10 116 117 114
32 10 39 39 38
33 10 129 131 129
34 10 186 187 185
35 10 184 184 182
36 10 119 120 117
37 10 61 62 61
38 10 146 148 145
39 10 182 183 180
40 10 183 184 181
41 10 165 165 163
42 10 165 162 159
43 10 172 165 160
44 10 174 161 154
22 11 96 95 93
23 11 129 127 126
24 11 147 147 144
25 11 133 134 132
26 11 64 65 63
27 11 50 50 49
28 11 70 71 70
29 11 176 178 177
30 11 197 199 198
31 11 181 183 181
32 11 149 150 147
33 11 155 156 155
34 11 186 187 185
35 11 190 190 188
36 11 159 159 156
37 11 63 63 61
38 11 71 72 71
39 11 164 165 162
40 11 180 181 178
41 11 134 135 132
42 11 97 96 95
43 11 147 142 139
44 11 170 162 158
45 11 171 159 151
21 12 104 102 100
22 12 127 125 122
23 12 150 149 147
24 12 131 132 129
25 12 61 62 61
26 12 22 22 21
27 12 16 16 15
28 12 30 30 29
29 12 75 75 74
30 12 176 178 177
31 12 199 200 199
32 12 195 196 193
33 12 190 190 187
34 12 192 192 189
35 12 193 193 190
36 12 183 183 180
37 12 142 143 140
38 12 101 101 99
39 12 159 160 157
40 12 182 182 180
41 12 155 155 152
42 12 52 52 50
43 12 94 92 90
44 12 163 159 155
45 12 171 163 156
20 13 82 79 77
21 13 132 132 130
22 13 148 147 145
23 13 124 125 123
24 13 69 70 68
25 13 32 32 32
26 13 4 4 4
27 13 1 1 1
28 13 5 5 4
29 13 32 32 31
30 13 83 83 81
31 13 177 179 177
32 13 199 200 199
33 13 198 198 195
34 13 194 194 191
35 13 193 192 189
36 13 191 191 188
37 13 183 183 181
38 13 172 172 169
39 13 175 175 172
40 13 184 184 181
41 13 177 177 174
42 13 135 134 131
43 13 80 80 77
44 13 150 149 146
45 13 172 166 161
46 13 166 155 148
19 14 67 65 63
20 14 135 135 132
21 14 142 142 140
22 14 116 117 114
23 14 65 66 64
24 14 51 52 51
25 14 41 42 42
26 14 13 14 14
28 14 1 1 1
29 14 17 17 16
30 14 51 51 48
31 14 96 97 94
32 14 176 177 176
33 14 199 200 198
34 14 197 197 194
35 14 194 193 191
36 14 191 191 188
37 14 189 189 186
38 14 186 187 184
39 14 185 185 182
40 14 186 186 183
41 14 185 184 181
42 14 176 176 172
43 14 158 158 154
44 14 163 162 159
45 14 174 171 167
46 14 171 166 161
18 15 76 73 71
19 15 137 137 135
20 15 142 142 140
21 15 110 111 109
22 15 48 49 47
23 15 19 19 18
24 15 22 22 22
25 15 35 36 36
26 15 35 37 36
27 15 16 16 16
28 15 11 11 11
29 15 29 30 28
30 15 51 51 49
31 15 63 63 60
32 15 100 100 97
33 15 175 176 173
34 15 197 197 195
35 15 197 197 194
36 15 193 193 190
37 15 187 187 184
38 15 176 177 174
39 15 172 172 170
40 15 182 182 179
41 15 185 184 181
42 15 184 183 180
43 15 181 180 177
44 15 178 177 173
45 15 176 173 169
46 15 173 170 165
17 16 40 38 37
18 16 138 138 135
19 16 138 138 135
20 16 107 107 105
21 16 59 59 58
22 16 22 22 22
23 16 1 1 1
24 16 1 1 1
25 16 14 14 14
26 16 40 41 41
27 16 45 46 45
28 16 44 44 43
29 16 49 49 47
30 16 56 56 54
31 16 59 58 56
32 16 62 62 59
33 16 99 99 95
34 16 174 174 171
35 16 196 197 195
36 16 195 195 192
37 16 187 186 184
38 16 152 152 149
39 16 102 103 100
40 16 151 151 148
41 16 180 180 176
42 16 184 182 179
43 16 182 181 177
44 16 180 178 174
45 16 178 176 171
17 17 132 131 128
18 17 135 135 132
19 17 95 96 93
20 17 50 51 50
21 17 46 48 46
22 17 32 33 33
23 17 8 9 9
25 17 7 7 7
26 17 36 36 35
27 17 56 57 55
28 17 59 59 57
29 17 58 58 56
30 17 59 59 56
31 17 58 58 55
32 17 58 58 55
33 17 62 61 57
34 17 94 93 88
35 17 171 171 167
36 17 194 194 192
37 17 190 190 187
38 17 153 153 149
39 17 41 41 39
40 17 72 72 70
41 17 159 158 155
42 17 182 181 176
43 17 182 180 176
44 17 180 177 173
45 17 179 177 173
16 18 131 125 117
17 18 126 122 114
18 18 88 88 84
19 18 33 33 32
20 18 13 13 13
21 18 17 17 17
22 18 29 30 30
23 18 29 30 30
24 18 16 16 16
25 18 23 23 22
26 18 44 44 43
27 18 57 58 55
28 18 59 59 57
29 18 60 60 57
30 18 59 58 56
31 18 59 58 55
32 18 58 57 54
33 18 58 57 53
34 18 60 59 55
35 18 91 89 84
36 18 168 167 163
37 18 192 191 188
38 18 176 176 172
39 18 111 110 106
40 18 38 38 36
41 18 132 131 127
42 18 179 177 173
43 18 182 180 175
44 18 180 177 173
16 19 56 51 45
17 19 77 73 67
18 19 54 53 50
19 19 24 24 22
20 19 1 1 1
21 19 1 1 1
22 19 15 16 16
23 19 44 45 44
24 19 49 50 48
25 19 50 51 49
26 19 55 55 53
27 19 59 59 57
28 19 59 59 57
29 19 60 59 57
30 19 58 58 56
31 19 58 58 55
32 19 57 56 53
33 19 53 52 49
34 19 49 48 44
35 19 48 47 44
36 19 87 86 81
37 19 166 165 160
38 19 186 185 182
39 19 169 167 163
40 19 128 127 122
41 19 138 136 131
42 19 178 175 171
43 19 181 178 173
44 19 181 178 173
17 20 58 55 50
18 20 54 51 47
19 20 40 38 35
20 20 16 16 15
21 20 4 4 4
22 20 15 15 15
23 20 45 46 44
24 20 60 60 58
25 20 60 60 58
26 20 60 60 58
27 20 60 60 58
28 20 60 60 57
29 20 59 59 56
30 20 59 59 56
31 20 58 57 55
32 20 54 54 51
33 20 42 42 39
34 20 24 24 22
35 20 15 15 14
36 20 30 29 27
37 20 84 82 77
38 20 164 162 157
39 20 187 185 181
40 20 179 177 172
41 20 175 173 168
42 20 181 179 174
43 20 181 178 173
18 21 51 48 43
19 21 49 46 42
20 21 42 41 39
21 21 32 31 30
22 21 37 37 36
23 21 52 53 51
24 21 61 60 58
25 21 62 61 59
26 21 61 61 58
27 21 60 60 57
28 21 60 59 57
29 21 58 58 56
30 21 57 57 54
31 21 56 56 53
32 21 51 51 48
33 21 29 29 28
34 21 4 4 4
36 21 4 4 4
37 21 29 28 26
38 21 83 82 77
39 21 161 159 154
40 21 185 182 178
41 21 184 182 177
42 21 182 179 174
43 21 181 179 174
19 22 54 51 46
20 22 56 54 50
21 22 56 55 52
22 22 57 57 55
23 22 60 60 58
24 22 62 62 60
25 22 61 61 59
26 22 61 61 58
27 22 60 60 58
28 22 59 59 56
29 22 54 55 52
30 22 47 47 44
31 22 40 40 38
32 22 41 41 39
33 22 34 34 33
34 22 11 11 10
35 22 1 1 1
37 22 15 14 13
38 22 44 42 39
39 22 85 82 77
40 22 155 150 145
41 22 178 174 169
42 22 181 179 174
20 23 57 53 48
21 23 59 56 52
22 23 61 59 56
23 23 62 61 59
24 23 61 61 59
25 23 61 61 59
26 23 61 61 59
27 23 60 59 57
28 23 59 59 56
29 23 48 48 46
30 23 24 24 23
31 23 10 10 9
32 23 14 14 13
33 23 31 31 29
34 23 32 33 31
35 23 17 17 16
36 23 12 11 11
37 23 27 26 24
38 23 45 43 40
39 23 52 50 46
40 23 78 73 67
41 23 138 129 122
42 23 174 171 167
21 24 56 52 48
22 24 60 57 52
23 24 61 59 56
24 24 61 61 58
25 24 61 61 59
26 24 59 58 56
27 24 57 57 55
28 24 56 55 53
29 24 44 45 43
30 24 15 15 14
31 24 1 1 1
32 24 1 1 1
33 24 14 14 13
34 24 40 40 38
35 24 44 43 41
36 24 41 40 38
37 24 47 45 42
38 24 50 47 44
39 24 49 46 42
40 24 47 43 40
41 24 43 38 34
22 25 56 52 47
23 25 59 56 51
24 25 61 59 56
25 25 60 59 57
26 25 49 49 47
27 25 36 36 34
28 25 34 34 32
29 25 38 38 37
30 25 32 32 31
31 25 12 12 11
32 25 2 2 2
33 25 13 13 12
34 25 40 39 37
35 25 52 51 47
36 25 53 51 47
37 25 50 48 44
38 25 49 46 42
39 25 50 47 43
23 26 55 51 47
24 26 59 56 52
25 26 57 55 52
26 26 38 37 36
27 26 10 10 9
28 26 4 4 4
29 26 13 13 13
30 26 37 37 36
31 26 39 39 37
32 26 28 28 26
33 26 35 35 33
34 26 49 48 45
35 26 53 51 47
36 26 52 49 46
37 26 50 48 44
38 26 47 44 40
24 27 54 50 46
25 27 54 50 46
26 27 38 36 33
27 27 11 11 10
28 27 2 2 2
29 27 4 4 4
30 27 32 31 30
31 27 52 51 49
32 27 52 51 49
33 27 52 51 48
34 27 53 51 47
35 27 51 49 45
36 27 53 50 47
25 28 49 45 41
26 28 42 38 34
27 28 31 28 25
28 28 21 20 19
29 28 19 18 17
30 28 39 39 37
31 28 53 52 50
32 28 55 53 50
33 28 53 51 47
34 28 52 50 46
35 28 48 46 42
26 29 43 38 34
27 29 48 43 39
28 29 48 45 41
29 29 48 46 43
30 29 53 51 48
31 29 54 52 49
32 29 54 52 48
33 29 54 52 48
27 30 51 45 41
28 30 53 47 42
29 30 54 48 44
30 30 53 49 45
31 30 52 49 46
29 31 49 41 36
30 31 52 46 41
