29 0 182 185 183
30 0 187 190 189
31 0 192 195 194
29 1 191 194 192
30 1 194 196 194
31 1 195 196 194
32 1 195 196 194
33 1 192 194 192
28 2 191 194 191
29 2 195 196 194
30 2 201 195 193
31 2 204 191 188
32 2 199 194 192
33 2 195 195 193
34 2 193 195 192
35 2 191 193 190
27 3 191 193 191
28 3 195 196 195
29 3 198 197 195
30 3 202 191 189
31 3 209 172 169
32 3 208 174 172
33 3 202 187 186
34 3 197 193 191
35 3 194 194 192
36 3 193 194 193
27 4 194 196 194
28 4 198 198 196
29 4 202 191 190
30 4 205 181 179
31 4 205 180 179
32 4 209 164 164
33 4 210 156 156
34 4 206 174 172
35 4 203 186 184
36 4 198 192 190
37 4 195 194 192
38 4 192 192 190
26 5 194 196 194
27 5 196 197 195
28 5 201 195 193
29 5 205 178 177
30 5 207 158 158
31 5 208 164 165
32 5 207 159 160
33 5 209 152 154
34 5 210 138 137
35 5 210 144 143
36 5 207 169 167
37 5 200 188 186
38 5 194 194 191
39 5 192 194 192
40 5 190 192 190
25 6 193 195 193
26 6 196 197 195
27 6 199 197 195
28 6 202 188 186
29 6 206 163 162
30 6 207 165 166
31 6 206 172 174
32 6 206 160 162
33 6 207 161 162
34 6 205 168 168
35 6 204 177 176
36 6 203 183 181
37 6 200 190 187
38 6 194 194 191
39 6 193 195 193
40 6 193 195 193
41 6 192 194 191
25 7 195 196 194
26 7 198 196 194
27 7 201 189 187
28 7 203 172 171
29 7 205 147 147
30 7 207 153 154
31 7 206 169 170
32 7 203 175 176
33 7 200 186 185
34 7 197 190 188
35 7 194 194 191
36 7 194 194 192
37 7 194 195 192
38 7 193 194 192
39 7 192 194 192
40 7 192 194 192
41 7 193 195 192
42 7 192 194 191
43 7 191 193 190
24 8 194 195 193
25 8 196 196 194
26 8 198 191 189
27 8 201 172 170
28 8 202 161 161
29 8 202 164 164
30 8 204 153 152
31 8 202 177 177
32 8 197 188 187
33 8 193 192 190
34 8 190 192 189
35 8 189 191 188
36 8 191 194 191
37 8 192 195 192
38 8 192 195 192
39 8 193 195 192
40 8 193 195 192
41 8 193 195 192
42 8 193 194 191
43 8 192 194 191
44 8 191 192 188
45 8 188 186 181
23 9 192 192 190
24 9 195 195 193
25 9 197 193 191
26 9 198 180 177
27 9 200 151 149
28 9 200 153 153
29 9 200 175 175
30 9 200 176 176
31 9 198 187 185
32 9 193 191 190
33 9 180 182 180
34 9 163 166 163
35 9 154 157 155
36 9 173 176 173
37 9 189 191 188
38 9 193 195 192
39 9 193 195 192
40 9 193 195 192
41 9 194 195 192
42 9 192 194 191
43 9 193 194 191
44 9 192 192 188
45 9 186 183 176
46 9 166 159 148
23 10 192 192 189
24 10 195 192 190
25 10 196 184 181
26 10 196 152 149
27 10 197 110 108
28 10 199 113 112
29 10 200 148 148
30 10 199 171 170
31 10 196 188 186
32 10 188 189 187
33 10 159 161 159
34 10 88 90 88
35 10 51 53 51
36 10 95 98 96
37 10 166 169 166
38 10 191 193 190
39 10 193 195 192
40 10 193 195 192
41 10 193 195 191
42 10 192 194 191
43 10 192 194 190
44 10 191 191 186
45 10 185 180 172
46 10 172 164 153
22 11 190 189 185
23 11 193 192 188
24 11 193 185 181
25 11 195 163 159
26 11 195 129 127
27 11 195 102 101
28 11 196 100 100
29 11 198 128 128
30 11 198 173 172
31 11 195 191 189
32 11 189 190 188
33 11 162 164 161
34 11 65 67 65
35 11 4 4 4
36 11 29 30 30
37 11 131 135 133
38 11 186 188 186
39 11 192 194 191
40 11 193 195 192
41 11 193 194 191
42 11 192 194 191
43 11 192 193 190
44 11 190 188 183
45 11 185 180 172
46 11 178 169 157
21 12 177 171 164
22 12 184 181 176
23 12 191 189 185
24 12 191 183 178
25 12 194 161 157
26 12 195 141 139
27 12 195 123 124
28 12 194 104 104
29 12 195 106 105
30 12 198 162 161
31 12 194 189 187
32 12 191 192 190
33 12 178 180 177
34 12 129 132 129
35 12 68 71 69
36 12 67 69 68
37 12 144 147 145
38 12 187 190 187
39 12 193 195 192
40 12 193 194 191
41 12 194 195 192
42 12 193 194 191
43 12 191 191 187
44 12 189 186 180
45 12 184 179 170
21 13 101 88 80
22 13 155 147 139
23 13 179 175 169
24 13 187 184 179
25 13 189 180 175
26 13 193 166 162
27 13 195 136 133
28 13 195 128 126
29 13 195 129 128
30 13 196 148 147
31 13 195 186 184
32 13 192 192 190
33 13 189 191 188
34 13 178 180 177
35 13 162 165 162
36 13 164 167 165
37 13 180 182 180
38 13 192 194 191
39 13 193 195 192
40 13 193 195 191
41 13 192 194 191
42 13 192 193 190
43 13 190 190 185
44 13 187 183 176
45 13 184 177 167
21 14 54 51 47
22 14 59 55 51
23 14 117 110 103
24 14 163 159 153
25 14 183 180 175
26 14 187 182 178
27 14 192 175 172
28 14 195 162 159
29 14 195 145 143
30 14 194 135 133
31 14 194 176 174
32 14 192 192 189
33 14 192 193 191
34 14 191 193 190
35 14 190 192 189
36 14 190 192 189
37 14 192 193 190
38 14 193 194 191
39 14 192 194 190
40 14 193 195 191
41 14 192 194 190
42 14 192 192 188
43 14 189 186 180
44 14 186 181 173
20 15 56 54 51
21 15 60 58 54
22 15 51 48 45
23 15 36 34 32
24 15 59 56 52
25 15 133 129 123
26 15 171 169 163
27 15 186 183 179
28 15 190 184 181
29 15 193 176 173
30 15 194 158 154
31 15 195 168 165
32 15 192 188 186
33 15 192 193 190
34 15 191 193 190
35 15 193 194 191
36 15 193 194 191
37 15 192 194 190
38 15 193 194 191
39 15 192 194 190
40 15 193 194 191
41 15 193 193 190
42 15 192 191 186
43 15 188 184 177
44 15 187 181 173
20 16 59 58 55
21 16 57 55 52
22 16 41 40 37
23 16 13 12 11
24 16 9 9 8
25 16 22 21 20
26 16 87 83 78
27 16 152 148 142
28 16 179 177 172
29 16 187 185 181
30 16 191 184 180
31 16 193 179 176
32 16 192 188 185
33 16 192 193 190
34 16 192 193 190
35 16 193 194 191
36 16 193 194 191
37 16 193 194 191
38 16 193 194 191
39 16 192 193 190
40 16 193 193 190
41 16 192 192 188
42 16 190 187 181
43 16 187 181 172
19 17 63 62 60
20 17 61 61 58
21 17 66 64 61
22 17 48 47 44
23 17 23 23 21
24 17 4 4 3
25 17 3 3 2
26 17 23 23 21
27 17 48 47 44
28 17 108 104 98
29 17 162 160 154
30 17 183 181 177
31 17 188 187 183
32 17 190 190 187
33 17 192 192 189
34 17 192 193 190
35 17 193 193 190
36 17 193 194 190
37 17 193 194 191
38 17 193 193 190
39 17 192 193 189
40 17 193 193 189
41 17 191 190 185
42 17 188 182 175
43 17 187 179 169
19 18 64 64 62
20 18 67 66 64
21 18 65 65 62
22 18 57 56 54
23 18 46 45 43
24 18 29 29 27
25 18 18 18 17
26 18 28 28 27
27 18 48 48 46
28 18 55 54 51
29 18 64 63 59
30 18 136 133 126
31 18 170 168 163
32 18 186 185 181
33 18 190 191 187
34 18 192 193 189
35 18 192 193 189
36 18 193 193 190
37 18 193 194 190
38 18 192 193 189
39 18 192 192 188
40 18 192 192 188
41 18 190 187 181
42 18 188 180 171
18 19 64 65 64
19 19 64 64 62
20 19 62 62 59
21 19 61 60 58
22 19 59 59 56
23 19 58 58 56
24 19 54 54 52
25 19 48 48 46
26 19 51 50 49
27 19 55 54 52
28 19 56 56 53
29 19 58 57 54
30 19 57 56 52
31 19 81 79 74
32 19 143 140 134
33 19 178 176 171
34 19 188 188 184
35 19 191 191 188
36 19 191 192 188
37 19 192 192 189
38 19 192 193 189
39 19 191 192 187
40 19 190 189 184
41 19 189 182 175
42 19 187 177 167
18 20 64 65 64
19 20 67 68 66
20 20 64 65 62
21 20 52 52 50
22 20 55 55 53
23 20 59 59 56
24 20 60 60 58
25 20 58 58 56
26 20 58 58 56
27 20 59 58 56
28 20 59 58 56
29 20 58 58 55
30 20 58 58 55
31 20 58 57 54
32 20 57 55 52
33 20 103 100 95
34 20 160 157 152
35 20 182 180 175
36 20 189 188 184
37 20 190 190 186
38 20 192 192 188
39 20 191 191 186
40 20 189 185 179
41 20 186 178 168
42 20 184 171 159
18 21 63 65 63
19 21 62 63 61
20 21 41 41 40
21 21 19 19 18
22 21 25 25 24
23 21 46 46 45
24 21 58 59 57
25 21 60 60 58
26 21 60 60 58
27 21 60 59 57
28 21 60 59 57
29 21 59 59 56
30 21 59 58 56
31 21 58 57 55
32 21 50 49 47
33 21 41 40 38
34 21 37 37 35
35 21 110 107 102
36 21 166 164 158
37 21 185 183 178
38 21 189 187 182
39 21 189 185 180
40 21 187 179 171
41 21 185 173 163
18 22 59 60 59
19 22 67 68 66
20 22 49 50 48
21 22 20 20 20
22 22 4 4 4
23 22 22 23 22
24 22 52 52 51
25 22 60 60 59
26 22 61 61 59
27 22 61 61 59
28 22 61 60 58
29 22 60 60 58
30 22 60 59 57
31 22 58 58 55
32 22 47 46 44
33 22 20 20 18
34 22 7 7 6
35 22 16 16 15
36 22 56 54 51
37 22 140 136 130
38 22 171 166 159
39 22 183 174 166
40 22 180 168 158
41 22 182 167 155
19 23 59 59 57
20 23 58 59 57
21 23 47 48 46
22 23 32 33 32
23 23 31 32 32
24 23 50 52 51
25 23 60 61 59
26 23 62 62 60
27 23 61 61 59
28 23 61 61 59
29 23 61 61 59
30 23 61 61 59
31 23 60 60 58
32 23 55 54 52
33 23 33 32 31
34 23 11 10 10
35 23 3 3 3
36 23 13 13 13
37 23 45 44 42
38 23 100 95 89
39 23 149 136 126
40 23 174 158 146
21 24 58 59 57
22 24 56 57 56
23 24 57 58 57
24 24 60 61 60
25 24 62 63 61
26 24 62 62 60
27 24 62 62 60
28 24 62 62 60
29 24 61 61 59
30 24 61 61 59
31 24 62 61 59
32 24 61 61 59
33 24 55 54 52
34 24 42 41 40
35 24 31 31 30
36 24 28 28 27
37 24 65 63 60
38 24 129 122 116
39 24 59 53 48
22 25 59 60 58
23 25 61 62 61
24 25 63 64 62
25 25 64 64 62
26 25 64 64 62
27 25 63 63 61
28 25 62 62 60
29 25 57 57 55
30 25 56 56 54
31 25 59 59 57
32 25 62 62 60
33 25 62 62 60
34 25 61 60 58
35 25 58 58 56
36 25 69 67 65
37 25 131 126 121
38 25 92 86 80
39 25 59 54 49
24 26 62 63 61
25 26 63 63 62
26 26 63 64 62
27 26 63 64 62
28 26 59 59 57
29 26 38 38 36
30 26 25 25 24
31 26 33 33 32
32 26 52 52 50
33 26 61 61 59
34 26 63 63 61
35 26 67 66 63
36 26 127 122 117
37 26 98 92 86
38 26 60 56 52
26 27 62 62 60
27 27 63 64 62
28 27 62 62 60
29 27 44 45 43
30 27 14 14 13
31 27 4 4 4
32 27 24 25 24
33 27 52 53 51
34 27 69 68 66
35 27 118 114 109
36 27 114 107 101
37 27 62 57 53
28 28 62 62 60
29 28 56 56 55
30 28 44 44 43
31 28 28 28 27
32 28 26 27 27
33 28 47 48 47
34 28 111 108 104
35 28 111 105 99
36 28 62 59 55
29 29 59 59 58
30 29 59 60 58
31 29 57 57 56
32 29 58 58 56
33 29 98 95 91
34 29 114 110 104
35 29 62 59 56
31 30 62 61 60
32 30 79 76 72
33 30 121 116 108
34 30 61 58 53
33 31 49 45 41
