33 0 181 176 169
34 0 176 168 157
31 1 185 186 183
32 1 191 191 188
33 1 191 190 185
34 1 188 183 176
35 1 183 177 167
30 2 193 193 191
31 2 193 194 192
32 2 193 194 192
33 2 189 189 186
34 2 189 188 184
35 2 190 186 180
36 2 187 180 173
28 3 192 192 190
29 3 193 194 192
30 3 194 195 193
31 3 191 192 190
32 3 171 172 170
33 3 137 139 137
34 3 149 150 147
35 3 183 183 180
36 3 191 187 182
37 3 191 183 176
26 4 191 192 190
27 4 194 195 192
28 4 196 196 194
29 4 196 197 195
30 4 194 195 193
31 4 175 176 173
32 4 103 104 102
33 4 25 25 25
34 4 40 41 40
35 4 138 140 137
36 4 186 185 182
37 4 193 189 184
38 4 191 183 176
25 5 192 193 190
26 5 195 195 193
27 5 195 196 194
28 5 196 197 194
29 5 196 197 194
30 5 195 195 193
31 5 185 186 183
32 5 133 134 132
33 5 29 30 29
34 5 22 22 21
35 5 105 106 104
36 5 177 177 175
37 5 193 192 189
38 5 193 189 184
39 5 192 183 176
23 6 190 191 189
24 6 193 194 192
25 6 195 196 194
26 6 195 196 194
27 6 195 196 194
28 6 196 196 194
29 6 195 196 194
30 6 195 195 193
31 6 193 193 191
32 6 180 181 179
33 6 139 140 137
34 6 138 139 136
35 6 173 174 171
36 6 190 190 188
37 6 194 194 192
38 6 194 193 190
39 6 194 189 184
40 6 193 184 177
21 7 189 191 189
22 7 191 192 190
23 7 192 193 191
24 7 190 191 189
25 7 185 187 185
26 7 189 190 188
27 7 192 193 191
28 7 195 195 193
29 7 195 195 193
30 7 195 195 193
31 7 194 194 192
32 7 192 193 190
33 7 187 188 185
34 7 187 188 185
35 7 192 192 190
36 7 194 194 192
37 7 195 195 192
38 7 194 194 191
39 7 194 192 189
40 7 193 188 183
41 7 193 184 177
19 8 173 175 173
20 8 186 189 188
21 8 192 194 193
22 8 194 195 193
23 8 182 184 182
24 8 149 151 149
25 8 117 119 117
26 8 137 139 137
27 8 167 169 166
28 8 190 191 188
29 8 193 194 191
30 8 194 194 192
31 8 191 192 190
32 8 188 189 186
33 8 189 190 188
34 8 191 192 190
35 8 193 194 191
36 8 194 194 192
37 8 194 194 192
38 8 194 194 192
39 8 195 194 192
40 8 194 193 190
41 8 194 189 184
42 8 192 183 176
19 9 162 163 162
20 9 180 183 182
21 9 194 197 195
22 9 193 195 193
23 9 161 163 160
24 9 64 66 64
25 9 13 13 13
26 9 30 31 31
27 9 111 113 111
28 9 178 180 177
29 9 192 193 190
30 9 191 191 189
31 9 175 176 174
32 9 141 142 140
33 9 144 145 144
34 9 162 163 161
35 9 187 188 186
36 9 194 194 192
37 9 194 195 192
38 9 194 194 192
39 9 192 192 189
40 9 189 189 186
41 9 191 190 187
42 9 191 186 182
43 9 191 182 175
19 10 60 61 59
20 10 139 141 140
21 10 189 192 190
22 10 193 195 194
23 10 162 164 161
24 10 73 74 72
25 10 17 18 17
26 10 26 26 26
27 10 115 117 116
28 10 178 180 178
29 10 191 191 189
30 10 184 185 182
31 10 139 140 137
32 10 41 42 40
33 10 26 27 26
34 10 65 66 65
35 10 157 159 157
36 10 190 190 188
37 10 193 194 191
38 10 189 190 187
39 10 166 166 163
40 10 143 144 142
41 10 159 159 157
42 10 178 176 174
43 10 188 182 177
44 10 191 181 174
19 11 58 59 57
20 11 89 90 88
21 11 141 144 143
22 11 190 192 190
23 11 184 186 183
24 11 151 152 149
25 11 125 125 122
26 11 127 128 126
27 11 157 159 157
28 11 185 186 184
29 11 191 191 189
30 11 187 187 185
31 11 154 154 151
32 11 58 58 56
33 11 1 1 1
34 11 35 36 34
35 11 132 133 131
36 11 185 185 183
37 11 192 193 190
38 11 183 183 180
39 11 116 116 113
40 11 37 37 36
41 11 52 53 52
42 11 124 123 122
43 11 179 176 174
44 11 191 185 180
45 11 189 179 171
19 12 57 57 56
20 12 81 82 80
21 12 37 37 36
22 12 152 154 153
23 12 192 193 191
24 12 191 191 189
25 12 184 184 181
26 12 183 182 180
27 12 184 184 181
28 12 189 189 187
29 12 191 191 189
30 12 189 189 187
31 12 174 174 171
32 12 137 138 135
33 12 93 93 90
34 12 112 111 107
35 12 160 161 158
36 12 188 188 185
37 12 193 192 190
38 12 181 181 178
39 12 117 117 114
40 12 14 14 13
41 12 4 4 4
42 12 75 75 73
43 12 169 168 166
44 12 192 189 185
45 12 189 181 175
46 12 184 170 161
19 13 58 59 57
20 13 79 79 77
21 13 17 17 17
22 13 36 36 35
23 13 162 164 162
24 13 194 195 193
25 13 194 193 190
26 13 191 190 187
27 13 190 190 187
28 13 190 190 187
29 13 191 191 188
30 13 190 190 187
31 13 187 187 185
32 13 181 182 179
33 13 174 174 171
34 13 173 173 170
35 13 181 181 179
36 13 190 190 187
37 13 192 191 189
38 13 189 189 186
39 13 168 168 165
40 13 105 105 102
41 13 85 85 82
42 13 111 112 109
43 13 172 171 169
44 13 191 189 186
45 13 189 183 178
46 13 179 167 159
47 13 159 139 128
18 14 57 57 56
19 14 55 56 54
20 14 62 63 61
21 14 28 29 28
22 14 13 13 13
23 14 68 68 66
24 14 166 167 165
25 14 196 196 194
26 14 193 193 190
27 14 191 190 187
28 14 191 190 187
29 14 190 190 187
30 14 189 189 186
31 14 188 189 186
32 14 187 188 185
33 14 187 188 185
34 14 188 188 185
35 14 189 189 187
36 14 190 190 187
37 14 191 191 188
38 14 192 191 188
39 14 189 188 185
40 14 178 178 174
41 14 173 172 169
42 14 173 173 169
43 14 186 185 181
44 14 186 183 179
45 14 162 156 150
46 14 141 132 125
18 15 58 58 57
19 15 53 54 52
20 15 51 51 50
21 15 27 28 28
22 15 22 23 23
23 15 35 35 34
24 15 81 81 78
25 15 169 170 168
26 15 195 195 193
27 15 193 193 190
28 15 191 190 187
29 15 189 189 186
30 15 187 187 184
31 15 179 180 177
32 15 173 173 171
33 15 170 171 169
34 15 180 180 177
35 15 189 189 186
36 15 190 190 187
37 15 190 189 186
38 15 191 190 187
39 15 191 190 186
40 15 191 191 187
41 15 191 190 186
42 15 190 189 185
43 15 179 176 172
44 15 141 136 130
45 15 102 96 90
46 15 109 101 95
18 16 56 56 54
19 16 56 56 54
20 16 44 44 43
21 16 17 17 17
22 16 32 32 32
23 16 44 45 43
24 16 56 55 53
25 16 95 95 91
26 16 177 178 176
27 16 194 195 192
28 16 193 193 190
29 16 189 189 186
30 16 182 182 179
31 16 149 149 145
32 16 110 110 107
33 16 83 83 81
34 16 134 135 132
35 16 179 179 177
36 16 189 188 185
37 16 190 189 186
38 16 191 190 186
39 16 191 189 185
40 16 191 190 186
41 16 189 187 183
42 16 170 166 161
43 16 109 104 98
44 16 90 86 81
45 16 109 104 99
18 17 53 52 50
19 17 68 67 65
20 17 38 38 37
21 17 19 20 19
22 17 25 25 24
23 17 51 51 49
24 17 58 58 55
25 17 59 58 55
26 17 106 105 101
27 17 180 180 177
28 17 193 193 191
29 17 190 189 186
30 17 176 176 173
31 17 107 106 103
32 17 23 23 22
33 17 4 4 4
34 17 41 42 40
35 17 150 149 146
36 17 186 185 181
37 17 190 188 184
38 17 190 188 184
39 17 190 188 184
40 17 185 182 178
41 17 156 153 148
42 17 82 80 76
43 17 90 87 82
44 17 107 103 98
45 17 140 135 129
18 18 52 50 47
19 18 55 53 49
20 18 28 28 26
21 18 20 21 20
22 18 29 29 29
23 18 48 48 46
24 18 58 58 56
25 18 59 58 56
26 18 58 57 53
27 18 118 117 113
28 18 180 180 177
29 18 191 191 188
30 18 180 179 176
31 18 128 126 123
32 18 32 31 30
33 18 7 7 7
34 18 37 37 36
35 18 144 144 140
36 18 184 183 179
37 18 189 187 182
38 18 188 186 182
39 18 179 176 171
40 18 148 145 140
41 18 95 93 89
42 18 91 89 84
43 18 102 99 93
44 18 129 125 119
19 19 51 48 45
20 19 36 35 32
21 19 19 18 18
22 19 39 39 38
23 19 53 53 51
24 19 59 59 56
25 19 58 58 55
26 19 56 55 52
27 19 49 48 44
28 19 119 118 113
29 19 183 182 178
30 19 186 184 180
31 19 170 168 164
32 19 130 128 124
33 19 85 84 79
34 19 106 104 100
35 19 164 162 158
36 19 185 183 178
37 19 185 183 178
38 19 171 170 165
39 19 139 138 134
40 19 107 106 103
41 19 100 99 95
42 19 102 99 94
43 19 112 108 102
20 20 44 42 38
21 20 31 30 27
22 20 36 36 35
23 20 55 55 53
24 20 60 60 58
25 20 58 58 55
26 20 54 54 51
27 20 38 38 36
28 20 27 26 24
29 20 132 131 126
30 20 183 181 177
31 20 187 185 181
32 20 178 176 172
33 20 167 165 160
34 20 174 172 167
35 20 184 181 177
36 20 179 177 172
37 20 153 152 148
38 20 123 123 119
39 20 116 115 112
40 20 101 100 96
41 20 89 87 83
42 20 87 82 78
43 20 105 101 95
21 21 46 44 41
22 21 46 45 43
23 21 56 56 54
24 21 60 60 58
25 21 59 59 56
26 21 54 54 52
27 21 38 38 36
28 21 11 11 10
29 21 25 24 22
30 21 142 139 134
31 21 183 181 176
32 21 188 186 181
33 21 185 183 178
34 21 183 181 176
35 21 171 169 165
36 21 134 133 130
37 21 114 114 111
38 21 113 113 109
39 21 102 102 98
40 21 75 73 69
41 21 84 79 75
42 21 105 99 94
21 22 53 50 46
22 22 55 54 51
23 22 60 59 56
24 22 62 61 59
25 22 58 58 55
26 22 48 48 46
27 22 35 35 33
28 22 22 22 21
29 22 10 9 9
30 22 37 36 33
31 22 147 144 139
32 22 182 180 176
33 22 183 181 177
34 22 155 154 149
35 22 98 99 96
36 22 101 101 98
37 22 112 112 109
38 22 103 103 100
39 22 76 74 72
40 22 74 71 68
41 22 56 52 50
22 23 58 56 52
23 23 60 58 55
24 23 61 60 58
25 23 58 58 55
26 23 47 47 45
27 23 20 21 19
28 23 23 23 22
29 23 21 21 20
30 23 26 25 23
31 23 62 58 54
32 23 140 136 131
33 23 140 139 136
34 23 87 87 85
35 23 101 101 99
36 23 112 111 108
37 23 110 109 106
38 23 87 86 83
39 23 71 67 64
40 23 43 41 39
23 24 59 56 52
24 24 59 58 55
25 24 55 54 52
26 24 45 45 43
27 24 26 26 25
28 24 13 13 12
29 24 31 31 29
30 24 40 39 37
31 24 56 53 49
32 24 112 112 109
33 24 96 97 95
34 24 106 107 104
35 24 109 109 107
36 24 108 107 104
37 24 103 101 98
38 24 75 73 70
39 24 48 46 45
24 25 57 54 50
25 25 52 50 47
26 25 34 34 32
27 25 26 26 25
28 25 19 19 18
29 25 27 26 25
30 25 47 46 43
31 25 77 74 70
32 25 116 118 115
33 25 114 115 112
34 25 101 101 99
35 25 103 102 99
36 25 101 99 96
37 25 80 77 74
38 25 58 56 54
25 26 49 47 44
26 26 34 32 30
27 26 15 14 13
28 26 28 28 27
29 26 35 35 33
30 26 56 54 50
31 26 111 111 107
32 26 114 115 112
33 26 87 87 85
34 26 87 86 84
35 26 93 91 88
36 26 97 94 91
26 27 37 34 31
27 27 22 20 18
28 27 27 26 25
29 27 46 45 43
30 27 81 78 73
31 27 113 114 111
32 27 84 84 82
33 27 77 77 74
34 27 86 83 81
35 27 55 54 52
26 28 40 36 33
27 28 34 31 28
28 28 33 31 29
29 28 43 42 40
30 28 98 96 92
31 28 92 92 90
32 28 83 82 80
33 28 65 64 62
34 28 54 53 51
27 29 48 44 40
28 29 47 44 40
29 29 67 63 59
30 29 104 103 100
31 29 84 84 81
32 29 82 81 79
28 30 47 42 38
29 30 92 84 78
30 30 87 85 82
31 30 57 56 54
29 31 130 126 121
30 31 50 46 43
