34 0 169 162 153
32 1 187 187 184
33 1 190 189 185
34 1 185 181 175
35 1 177 171 162
31 2 191 192 190
32 2 194 195 193
33 2 193 193 191
34 2 188 188 184
35 2 184 181 176
36 2 180 174 167
30 3 195 196 194
31 3 196 197 195
32 3 194 195 193
33 3 178 179 177
34 3 149 150 148
35 3 165 165 161
36 3 182 178 173
37 3 185 177 170
28 4 196 197 195
29 4 198 199 196
30 4 198 199 197
31 4 197 197 195
32 4 190 191 188
33 4 147 148 146
34 4 51 52 51
35 4 89 90 88
36 4 160 159 156
37 4 185 180 176
38 4 187 178 171
27 5 196 197 195
28 5 198 199 197
29 5 199 200 198
30 5 198 199 196
31 5 197 198 196
32 5 193 193 191
33 5 171 172 170
34 5 104 104 102
35 5 19 19 18
36 5 108 109 107
37 5 176 175 172
38 5 188 184 180
39 5 187 178 172
25 6 192 193 191
26 6 197 198 196
27 6 198 199 197
28 6 199 200 198
29 6 199 199 197
30 6 198 198 196
31 6 197 198 195
32 6 196 196 194
33 6 191 191 189
34 6 168 168 166
35 6 126 126 124
36 6 154 155 152
37 6 184 184 182
38 6 189 189 186
39 6 189 185 180
40 6 188 178 172
24 7 196 198 197
25 7 197 198 197
26 7 198 199 198
27 7 194 196 194
28 7 185 187 185
29 7 189 190 188
30 7 194 195 193
31 7 197 197 195
32 7 196 196 194
33 7 194 195 192
34 7 190 191 188
35 7 184 184 182
36 7 187 187 185
37 7 190 191 188
38 7 190 190 188
39 7 189 188 186
40 7 187 183 179
41 7 187 178 171
23 8 181 183 182
24 8 195 197 196
25 8 199 201 200
26 8 194 196 194
27 8 160 162 160
28 8 103 105 104
29 8 126 129 127
30 8 166 168 165
31 8 191 192 189
32 8 195 195 193
33 8 194 195 192
34 8 191 192 189
35 8 188 189 186
36 8 190 191 188
37 8 191 192 189
38 8 191 191 188
39 8 190 190 188
40 8 189 188 186
41 8 188 183 179
42 8 185 177 170
22 9 62 63 62
23 9 151 153 152
24 9 187 190 190
25 9 201 203 202
26 9 194 195 193
27 9 139 141 138
28 9 26 26 26
29 9 17 18 18
30 9 106 108 106
31 9 176 177 175
32 9 194 194 192
33 9 191 191 189
34 9 167 168 165
35 9 147 149 147
36 9 163 165 163
37 9 184 185 182
38 9 191 191 189
39 9 190 190 188
40 9 189 189 186
41 9 186 185 183
42 9 184 179 175
43 9 184 175 169
21 10 63 64 63
22 10 68 69 68
23 10 112 113 111
24 10 137 140 139
25 10 191 194 193
26 10 197 199 197
27 10 164 165 163
28 10 71 72 70
29 10 16 17 16
30 10 74 76 75
31 10 168 169 168
32 10 192 193 190
33 10 186 186 184
34 10 134 134 131
35 10 46 47 46
36 10 73 74 73
37 10 150 151 149
38 10 184 185 183
39 10 189 190 187
40 10 181 182 179
41 10 158 158 156
42 10 163 162 160
43 10 175 170 166
44 10 179 169 163
21 11 63 64 62
22 11 124 126 123
23 11 68 69 67
24 11 52 53 51
25 11 135 138 136
26 11 191 193 192
27 11 192 193 191
28 11 164 165 162
29 11 136 136 134
30 11 143 143 142
31 11 177 178 177
32 11 192 192 190
33 11 190 190 187
34 11 160 160 157
35 11 76 76 74
36 11 10 10 10
37 11 96 98 96
38 11 173 174 172
39 11 187 188 185
40 11 170 170 168
41 11 93 94 91
42 11 81 81 80
43 11 136 133 131
44 11 173 166 162
45 11 181 172 166
20 12 64 65 63
21 12 118 120 117
22 12 91 92 90
23 12 32 33 31
24 12 21 21 21
25 12 39 40 38
26 12 135 137 136
27 12 191 192 191
28 12 196 197 195
29 12 191 191 189
30 12 188 188 185
31 12 189 190 187
32 12 193 193 190
33 12 192 192 189
34 12 181 182 179
35 12 146 146 143
36 12 103 104 101
37 12 126 126 123
38 12 174 174 171
39 12 189 189 186
40 12 175 175 172
41 12 109 109 106
42 12 14 14 13
43 12 73 73 72
44 12 161 159 156
45 12 180 174 169
46 12 177 167 159
19 13 64 64 62
20 13 80 80 78
21 13 117 118 115
22 13 59 60 58
23 13 19 20 19
24 13 2 2 2
25 13 12 12 11
26 13 39 40 38
27 13 134 135 133
28 13 191 192 191
29 13 199 199 197
30 13 196 195 192
31 13 194 193 190
32 13 192 192 189
33 13 192 192 189
34 13 189 189 186
35 13 183 183 181
36 13 174 174 171
37 13 173 172 170
38 13 183 183 180
39 13 189 189 186
40 13 185 185 182
41 13 161 161 158
42 13 103 103 99
43 13 87 87 85
44 13 152 151 149
45 13 180 178 174
46 13 179 171 165
47 13 171 157 148
19 14 67 67 65
20 14 126 127 124
21 14 68 69 67
22 14 48 49 48
23 14 32 33 32
24 14 9 10 10
25 14 2 2 2
26 14 22 22 21
27 14 52 52 50
28 14 139 140 137
29 14 190 191 190
30 14 197 198 195
31 14 195 195 192
32 14 193 193 190
33 14 192 192 189
34 14 190 190 188
35 14 188 189 186
36 14 186 187 185
37 14 186 187 184
38 14 188 188 185
39 14 188 188 185
40 14 189 188 185
41 14 184 184 180
42 14 171 170 166
43 14 163 163 159
44 14 172 171 168
45 14 182 180 177
46 14 181 176 172
47 14 174 163 156
18 15 63 64 62
19 15 115 115 113
20 15 96 97 95
21 15 28 29 28
22 15 23 24 23
23 15 32 33 33
24 15 27 29 28
25 15 14 14 14
26 15 27 28 26
27 15 52 52 50
28 15 60 60 57
29 15 136 137 134
30 15 189 190 188
31 15 197 197 195
32 15 194 194 191
33 15 192 192 189
34 15 189 189 186
35 15 182 182 179
36 15 174 174 172
37 15 172 172 170
38 15 183 183 180
39 15 187 187 184
40 15 189 188 185
41 15 188 187 183
42 15 187 186 182
43 15 185 184 181
44 15 184 183 179
45 15 182 180 176
46 15 181 178 173
17 16 61 62 60
18 16 82 83 80
19 16 109 110 108
20 16 54 55 53
21 16 17 17 17
22 16 2 2 2
23 16 16 17 17
24 16 38 39 39
25 16 43 44 43
26 16 48 48 46
27 16 55 55 53
28 16 59 59 56
29 16 60 59 56
30 16 135 135 132
31 16 188 188 186
32 16 197 197 194
33 16 194 194 191
34 16 188 188 185
35 16 164 164 161
36 16 113 114 111
37 16 93 93 91
38 16 152 152 149
39 16 183 182 180
40 16 188 186 183
41 16 188 186 183
42 16 187 186 181
43 16 186 184 180
44 16 185 183 178
45 16 184 181 177
17 17 60 59 57
18 17 119 119 116
19 17 59 60 58
20 17 43 44 42
21 17 27 29 28
22 17 8 9 9
23 17 5 6 5
24 17 34 35 33
25 17 55 56 54
26 17 58 58 56
27 17 59 59 56
28 17 59 58 56
29 17 58 58 55
30 17 59 58 55
31 17 131 130 126
32 17 187 187 184
33 17 195 195 192
34 17 190 189 186
35 17 157 156 153
36 17 49 49 47
37 17 5 5 5
38 17 81 81 79
39 17 162 161 157
40 17 186 184 180
41 17 187 185 181
42 17 186 184 179
43 17 185 183 178
44 17 184 182 178
16 18 52 48 43
17 18 86 81 74
18 18 81 80 77
19 18 23 23 22
20 18 15 15 15
21 18 24 25 25
22 18 27 28 27
23 18 21 21 20
24 18 39 40 38
25 18 57 57 55
26 18 60 60 57
27 18 59 59 56
28 18 58 58 55
29 18 58 58 55
30 18 57 56 53
31 18 57 56 53
32 18 129 128 124
33 18 185 185 182
34 18 192 192 189
35 18 174 174 170
36 18 104 103 100
37 18 19 18 17
38 18 36 36 35
39 18 145 145 141
40 18 184 182 178
41 18 186 184 179
42 18 186 184 179
43 18 185 183 178
17 19 70 66 59
18 19 53 51 48
19 19 26 26 24
20 19 2 2 2
21 19 13 14 13
22 19 39 40 39
23 19 50 51 49
24 19 54 54 52
25 19 58 58 56
26 19 60 60 58
27 19 59 59 56
28 19 58 58 55
29 19 58 57 54
30 19 54 53 50
31 19 50 49 45
32 19 48 46 43
33 19 126 125 120
34 19 182 181 177
35 19 187 185 181
36 19 167 165 161
37 19 122 121 116
38 19 98 96 92
39 19 156 153 149
40 19 183 180 176
41 19 185 183 178
42 19 185 182 177
18 20 54 51 46
19 20 41 39 36
20 20 20 19 18
21 20 11 11 10
22 20 39 40 38
23 20 58 58 56
24 20 61 61 59
25 20 60 59 57
26 20 60 59 57
27 20 59 59 57
28 20 58 58 55
29 20 57 57 54
30 20 49 49 46
31 20 29 29 27
32 20 19 18 16
33 20 34 33 31
34 20 125 123 118
35 20 180 178 173
36 20 187 185 181
37 20 178 176 172
38 20 171 169 163
39 20 181 179 174
40 20 184 182 177
41 20 184 182 177
19 21 50 47 43
20 21 45 44 41
21 21 40 40 38
22 21 48 49 47
23 21 59 59 57
24 21 61 61 59
25 21 61 61 58
26 21 60 60 57
27 21 59 59 56
28 21 57 57 54
29 21 55 55 52
30 21 44 44 42
31 21 16 16 16
32 21 1 1 1
33 21 11 10 9
34 21 32 31 29
35 21 121 119 114
36 21 177 175 171
37 21 187 185 181
38 21 186 184 179
39 21 184 181 176
40 21 184 181 177
41 21 183 180 175
20 22 57 54 50
21 22 58 56 53
22 22 59 59 57
23 22 62 61 59
24 22 62 62 59
25 22 61 60 58
26 22 60 60 57
27 22 57 57 55
28 22 49 49 47
29 22 41 41 39
30 22 37 37 36
31 22 26 26 24
32 22 8 8 7
33 22 1 0 0
34 22 16 16 14
35 22 43 41 38
36 22 120 116 111
37 22 174 171 166
38 22 184 182 177
39 22 185 183 177
40 22 184 181 176
21 23 59 56 52
22 23 60 58 55
23 23 62 61 59
24 23 61 61 59
25 23 61 61 58
26 23 60 60 58
27 23 56 56 53
28 23 37 37 35
29 23 13 13 12
30 23 17 17 16
31 23 28 28 27
32 23 25 26 24
33 23 13 13 12
34 23 20 19 18
35 23 43 42 39
36 23 50 48 44
37 23 108 101 95
38 23 166 160 155
39 23 183 181 176
22 24 60 56 52
23 24 61 59 55
24 24 61 61 58
25 24 60 59 57
26 24 56 56 54
27 24 53 53 50
28 24 36 37 35
29 24 10 10 10
30 24 1 1 1
31 24 17 17 16
32 24 38 37 35
33 24 40 39 37
34 24 43 42 39
35 24 49 47 44
36 24 57 53 49
37 24 56 51 46
38 24 73 65 59
23 25 58 55 51
24 25 60 58 55
25 25 56 56 54
26 25 39 39 37
27 25 31 31 29
28 25 34 34 32
29 25 26 26 26
30 25 10 10 10
31 25 10 9 9
32 25 37 37 34
33 25 51 50 47
34 25 55 53 49
35 25 50 47 44
36 25 49 46 42
37 25 45 42 38
24 26 58 55 51
25 26 53 51 48
26 26 26 26 24
27 26 4 4 4
28 26 13 13 12
29 26 34 34 32
30 26 35 35 34
31 26 31 30 29
32 26 46 45 42
33 26 63 61 57
34 26 52 50 46
35 26 50 47 43
25 27 51 48 44
26 27 33 31 28
27 27 9 8 8
28 27 4 4 4
29 27 29 29 27
30 27 50 50 48
31 27 52 51 48
32 27 63 61 57
33 27 53 50 47
34 27 51 48 44
26 28 41 36 33
27 28 32 29 26
28 28 22 21 20
29 28 33 33 31
30 28 53 52 49
31 28 65 63 59
32 28 60 57 53
33 28 53 51 47
27 29 49 45 41
28 29 50 47 43
29 29 52 50 47
30 29 65 62 58
31 29 65 62 58
32 29 54 52 48
28 30 53 47 42
29 30 60 54 48
30 30 53 50 46
31 30 53 50 46
29 31 49 41 35
30 31 49 42 36
