28 0 167 170 167
29 0 178 181 179
27 1 179 181 179
28 1 183 184 182
29 1 188 190 188
30 1 192 195 193
31 1 193 195 193
26 2 179 181 178
27 2 188 186 184
28 2 193 187 184
29 2 196 190 188
30 2 195 195 192
31 2 195 196 194
32 2 195 197 195
25 3 179 181 178
26 3 185 186 183
27 3 192 186 184
28 3 204 176 173
29 3 206 173 171
30 3 202 187 185
31 3 198 194 192
32 3 197 197 195
33 3 197 198 196
34 3 198 200 198
24 4 179 180 178
25 4 185 184 182
26 4 192 184 182
27 4 196 184 182
28 4 203 174 173
29 4 210 144 143
30 4 209 160 160
31 4 206 175 174
32 4 203 189 187
33 4 200 198 196
34 4 199 200 198
35 4 201 203 201
23 5 179 179 177
24 5 185 183 181
25 5 191 182 180
26 5 200 171 170
27 5 203 157 157
28 5 204 166 167
29 5 208 156 157
30 5 210 139 137
31 5 210 152 151
32 5 208 173 171
33 5 203 195 192
34 5 200 201 199
35 5 201 203 201
36 5 203 205 202
22 6 178 178 177
23 6 183 182 180
24 6 191 182 180
25 6 199 170 169
26 6 201 164 165
27 6 202 162 164
28 6 204 154 155
29 6 204 169 169
30 6 203 180 178
31 6 203 187 185
32 6 202 193 191
33 6 200 198 196
34 6 199 201 198
35 6 201 203 200
36 6 203 205 202
37 6 204 206 203
38 6 204 206 204
21 7 177 177 175
22 7 183 180 178
23 7 188 179 177
24 7 196 168 166
25 7 200 153 153
26 7 201 162 163
27 7 199 173 173
28 7 197 182 181
29 7 195 187 185
30 7 194 193 191
31 7 195 196 193
32 7 196 198 195
33 7 198 200 197
34 7 199 201 199
35 7 202 203 201
36 7 203 204 202
37 7 205 206 203
38 7 205 207 204
39 7 205 206 202
20 8 176 176 174
21 8 182 178 176
22 8 188 176 174
23 8 193 167 166
24 8 197 148 147
25 8 199 148 147
26 8 196 175 175
27 8 192 182 181
28 8 187 186 183
29 8 186 188 185
30 8 192 194 191
31 8 193 195 192
32 8 195 198 195
33 8 198 200 197
34 8 200 201 199
35 8 201 203 200
36 8 203 205 202
37 8 205 206 203
38 8 205 206 202
39 8 204 202 197
40 8 197 191 183
19 9 175 173 170
20 9 180 176 174
21 9 185 174 172
22 9 192 159 157
23 9 193 161 161
24 9 193 169 168
25 9 193 172 170
26 9 186 180 179
27 9 173 174 172
28 9 157 159 156
29 9 154 157 154
30 9 181 184 181
31 9 193 196 193
32 9 197 198 196
33 9 198 200 197
34 9 199 201 198
35 9 201 202 200
36 9 203 204 201
37 9 204 205 202
38 9 204 203 199
39 9 201 197 189
40 9 198 193 186
41 9 204 202 197
18 10 174 171 168
19 10 178 173 171
20 10 183 169 166
21 10 189 148 145
22 10 193 125 123
23 10 193 150 150
24 10 190 170 169
25 10 186 181 179
26 10 167 168 165
27 10 120 122 120
28 10 71 73 71
29 10 80 83 82
30 10 162 165 162
31 10 192 195 192
32 10 197 198 196
33 10 198 200 197
34 10 199 201 198
35 10 201 202 199
36 10 202 203 200
37 10 202 202 198
38 10 201 198 192
39 10 201 197 191
40 10 196 195 191
41 10 201 200 197
42 10 204 204 202
17 11 172 168 163
18 11 176 170 166
19 11 181 166 163
20 11 186 144 141
21 11 189 99 97
22 11 191 101 100
23 11 192 155 155
24 11 187 177 175
25 11 180 179 177
26 11 146 148 145
27 11 55 57 55
28 11 9 9 9
29 11 75 79 77
30 11 168 171 169
31 11 193 196 193
32 11 196 198 195
33 11 198 200 197
34 11 199 201 198
35 11 200 201 198
36 11 200 200 196
37 11 199 196 190
38 11 197 194 189
39 11 183 183 179
40 11 184 184 182
41 11 193 194 191
42 11 202 202 200
16 12 164 159 153
17 12 171 168 162
18 12 177 167 163
19 12 184 149 145
20 12 187 123 122
21 12 188 95 94
22 12 189 107 106
23 12 190 164 163
24 12 185 183 180
25 12 178 180 177
26 12 138 141 138
27 12 70 73 71
28 12 75 77 76
29 12 151 154 151
30 12 187 190 187
31 12 195 197 194
32 12 197 198 195
33 12 197 199 196
34 12 199 200 197
35 12 199 199 195
36 12 198 195 189
37 12 192 190 185
38 12 156 156 153
39 12 107 108 106
40 12 135 136 133
41 12 185 186 183
42 12 193 194 191
43 12 200 200 198
16 13 163 157 150
17 13 169 166 160
18 13 175 168 163
19 13 183 149 144
20 13 187 122 120
21 13 187 115 115
22 13 189 129 127
23 13 187 172 170
24 13 185 185 182
25 13 182 184 181
26 13 168 170 168
27 13 160 163 160
28 13 168 170 168
29 13 187 189 186
30 13 193 195 191
31 13 195 197 194
32 13 196 198 194
33 13 197 198 195
34 13 197 197 193
35 13 196 193 187
36 13 195 192 188
37 13 160 159 157
38 13 67 68 67
39 13 21 22 21
40 13 123 124 122
41 13 180 181 178
42 13 188 188 186
43 13 192 193 191
44 13 196 197 195
17 14 168 165 159
18 14 172 169 164
19 14 177 166 162
20 14 186 146 143
21 14 188 130 128
22 14 188 143 141
23 14 185 177 174
24 14 184 185 182
25 14 186 187 185
26 14 186 187 184
27 14 187 188 186
28 14 190 191 188
29 14 192 194 190
30 14 193 194 191
31 14 195 197 193
32 14 196 197 194
33 14 197 196 192
34 14 195 192 186
35 14 196 193 188
36 14 184 184 182
37 14 131 132 130
38 14 21 21 21
39 14 81 81 79
40 14 161 161 159
41 14 185 185 183
42 14 186 186 184
43 14 184 185 182
44 14 195 196 194
18 15 170 168 163
19 15 174 172 168
20 15 180 170 167
21 15 186 153 149
22 15 187 156 153
23 15 184 179 177
24 15 184 185 182
25 15 185 187 184
26 15 187 189 186
27 15 189 191 188
28 15 190 192 188
29 15 192 194 190
30 15 193 194 190
31 15 195 195 192
32 15 195 194 190
33 15 194 191 185
34 15 194 192 187
35 15 190 190 186
36 15 183 184 181
37 15 152 153 152
38 15 115 116 114
39 15 151 152 149
40 15 179 180 177
41 15 184 185 182
42 15 184 185 182
43 15 183 184 181
44 15 185 185 183
45 15 190 191 188
18 16 166 164 159
19 16 173 171 166
20 16 176 175 171
21 16 182 173 170
22 16 185 174 170
23 16 184 182 179
24 16 185 186 183
25 16 187 188 185
26 16 188 189 186
27 16 189 191 187
28 16 191 192 189
29 16 192 193 190
30 16 193 194 190
31 16 194 193 189
32 16 194 190 183
33 16 195 191 186
34 16 190 189 185
35 16 189 189 186
36 16 185 185 182
37 16 179 179 176
38 16 175 176 173
39 16 180 180 177
40 16 183 183 180
41 16 183 183 181
42 16 182 182 180
43 16 180 180 178
44 16 180 180 178
45 16 183 183 181
19 17 170 168 162
20 17 175 173 169
21 17 178 177 173
22 17 182 181 178
23 17 184 184 181
24 17 185 186 183
25 17 187 188 184
26 17 189 189 186
27 17 190 191 187
28 17 191 192 188
29 17 192 192 188
30 17 193 192 187
31 17 192 187 181
32 17 193 189 183
33 17 188 187 183
34 17 187 187 183
35 17 186 186 183
36 17 184 184 181
37 17 183 183 180
38 17 182 182 179
39 17 181 182 179
40 17 181 181 179
41 17 179 180 177
42 17 178 179 176
43 17 177 178 175
44 17 176 176 174
45 17 174 175 172
46 17 182 183 181
20 18 174 172 167
21 18 178 177 172
22 18 180 180 176
23 18 183 184 180
24 18 186 186 183
25 18 188 188 185
26 18 189 190 186
27 18 190 190 186
28 18 190 190 186
29 18 192 190 185
30 18 190 186 179
31 18 191 187 181
32 18 185 184 180
33 18 186 185 182
34 18 185 184 181
35 18 184 183 180
36 18 183 183 180
37 18 181 182 178
38 18 179 180 177
39 18 179 179 176
40 18 179 179 176
41 18 176 177 174
42 18 176 176 173
43 18 175 175 172
44 18 173 174 171
45 18 172 173 171
46 18 167 169 167
47 18 171 173 171
21 19 178 176 171
22 19 180 178 174
23 19 183 182 178
24 19 185 186 182
25 19 187 187 183
26 19 189 189 185
27 19 189 189 185
28 19 189 187 182
29 19 190 184 177
30 19 190 186 180
31 19 185 184 179
32 19 184 183 179
33 19 184 183 180
34 19 182 181 178
35 19 182 182 179
36 19 180 180 177
37 19 178 178 175
38 19 177 178 175
39 19 177 177 174
40 19 176 176 173
41 19 175 175 172
42 19 173 174 170
43 19 171 172 168
44 19 173 173 170
45 19 167 168 167
46 19 137 139 138
22 20 180 178 173
23 20 181 180 175
24 20 184 184 180
25 20 186 186 182
26 20 187 187 183
27 20 188 186 181
28 20 187 182 174
29 20 188 183 177
30 20 184 182 178
31 20 182 181 178
32 20 181 181 177
33 20 181 181 178
34 20 180 179 176
35 20 179 178 175
36 20 178 178 175
37 20 176 176 173
38 20 176 176 173
39 20 175 175 172
40 20 173 173 170
41 20 172 172 169
42 20 171 171 168
43 20 171 172 169
44 20 167 168 166
45 20 143 145 143
23 21 179 177 171
24 21 182 180 175
25 21 185 183 178
26 21 186 183 177
27 21 185 178 170
28 21 187 181 175
29 21 183 180 176
30 21 181 180 176
31 21 180 179 175
32 21 179 178 174
33 21 178 178 174
34 21 177 176 173
35 21 176 176 173
36 21 175 175 172
37 21 174 174 171
38 21 173 173 170
39 21 171 171 168
40 21 171 171 168
41 21 170 170 167
42 21 170 170 167
43 21 166 168 165
44 21 149 150 148
45 21 57 58 57
24 22 180 176 169
25 22 180 174 165
26 22 181 170 161
27 22 185 176 168
28 22 179 176 171
29 22 180 178 174
30 22 178 177 173
31 22 177 177 173
32 22 176 176 172
33 22 175 175 171
34 22 175 174 171
35 22 174 174 171
36 22 173 173 170
37 22 172 172 169
38 22 170 170 167
39 22 169 169 166
40 22 168 168 165
41 22 169 169 166
42 22 165 166 164
43 22 147 149 147
44 22 57 59 57
25 23 171 157 144
26 23 177 163 152
27 23 176 170 163
28 23 176 174 170
29 23 178 176 172
30 23 177 175 172
31 23 176 175 171
32 23 173 173 169
33 23 172 172 168
34 23 172 172 169
35 23 171 171 168
36 23 169 169 166
37 23 168 168 165
38 23 167 167 164
39 23 166 165 162
40 23 167 167 163
41 23 165 165 162
42 23 150 151 149
43 23 57 58 57
26 24 174 164 155
27 24 176 170 163
28 24 173 170 165
29 24 174 172 168
30 24 175 173 169
31 24 174 172 168
32 24 172 171 167
33 24 169 169 165
34 24 168 167 164
35 24 157 157 154
36 24 145 145 142
37 24 153 153 149
38 24 164 164 160
39 24 166 165 162
40 24 164 164 161
41 24 150 151 148
42 24 57 58 56
27 25 174 168 161
28 25 175 171 165
29 25 170 167 162
30 25 171 169 165
31 25 171 170 166
32 25 169 168 164
33 25 166 166 161
34 25 147 147 143
35 25 94 95 93
36 25 71 72 70
37 25 129 129 126
38 25 161 161 157
39 25 163 163 160
40 25 145 145 143
41 25 57 57 55
28 26 170 164 158
29 26 173 169 163
30 26 168 165 160
31 26 168 166 162
32 26 166 165 161
33 26 156 155 152
34 26 100 100 97
35 26 17 18 17
36 26 58 58 55
37 26 140 140 136
38 26 159 159 156
39 26 144 145 142
40 26 57 57 55
29 27 164 158 152
30 27 169 164 158
31 27 163 160 155
32 27 162 160 156
33 27 146 145 141
34 27 75 74 72
35 27 60 58 55
36 27 117 116 111
37 27 151 150 146
38 27 143 143 140
39 27 57 57 55
30 28 160 154 148
31 28 162 157 151
32 28 158 154 149
33 28 149 147 142
34 28 124 122 117
35 28 135 132 127
36 28 147 145 140
37 28 140 139 135
38 28 54 54 51
32 29 157 151 144
33 29 152 147 141
34 29 150 146 140
35 29 151 148 142
36 29 138 136 131
37 29 54 53 50
33 30 148 141 133
34 30 144 138 131
35 30 134 131 125
36 30 50 49 45
34 31 131 123 115
35 31 42 39 35
