34 0 167 160 150
32 1 185 185 181
33 1 190 189 185
34 1 184 181 175
35 1 175 169 160
31 2 193 194 192
32 2 194 194 192
33 2 193 193 191
34 2 189 188 185
35 2 184 181 175
36 2 179 173 166
30 3 194 195 192
31 3 196 197 195
32 3 195 196 194
33 3 184 185 183
34 3 154 155 153
35 3 164 163 160
36 3 180 177 173
37 3 184 176 169
29 4 198 199 197
30 4 198 199 197
31 4 198 198 196
32 4 194 194 192
33 4 164 165 162
34 4 69 70 69
35 4 81 83 81
36 4 156 156 153
37 4 183 179 174
38 4 186 176 169
27 5 194 195 193
28 5 199 200 198
29 5 200 201 199
30 5 199 200 197
31 5 198 199 196
32 5 195 196 193
33 5 181 182 179
34 5 126 127 124
35 5 30 30 29
36 5 95 96 94
37 5 171 171 168
38 5 187 183 178
39 5 186 176 169
26 6 197 199 197
27 6 197 199 197
28 6 199 200 198
29 6 199 200 198
30 6 199 199 197
31 6 198 198 196
32 6 197 197 195
33 6 194 194 192
34 6 176 177 175
35 6 133 133 131
36 6 142 143 141
37 6 180 181 179
38 6 188 188 185
39 6 188 184 180
40 6 186 176 169
25 7 196 198 196
26 7 198 200 198
27 7 199 200 199
28 7 191 193 191
29 7 186 187 185
30 7 192 193 191
31 7 196 197 194
32 7 196 197 194
33 7 195 195 193
34 7 192 192 190
35 7 185 185 183
36 7 185 186 183
37 7 189 190 187
38 7 190 190 187
39 7 188 187 185
40 7 186 182 177
41 7 185 176 169
24 8 183 185 184
25 8 196 198 197
26 8 200 201 200
27 8 191 193 191
28 8 144 146 144
29 8 114 117 115
30 8 146 148 146
31 8 180 181 179
32 8 194 195 192
33 8 195 196 193
34 8 193 193 191
35 8 188 189 187
36 8 189 190 188
37 8 190 191 188
38 8 190 190 188
39 8 190 189 187
40 8 188 187 184
41 8 186 182 178
42 8 184 175 168
23 9 75 76 75
24 9 161 163 162
25 9 193 195 195
26 9 200 203 201
27 9 189 191 189
28 9 120 122 119
29 9 24 24 24
30 9 46 48 47
31 9 143 144 142
32 9 188 189 186
33 9 194 194 192
34 9 181 182 179
35 9 151 152 150
36 9 158 159 158
37 9 178 179 177
38 9 189 190 188
39 9 189 190 187
40 9 188 188 185
41 9 186 185 182
42 9 183 178 174
43 9 182 172 166
22 10 63 64 63
23 10 124 126 123
24 10 95 96 95
25 10 148 151 150
26 10 194 197 196
27 10 195 197 196
28 10 156 157 155
29 10 68 69 67
30 10 31 32 31
31 10 120 122 120
32 10 183 184 182
33 10 192 192 190
34 10 168 168 165
35 10 81 81 79
36 10 50 51 50
37 10 129 131 129
38 10 178 179 177
39 10 189 189 187
40 10 183 184 181
41 10 161 161 159
42 10 163 162 159
43 10 174 169 164
44 10 178 167 161
21 11 63 64 62
22 11 95 96 94
23 11 116 117 114
24 11 62 63 61
25 11 53 54 52
26 11 147 149 148
27 11 193 195 194
28 11 187 189 187
29 11 162 163 160
30 11 139 139 137
31 11 157 158 157
32 11 185 186 184
33 11 193 193 191
34 11 181 181 179
35 11 126 126 123
36 11 32 33 31
37 11 54 55 54
38 11 156 157 155
39 11 186 186 184
40 11 176 177 174
41 11 110 110 107
42 11 81 82 80
43 11 136 133 130
44 11 171 165 160
45 11 179 169 163
21 12 80 81 78
22 12 129 130 127
23 12 60 61 60
24 12 22 23 22
25 12 24 24 23
26 12 44 44 43
27 12 145 147 146
28 12 193 195 193
29 12 197 198 196
30 12 190 190 188
31 12 188 188 186
32 12 192 192 189
33 12 192 192 190
34 12 189 190 187
35 12 167 167 164
36 12 122 122 120
37 12 105 104 101
38 12 158 158 155
39 12 186 186 184
40 12 180 180 178
41 12 128 128 125
42 12 24 24 23
43 12 70 69 68
44 12 159 156 154
45 12 177 172 167
46 12 174 163 156
20 13 72 73 70
21 13 131 132 129
22 13 83 84 82
23 13 38 39 38
24 13 8 8 8
25 13 1 1 1
26 13 17 17 17
27 13 46 46 44
28 13 147 149 147
29 13 194 196 194
30 13 198 199 197
31 13 196 196 193
32 13 193 193 190
33 13 192 192 189
34 13 191 191 188
35 13 186 187 184
36 13 178 179 176
37 13 171 171 169
38 13 177 177 174
39 13 187 187 184
40 13 187 186 183
41 13 169 168 165
42 13 114 114 111
43 13 80 80 78
44 13 147 147 144
45 13 178 175 171
46 13 176 168 162
47 13 167 153 144
19 14 63 63 62
20 14 126 127 125
21 14 101 101 99
22 14 50 51 50
23 14 42 43 43
24 14 21 22 21
25 14 3 4 3
26 14 4 4 3
27 14 31 31 29
28 14 57 57 54
29 14 147 148 146
30 14 193 194 192
31 14 199 199 196
32 14 195 195 192
33 14 193 193 190
34 14 192 191 189
35 14 190 190 187
36 14 187 188 185
37 14 186 186 184
38 14 187 187 184
39 14 187 187 184
40 14 188 188 185
41 14 185 185 182
42 14 173 172 169
43 14 162 161 157
44 14 169 168 164
45 14 180 178 174
46 14 179 174 169
47 14 177 168 161
18 15 63 64 62
19 15 113 113 111
20 15 108 109 107
21 15 42 42 41
22 15 21 21 20
23 15 29 30 30
24 15 32 34 34
25 15 21 22 21
26 15 14 14 14
27 15 36 36 35
28 15 55 55 52
29 15 61 61 58
30 15 145 146 143
31 15 193 194 192
32 15 197 197 195
33 15 195 194 192
34 15 191 191 188
35 15 189 189 186
36 15 179 179 177
37 15 172 172 170
38 15 176 177 174
39 15 185 185 182
40 15 188 187 184
41 15 187 186 183
42 15 186 185 182
43 15 185 184 180
44 15 183 182 178
45 15 181 179 175
46 15 179 176 172
17 16 62 62 60
18 16 94 94 92
19 16 117 118 115
20 16 64 65 63
21 16 24 25 24
22 16 3 3 3
23 16 7 8 8
24 16 30 31 31
25 16 43 44 43
26 16 44 44 43
27 16 50 50 49
28 16 57 57 55
29 16 59 59 56
30 16 60 60 57
31 16 144 144 141
32 16 191 191 189
33 16 198 198 195
34 16 193 193 190
35 16 186 185 183
36 16 153 153 150
37 16 104 104 101
38 16 124 125 122
39 16 169 169 166
40 16 185 185 181
41 16 187 186 182
42 16 186 185 181
43 16 185 183 179
44 16 184 182 178
45 16 182 180 176
17 17 80 79 75
18 17 121 121 118
19 17 66 67 65
20 17 44 45 44
21 17 32 33 32
22 17 12 13 13
23 17 2 2 2
24 17 20 21 20
25 17 49 49 48
26 17 58 58 56
27 17 59 58 56
28 17 59 59 56
29 17 58 58 55
30 17 59 58 55
31 17 59 57 54
32 17 141 141 136
33 17 190 190 187
34 17 195 195 192
35 17 187 186 183
36 17 143 142 139
37 17 37 36 35
38 17 31 31 30
39 17 125 124 121
40 17 177 176 173
41 17 186 184 180
42 17 185 183 179
43 17 184 182 178
44 17 183 181 176
16 18 53 49 44
17 18 108 104 97
18 18 75 75 72
19 18 23 23 22
20 18 15 15 15
21 18 23 24 24
22 18 28 29 29
23 18 20 20 20
24 18 30 31 29
25 18 52 52 50
26 18 59 59 57
27 18 59 59 57
28 18 58 58 56
29 18 59 58 55
30 18 58 57 54
31 18 58 56 53
32 18 57 56 52
33 18 140 138 134
34 18 187 187 184
35 18 191 190 187
36 18 166 165 161
37 18 96 94 91
38 18 25 24 23
39 18 88 88 85
40 18 168 167 163
41 18 185 183 178
42 18 185 183 178
43 18 184 182 177
44 18 183 180 175
17 19 79 74 67
18 19 55 53 49
19 19 23 23 22
20 19 2 2 1
21 19 10 10 10
22 19 36 37 36
23 19 49 50 48
24 19 52 53 51
25 19 57 57 54
26 19 60 60 58
27 19 59 59 57
28 19 58 58 56
29 19 58 58 55
30 19 57 56 53
31 19 53 52 49
32 19 49 48 44
33 19 48 47 43
34 19 135 134 129
35 19 184 183 179
36 19 182 181 177
37 19 160 159 154
38 19 121 119 114
39 19 119 117 112
40 19 171 169 164
41 19 184 182 177
42 19 184 181 176
43 19 184 181 176
18 20 54 51 46
19 20 39 38 35
20 20 18 18 17
21 20 8 9 8
22 20 35 36 34
23 20 57 57 55
24 20 61 61 59
25 20 60 60 57
26 20 60 60 57
27 20 60 59 57
28 20 59 59 56
29 20 58 58 55
30 20 55 55 52
31 20 43 43 40
32 20 23 23 21
33 20 21 20 19
34 20 38 37 34
35 20 132 130 125
36 20 181 179 175
37 20 185 183 179
38 20 176 174 169
39 20 174 172 167
40 20 182 180 175
41 20 183 181 176
42 20 184 181 176
19 21 50 47 43
20 21 44 42 40
21 21 38 38 37
22 21 47 47 45
23 21 59 59 57
24 21 61 61 59
25 21 61 61 59
26 21 60 60 58
27 21 59 59 56
28 21 58 58 55
29 21 56 56 53
30 21 52 52 50
31 21 35 35 33
32 21 7 7 7
33 21 1 1 1
34 21 13 13 12
35 21 37 36 33
36 21 132 129 124
37 21 179 176 172
38 21 186 184 180
39 21 185 182 178
40 21 184 181 176
41 21 183 181 176
20 22 57 54 50
21 22 58 56 53
22 22 59 59 56
23 22 62 61 59
24 22 62 62 59
25 22 61 61 58
26 22 60 60 58
27 22 59 59 56
28 22 53 53 50
29 22 45 44 42
30 22 39 39 37
31 22 35 35 33
32 22 18 19 18
33 22 2 2 2
34 22 2 2 2
35 22 22 22 20
36 22 45 44 41
37 22 126 122 117
38 22 173 170 165
39 22 183 181 176
40 22 184 182 177
21 23 59 56 52
22 23 61 59 56
23 23 62 61 59
24 23 61 61 59
25 23 61 61 58
26 23 61 60 58
27 23 58 58 55
28 23 46 46 44
29 23 20 20 19
30 23 11 11 11
31 23 23 23 22
32 23 30 30 29
33 23 21 21 20
34 23 12 12 11
35 23 27 26 24
36 23 46 44 41
37 23 51 48 44
38 23 117 109 102
39 23 167 161 156
40 23 178 175 171
22 24 59 56 52
23 24 61 59 56
24 24 61 61 58
25 24 60 60 58
26 24 57 57 54
27 24 54 54 52
28 24 44 44 42
29 24 17 17 16
30 24 1 1 1
31 24 7 7 6
32 24 29 29 27
33 24 41 40 38
34 24 40 39 37
35 24 46 44 41
36 24 49 47 43
37 24 49 46 42
38 24 47 43 39
39 24 42 37 33
23 25 59 55 51
24 25 60 58 55
25 25 57 57 54
26 25 41 41 40
27 25 31 31 30
28 25 35 35 33
29 25 30 30 29
30 25 15 15 15
31 25 4 4 4
32 25 24 23 22
33 25 47 46 44
34 25 52 51 47
35 25 59 57 52
36 25 50 47 43
37 25 46 43 39
24 26 59 55 51
25 26 54 52 49
26 26 28 27 26
27 26 5 4 4
28 26 10 10 9
29 26 30 30 29
30 26 38 38 36
31 26 29 29 27
32 26 39 39 37
33 26 51 50 47
34 26 60 57 53
35 26 52 49 46
36 26 51 48 44
25 27 52 48 44
26 27 34 31 29
27 27 9 8 8
28 27 3 3 2
29 27 22 22 21
30 27 48 47 45
31 27 52 51 48
32 27 58 56 53
33 27 59 57 53
34 27 53 50 46
35 27 50 47 43
26 28 41 36 33
27 28 31 28 26
28 28 21 20 19
29 28 29 28 27
30 28 50 50 47
31 28 62 60 57
32 28 54 52 48
33 28 52 50 46
27 29 49 44 40
28 29 49 46 42
29 29 52 50 46
30 29 65 63 59
31 29 54 51 48
32 29 52 50 46
28 30 53 47 42
29 30 60 53 48
30 30 56 52 48
31 30 54 51 47
29 31 49 41 35
30 31 50 44 39
